342,0.00
54,0.20
799,0.00
25,0.41
709,0.00
51,0.00
12,0.00
2,0.00
799,6.94
248,7.10
516,7.26
984,1.89
380,0.00
387,7.69
229,7.72
425,0.62
196,8.01
557,8.05
506,0.78
432,8.29
5,0.88
987,0.00
577,8.62
382,8.55
730,0.00
397,8.71
616,8.74
219,8.83
435,1.57
244,0.00
69,1.40
817,0.00
968,9.13
313,9.16
446,9.35
612,2.05
460,0.00
550,9.63
766,2.10
550,0.00
474,9.98
117,9.95
703,0.00
233,10.17
717,2.46
645,0.00
158,10.45
847,2.82
300,10.86
255,11.05
42,3.39
973,0.00
685,11.25
44,11.40
793,3.41
600,11.52
591,3.58
22,11.82
112,3.82
424,0.00
451,0.00
530,11.94
647,12.01
472,12.02
146,3.85
668,12.09
812,12.10
256,0.00
266,12.25
82,3.95
776,12.27
460,12.33
173,4.00
782,0.00
697,12.44
942,4.07
270,0.00
716,12.78
118,12.87
162,12.93
23,4.29
68,0.00
541,4.26
379,0.00
27,13.04
404,12.95
495,12.97
654,4.29
730,13.08
313,13.10
945,4.45
694,13.14
194,4.23
922,13.25
175,13.26
798,13.24
357,13.29
107,4.56
255,13.37
260,13.40
827,0.00
442,13.37
344,4.23
830,13.55
265,4.46
686,13.64
294,13.64
909,4.43
369,4.32
525,13.89
391,13.86
726,0.00
967,13.95
785,14.03
693,13.97
722,4.86
516,4.66
715,4.72
643,18.12
708,0.00
628,14.44
180,14.53
742,0.00
848,0.00
446,14.75
543,5.02
970,14.78
551,14.82
330,14.92
910,15.00
670,5.37
99,15.30
352,5.50
394,15.29
204,5.35
231,5.35
888,15.40
209,15.39
537,5.54
298,5.43
1000,15.40
483,5.42
305,15.37
719,15.40
154,15.46
561,5.28
705,5.35
178,15.65
141,5.42
570,15.57
462,5.39
315,15.65
202,15.73
887,15.72
794,5.47
280,15.76
2,5.62
204,15.83
518,15.71
259,5.58
554,0.00
39,15.92
471,15.96
17,5.80
454,0.00
349,17.72
524,16.01
616,5.77
482,16.15
319,5.85
200,16.15
298,5.91
885,0.00
461,16.19
565,16.30
340,16.32
505,16.37
429,6.25
561,16.35
821,19.77
205,6.30
384,6.23
465,0.00
272,6.42
949,0.00
727,0.00
326,6.40
599,0.00
724,6.49
472,6.55
760,0.00
899,6.54
260,6.50
12,6.50
908,0.00
451,6.51
917,0.00
751,0.00
489,6.53
272,6.47
501,6.32
597,6.41
214,6.48
530,0.00
644,6.29
588,6.24
200,6.34
185,6.51
834,0.00
969,6.43
687,0.00
465,11.57
744,11.53
670,6.23
40,6.14
661,0.00
398,6.20
101,6.18
367,0.00
577,6.28
925,0.00
130,6.40
540,0.00
747,0.00
285,6.32
257,6.39
998,21.86
394,11.84
610,21.93
997,11.91
545,0.00
60,6.44
230,6.50
681,6.51
138,6.52
548,6.47
760,6.57
563,0.00
428,6.63
441,0.00
698,6.60
390,6.68
184,6.71
221,6.70
481,0.00
23,6.55
64,6.55
246,6.55
837,6.48
473,6.57
711,6.66
310,0.00
988,6.50
174,6.46
19,6.50
809,22.72
490,6.45
68,0.00
515,6.46
512,0.00
307,6.26
174,6.11
362,6.14
355,6.30
781,0.00
380,6.18
324,6.22
160,6.11
592,6.05
714,0.00
894,0.00
982,6.12
428,6.29
127,6.21
53,6.23
596,0.00
369,0.00
432,6.00
606,6.07
31,6.04
665,5.97
402,6.03
527,0.00
536,6.06
213,6.02
342,5.84
4,5.87
54,5.73
613,0.00
836,12.01
232,5.70
923,12.01
990,17.29
525,5.86
57,5.66
937,5.75
171,5.73
2,5.81
115,5.60
722,5.60
181,5.61
721,0.00
562,5.53
119,5.70
264,5.62
437,12.15
251,5.61
602,12.01
515,5.69
998,5.75
51,5.38
211,5.45
554,0.00
942,5.56
572,5.56
623,5.50
238,5.55
367,5.45
342,5.41
850,0.00
499,5.40
417,5.61
195,5.58
239,5.66
516,0.00
164,5.59
694,5.65
955,0.00
21,5.65
496,0.00
107,12.08
461,5.69
520,12.09
820,5.45
311,11.93
257,11.84
236,5.62
674,5.62
509,5.43
677,5.70
689,11.94
394,5.53
575,0.00
505,5.33
171,5.41
156,5.41
552,5.20
765,0.00
659,0.00
362,5.24
212,5.21
135,5.19
525,0.00
810,5.15
418,5.22
688,0.00
259,5.33
333,5.26
407,5.30
115,5.27
608,0.00
520,5.25
677,5.27
22,5.31
829,5.31
863,0.00
976,0.00
980,5.47
508,5.33
505,11.24
743,5.52
102,5.53
352,5.41
764,5.49
37,5.53
531,0.00
874,5.57
478,5.66
226,5.53
427,5.43
559,0.00
509,5.59
800,11.11
557,5.53
188,5.52
601,5.53
27,5.55
42,5.43
805,5.46
606,5.62
135,5.38
224,0.00
833,5.39
699,0.00
451,5.45
609,5.23
112,0.00
607,0.00
534,5.38
699,0.00
539,5.63
37,5.69
673,0.00
747,5.64
850,0.00
294,5.82
446,5.82
879,0.00
833,5.95
240,5.96
935,6.03
220,6.14
421,6.00
45,5.98
383,6.07
80,6.06
587,0.00
534,18.26
487,11.65
173,6.14
694,6.37
978,18.26
899,11.74
122,6.20
243,6.26
84,6.18
410,0.00
557,6.29
229,6.33
316,6.30
234,6.21
574,6.13
95,6.13
687,6.12
851,0.00
271,6.32
643,6.22
919,0.00
249,6.27
823,0.00
629,6.33
276,6.40
325,6.34
836,0.00
599,6.33
761,6.36
887,0.00
927,6.51
979,0.00
835,17.68
417,11.97
145,6.41
868,0.00
112,6.25
518,0.00
443,0.00
583,11.86
686,6.45
743,0.00
1000,6.42
590,6.38
718,0.00
849,12.14
754,12.10
668,6.70
307,12.31
416,12.33
391,6.82
873,6.71
946,6.82
859,6.88
44,6.79
356,6.77
72,7.02
786,6.81
138,6.90
425,6.77
444,6.71
190,6.62
239,6.47
981,0.00
461,6.46
139,6.43
777,0.00
819,6.25
429,6.37
544,12.32
74,6.58
609,0.00
573,6.53
2,6.40
977,0.00
770,0.00
781,6.46
85,6.37
245,6.37
591,0.00
424,6.36
551,6.46
920,18.12
516,0.00
166,6.33
175,6.24
827,6.32
418,6.53
438,6.35
298,0.00
151,6.42
1000,0.00
447,6.51
970,6.46
398,6.65
15,6.67
3,6.69
569,0.00
218,6.47
275,6.48
628,0.00
140,6.39
907,0.00
732,6.38
288,6.44
44,6.37
130,6.37
634,0.00
702,6.34
46,6.41
289,6.31
150,6.28
775,0.00
862,6.24
791,12.70
693,6.16
419,0.00
484,6.29
221,12.61
684,6.40
788,6.51
756,18.26
300,6.70
101,6.46
100,6.51
21,6.53
916,6.37
163,6.38
266,6.40
832,6.26
375,6.27
370,6.21
155,6.25
508,12.77
42,6.13
933,23.71
119,6.03
655,6.15
179,6.08
660,12.79
272,6.07
865,12.84
70,6.02
632,0.00
554,0.00
814,0.00
3,5.94
362,0.00
150,5.93
606,0.00
359,5.90
412,5.96
412,5.93
753,0.00
36,5.75
846,0.00
145,5.76
301,5.73
866,0.00
267,5.86
611,5.76
776,5.90
657,5.91
105,5.95
252,5.85
816,5.82
340,5.98
629,0.00
850,5.99
157,6.07
630,5.87
566,12.24
202,5.92
297,5.93
653,5.85
746,5.96
459,5.73
610,5.85
875,5.82
897,5.97
496,6.05
43,6.11
244,6.12
395,6.00
929,0.00
636,5.98
184,5.99
653,6.01
617,0.00
313,5.95
752,6.01
625,6.08
815,0.00
829,6.09
214,6.14
477,6.14
14,6.04
377,5.95
311,6.00
139,5.88
900,12.24
520,5.84
699,0.00
959,5.83
864,5.91
950,0.00
825,6.08
306,6.09
118,6.08
641,6.24
189,6.25
273,6.30
671,6.18
197,6.25
658,0.00
386,6.29
793,6.30
451,6.18
192,12.31
627,6.28
694,6.29
215,6.09
481,6.19
658,6.32
699,6.32
945,6.31
115,6.37
58,6.42
926,12.32
13,6.35
550,0.00
668,6.36
978,6.42
746,6.49
735,6.44
276,0.00
30,6.45
423,0.00
825,6.41
449,6.41
782,12.22
493,0.00
675,0.00
608,18.84
209,6.36
500,6.32
136,6.16
149,0.00
238,12.15
572,6.26
117,6.24
870,0.00
982,6.04
503,6.05
124,6.19
839,6.05
685,0.00
441,6.00
337,6.00
761,6.02
986,0.00
504,6.10
532,6.08
403,6.17
816,0.00
993,6.26
826,0.00
653,0.00
849,6.38
494,0.00
880,6.30
356,6.44
881,0.00
394,6.47
857,0.00
52,6.52
435,12.21
669,6.53
919,6.62
259,6.47
329,6.34
23,6.33
984,6.25
147,6.26
73,6.09
37,6.11
855,0.00
767,6.11
537,0.00
605,6.26
865,6.29
545,6.09
402,6.25
668,6.35
307,6.36
263,6.43
656,12.63
137,6.45
1000,12.64
326,6.33
734,6.32
561,6.41
945,0.00
18,6.42
759,0.00
910,12.86
605,6.47
857,0.00
681,6.53
393,6.53
72,6.42
300,6.44
673,0.00
420,6.44
551,6.48
480,6.52
790,6.40
994,12.79
246,6.47
932,12.84
312,6.56
868,13.01
127,6.48
830,6.52
599,0.00
670,6.74
523,6.73
135,6.60
219,6.76
850,6.68
617,0.00
464,6.81
965,6.90
619,0.00
643,6.73
900,6.69
466,0.00
198,6.89
35,6.89
470,0.00
259,6.78
85,6.69
791,0.00
678,6.50
300,6.53
489,6.41
249,6.35
362,6.45
374,6.37
398,6.22
908,0.00
613,6.24
532,0.00
885,6.27
244,6.31
685,6.38
478,6.39
710,6.41
398,0.00
592,0.00
58,6.36
41,6.45
974,6.47
692,6.57
805,18.76
666,6.32
468,0.00
18,6.35
809,6.33
773,12.77
797,6.34
39,6.40
837,0.00
446,12.77
105,6.45
812,0.00
898,6.32
790,6.22
281,6.17
68,6.24
193,6.29
686,6.13
894,6.10
247,6.21
202,6.21
829,6.24
102,6.38
867,6.24
75,6.32
247,6.33
191,6.31
996,12.69
258,6.23
690,0.00
791,12.53
411,6.17
185,5.95
537,0.00
921,6.01
140,5.86
775,5.85
124,0.00
494,0.00
974,5.92
430,5.93
707,5.99
126,6.13
691,6.06
543,6.15
394,12.79
41,6.14
94,6.05
236,5.95
300,5.89
412,5.93
476,0.00
860,5.99
823,0.00
749,6.03
131,6.15
804,6.08
850,6.15
148,6.35
416,0.00
583,0.00
780,6.27
931,12.65
284,6.35
773,12.68
115,6.47
954,0.00
689,0.00
582,6.33
907,0.00
769,6.45
552,6.66
531,6.47
693,6.56
223,6.64
4,6.51
440,6.41
624,6.29
472,13.02
709,12.81
950,6.46
407,6.44
114,6.28
378,12.71
858,6.31
556,0.00
392,6.40
826,12.51
942,25.27
101,6.36
632,6.26
476,6.27
177,6.14
342,6.30
737,0.00
283,6.26
221,6.30
564,0.00
241,6.00
863,0.00
594,6.08
646,6.21
677,6.26
500,0.00
107,6.27
754,12.56
346,6.18
471,6.18
784,6.19
498,6.28
287,6.04
150,6.09
558,6.10
773,0.00
695,0.00
738,0.00
226,5.81
632,0.00
819,5.84
207,5.73
280,0.00
250,5.86
805,5.93
812,6.00
130,6.00
751,0.00
272,5.92
323,5.84
142,5.85
586,0.00
377,5.65
180,5.75
585,5.70
321,0.00
77,5.76
588,0.00
228,5.60
444,5.57
345,5.59
739,0.00
559,5.54
701,0.00
340,5.39
883,0.00
148,5.32
790,5.32
496,0.00
422,5.44
38,5.48
830,0.00
390,11.99
739,11.91
915,5.57
713,5.49
931,11.55
75,5.48
357,11.67
202,11.57
241,5.52
445,0.00
290,11.64
807,11.60
158,5.24
496,5.33
57,5.26
198,5.25
252,5.22
944,5.29
694,5.30
513,5.28
303,5.18
404,5.19
540,0.00
681,5.08
562,5.13
674,11.48
832,11.52
682,5.27
694,11.69
405,5.37
871,11.66
795,11.70
971,11.73
188,5.70
728,11.68
803,11.78
750,5.61
730,0.00
597,5.58
860,5.71
577,0.00
811,5.84
933,0.00
711,0.00
537,0.00
530,5.83
115,5.80
459,5.81
225,5.85
179,5.85
628,5.84
774,0.00
954,5.81
820,0.00
735,5.86
37,5.98
646,6.01
105,6.04
152,6.04
621,6.00
228,5.93
620,5.95
111,6.02
474,5.83
562,0.00
814,5.85
206,6.06
253,5.95
863,0.00
823,5.98
704,5.96
64,6.05
958,0.00
300,6.03
257,11.43
329,6.09
449,11.57
498,11.50
844,6.15
839,17.96
91,6.06
311,6.18
237,6.12
63,6.12
389,6.12
332,6.17
589,0.00
948,24.09
28,6.26
703,0.00
246,11.71
508,11.69
521,11.51
508,0.00
988,6.24
711,6.34
489,6.32
295,6.34
577,0.00
403,6.28
115,6.31
451,6.25
48,6.25
234,6.10
770,0.00
717,6.14
478,0.00
262,6.10
774,0.00
531,11.65
478,6.09
828,6.10
377,0.00
886,11.91
231,11.77
510,5.98
305,5.93
111,5.94
444,5.79
545,0.00
731,5.79
259,5.78
598,0.00
4,5.73
436,0.00
407,5.75
291,5.68
354,5.64
876,0.00
782,5.68
424,5.75
129,5.65
441,0.00
792,5.50
342,5.52
652,5.47
626,5.56
986,5.62
722,5.80
545,5.81
985,5.81
370,0.00
929,0.00
833,11.88
499,0.00
102,5.89
789,0.00
98,5.93
66,5.92
812,0.00
794,30.21
438,5.86
279,5.77
478,5.68
613,5.84
490,5.89
311,5.65
139,5.65
924,5.79
211,5.81
719,5.62
522,0.00
450,12.14
917,5.82
358,5.81
267,12.12
399,12.04
54,5.89
922,5.97
710,12.12
755,5.95
385,6.01
2,5.95
803,5.87
433,5.92
227,6.03
236,6.10
465,6.03
189,5.91
463,0.00
712,6.05
755,0.00
642,6.11
106,6.20
746,6.12
676,6.18
776,23.95
159,6.27
877,6.10
734,12.33
462,12.18
1000,6.25
905,6.30
260,6.37
61,6.31
281,6.24
937,6.28
617,0.00
740,0.00
81,6.42
750,0.00
17,6.42
294,6.42
564,6.39
97,6.44
970,0.00
861,6.36
412,0.00
504,6.38
558,6.46
293,6.51
240,6.51
415,6.48
973,0.00
511,6.47
286,6.46
547,0.00
792,6.30
357,6.39
209,6.50
263,6.40
13,6.33
71,6.19
257,12.01
914,6.22
802,6.28
347,6.06
204,6.26
81,6.09
903,6.08
460,0.00
774,6.21
401,6.27
649,0.00
451,12.30
432,6.47
326,6.48
681,6.48
121,6.39
948,6.39
633,12.09
189,6.45
292,6.38
13,6.35
439,6.35
500,0.00
966,12.21
341,6.36
45,6.44
913,0.00
781,6.32
118,6.43
786,0.00
122,6.46
896,0.00
928,6.42
8,6.43
623,6.38
425,6.51
578,0.00
23,6.31
135,6.25
938,6.21
626,12.23
516,6.32
712,6.28
972,6.51
417,6.26
222,6.33
432,6.41
672,0.00
998,6.45
360,6.49
758,6.57
422,6.51
756,6.61
315,6.41
557,6.32
1000,6.46
240,6.64
88,6.43
340,6.51
30,6.47
96,6.57
808,0.00
736,6.34
743,0.00
310,6.47
109,6.49
968,0.00
423,6.49
981,6.55
682,0.00
644,6.57
225,6.67
433,0.00
452,6.52
147,6.49
424,0.00
542,6.50
466,0.00
563,6.48
608,6.43
405,6.53
702,0.00
35,6.67
912,0.00
971,6.51
267,6.57
379,6.57
611,0.00
906,0.00
302,6.49
273,6.52
161,6.65
848,0.00
34,6.51
604,0.00
925,0.00
645,6.47
909,6.48
990,25.00
268,6.44
314,6.50
994,18.58
675,0.00
324,6.42
1,6.46
317,6.34
136,6.24
250,6.28
274,6.16
655,0.00
167,6.07
172,6.11
995,5.96
818,6.05
6,6.13
962,6.15
449,0.00
626,12.36
621,6.20
592,0.00
691,0.00
317,6.23
282,6.10
191,6.02
647,0.00
526,0.00
89,6.06
1000,36.36
232,5.99
214,0.00
994,12.47
865,18.72
51,6.10
101,5.97
397,6.03
630,0.00
956,5.93
853,0.00
611,6.06
807,5.97
154,6.03
854,0.00
715,5.90
528,5.87
997,0.00
338,6.00
408,5.95
539,0.00
696,5.88
943,0.00
882,6.04
549,6.08
847,6.21
974,6.31
639,0.00
858,0.00
103,6.43
621,0.00
475,6.28
935,0.00
952,6.31
358,6.38
218,6.42
369,6.46
826,0.00
854,6.45
951,13.27
888,13.09
7,6.59
285,6.64
307,6.71
743,6.59
238,6.68
393,6.62
426,6.60
995,6.65
728,13.07
955,13.10
404,6.72
403,13.20
354,13.12
660,6.71
514,6.85
98,6.62
534,6.57
178,0.00
696,0.00
797,6.74
939,6.74
975,6.86
714,6.88
410,7.02
489,6.93
302,6.77
305,6.87
914,0.00
797,13.12
772,6.93
85,6.99
93,6.78
914,6.74
5,0.00
624,6.89
18,7.02
168,6.84
941,6.84
481,6.86
21,6.89
80,6.59
855,6.62
353,6.65
390,6.55
301,6.64
598,0.00
689,6.47
385,6.56
529,6.37
320,6.38
888,0.00
882,6.47
617,0.00
650,0.00
637,6.47
418,6.58
163,6.59
802,0.00
152,6.47
77,6.41
993,6.23
316,6.29
951,0.00
580,6.28
576,6.28
502,6.13
72,6.16
175,6.08
338,6.11
677,0.00
382,6.02
199,5.91
88,5.94
151,5.94
714,0.00
668,5.79
254,5.78
397,5.76
665,5.86
968,5.91
259,5.76
212,5.81
504,0.00
673,5.74
874,5.75
376,5.88
990,12.50
2,5.68
667,0.00
645,12.54
428,12.55
74,5.79
537,5.83
592,18.97
612,5.86
602,12.41
270,5.83
532,5.67
382,5.79
984,5.86
915,5.85
273,5.98
763,12.82
930,5.95
305,5.87
633,0.00
742,5.86
955,12.71
117,5.97
902,5.99
115,5.76
745,5.83
583,0.00
807,5.72
268,5.80
836,0.00
110,5.90
591,0.00
582,12.73
821,12.76
821,6.09
936,12.76
15,6.14
763,6.18
265,6.10
829,0.00
766,6.18
834,6.24
992,6.29
227,6.53
373,6.37
374,6.39
895,0.00
23,6.33
614,6.24
747,6.17
6,6.34
523,6.22
280,6.28
471,0.00
819,6.30
737,6.14
461,0.00
890,6.21
70,6.31
88,6.32
312,6.28
291,6.30
230,6.20
751,0.00
881,6.22
870,6.33
91,6.43
880,0.00
708,6.39
961,6.36
174,6.33
771,6.28
319,6.43
74,6.35
590,0.00
531,6.22
604,12.23
21,6.39
612,6.29
856,6.51
61,6.55
273,6.34
773,12.22
810,12.13
507,0.00
690,12.12
725,6.43
560,6.54
686,12.07
419,6.32
889,6.32
84,6.44
440,6.24
712,6.34
500,6.47
198,6.62
119,6.42
248,6.44
704,6.34
464,6.40
963,12.20
806,6.41
114,6.30
98,6.30
92,6.32
992,6.28
261,6.38
462,0.00
36,6.27
953,0.00
327,6.24
331,6.23
564,12.18
848,31.33
645,12.23
42,6.05
625,6.16
946,6.13
91,6.13
314,0.00
678,6.24
356,6.16
763,12.49
152,6.24
133,6.14
34,5.98
607,0.00
374,6.03
606,0.00
578,5.88
150,5.83
997,0.00
353,5.91
80,5.88
100,0.00
998,5.88
193,6.01
299,5.95
787,0.00
843,0.00
954,5.96
126,5.94
680,6.01
357,6.10
313,6.12
191,6.12
918,0.00
67,6.14
966,6.08
541,6.19
379,6.04
260,6.13
851,0.00
571,6.19
880,12.46
344,6.10
957,6.16
308,6.01
535,6.13
236,6.19
234,6.26
547,6.10
666,6.14
364,6.01
53,6.14
595,12.45
673,6.14
676,6.27
177,6.15
711,6.28
484,6.25
14,6.04
757,6.19
58,6.19
910,12.78
603,12.68
798,6.41
594,6.32
321,6.21
739,0.00
339,6.25
321,6.14
204,6.23
543,0.00
668,0.00
854,0.00
150,6.40
52,6.30
987,0.00
368,6.32
609,12.64
507,6.39
77,6.26
44,6.32
51,6.21
582,0.00
922,6.20
801,6.25
475,6.24
501,0.00
713,12.70
359,6.39
241,6.38
871,31.42
647,6.25
566,6.36
107,6.46
606,0.00
927,6.32
653,6.23
622,0.00
50,6.31
666,0.00
548,6.34
918,0.00
497,6.32
59,6.46
231,6.56
552,6.42
137,6.42
972,0.00
9,6.49
417,6.40
187,6.41
885,0.00
337,6.27
772,0.00
100,6.28
849,6.24
376,6.33
7,6.33
574,0.00
689,6.16
168,6.23
943,6.14
547,0.00
204,6.26
431,6.23
906,6.25
888,6.30
465,6.14
526,6.13
821,6.14
995,6.07
496,0.00
608,0.00
942,6.15
591,0.00
137,5.99
498,0.00
409,12.31
606,6.08
441,0.00
895,5.98
204,5.83
756,5.92
347,6.04
45,5.84
290,5.87
693,5.78
241,5.92
54,5.96
552,5.88
309,5.65
130,5.73
912,5.72
421,5.79
176,5.79
635,0.00
322,5.79
29,5.81
765,5.79
622,5.96
396,0.00
394,5.89
57,5.76
430,0.00
715,5.68
724,5.61
597,18.38
873,18.38
578,5.76
892,5.59
979,5.71
15,5.79
823,5.63
832,5.62
351,5.75
826,0.00
298,5.56
855,0.00
776,5.57
718,0.00
974,5.67
867,5.78
349,5.80
87,5.88
226,5.69
516,0.00
98,5.65
587,5.64
836,0.00
734,5.70
202,5.69
934,5.70
707,5.75
167,5.87
619,0.00
932,5.73
319,5.77
314,11.92
632,5.80
891,5.87
512,5.92
193,5.97
997,0.00
631,12.08
863,12.15
517,12.22
11,6.14
720,6.12
672,0.00
838,6.00
492,5.97
304,6.04
956,5.89
441,5.92
995,6.01
247,11.95
310,6.09
204,5.87
184,5.96
875,0.00
898,5.99
75,5.90
511,5.97
440,0.00
650,6.05
305,6.10
83,6.10
861,5.98
277,6.04
682,0.00
576,6.09
203,6.15
907,0.00
555,5.98
449,0.00
645,6.05
991,6.13
728,11.92
114,6.24
859,11.95
339,6.20
511,0.00
911,6.34
334,6.34
519,6.33
774,6.43
429,12.00
653,12.00
141,6.38
920,6.36
405,0.00
692,6.41
894,0.00
135,6.45
969,0.00
801,12.18
838,6.66
265,6.60
743,6.61
934,6.72
312,6.53
380,6.53
785,6.53
590,6.58
274,6.68
616,0.00
970,0.00
258,6.74
521,6.63
263,6.68
836,0.00
520,6.64
351,6.65
738,0.00
534,6.36
179,6.48
500,0.00
378,0.00
318,6.35
420,0.00
273,12.49
482,6.54
529,12.45
580,12.54
126,6.53
733,12.47
846,24.94
408,6.59
947,18.84
837,12.61
373,6.72
508,6.65
208,6.72
3,6.63
258,6.57
832,0.00
90,6.57
426,6.60
665,0.00
105,6.51
726,6.43
870,12.49
384,6.53
623,0.00
102,6.52
954,6.53
230,6.59
317,6.42
266,6.54
136,6.44
408,6.39
938,0.00
579,6.37
538,6.40
487,0.00
463,12.54
19,6.45
971,6.29
849,6.39
616,6.30
274,6.27
653,18.09
163,6.29
907,6.20
508,6.39
382,6.34
113,6.25
601,6.26
395,6.27
393,12.67
589,0.00
229,6.29
681,6.29
976,6.38
735,0.00
278,6.17
166,6.15
928,0.00
415,6.00
719,0.00
47,6.13
469,0.00
699,6.01
166,6.02
362,0.00
320,12.55
614,6.15
371,5.99
573,12.65
127,6.14
734,5.92
747,5.96
42,6.14
888,0.00
944,6.19
166,6.29
424,0.00
446,6.23
292,6.25
748,6.30
170,6.32
960,6.19
128,6.23
571,0.00
35,6.23
192,6.14
893,6.12
61,6.13
549,6.16
850,6.02
444,5.95
403,12.63
834,6.05
875,6.04
987,18.81
180,6.07
252,6.04
167,6.12
137,6.08
421,0.00
764,6.21
665,6.09
132,6.22
513,0.00
823,6.19
301,6.22
973,6.13
623,0.00
260,6.27
464,0.00
906,6.30
163,6.31
161,6.24
162,0.00
255,6.21
484,6.18
283,6.23
792,12.53
605,6.14
573,12.51
833,30.75
944,6.23
298,6.24
35,6.02
583,0.00
379,6.13
532,5.80
68,5.93
857,12.03
588,5.85
432,0.00
940,5.87
216,5.90
466,0.00
683,5.73
357,5.72
975,5.80
770,5.89
435,0.00
255,6.01
789,0.00
324,0.00
193,5.87
468,5.90
3,5.91
576,0.00
87,5.82
537,0.00
43,5.73
190,5.72
4,5.66
903,5.55
244,5.65
357,5.59
88,5.58
789,0.00
372,5.61
924,0.00
446,5.70
745,0.00
134,5.69
695,5.63
754,5.60
595,5.64
688,5.69
903,0.00
577,0.00
943,11.72
447,5.61
655,11.84
5,5.64
48,5.52
647,11.69
618,5.69
72,5.64
56,5.64
288,5.71
771,0.00
427,0.00
234,5.58
24,5.63
693,0.00
160,5.46
925,5.47
416,11.74
470,5.48
567,5.49
35,0.00
685,11.69
740,5.56
604,5.65
727,5.49
827,5.57
790,5.74
599,5.77
519,5.84
632,5.85
545,5.83
492,5.93
681,0.00
511,12.01
834,12.11
474,5.90
830,5.86
599,11.91
931,5.96
446,0.00
224,5.94
895,5.98
627,6.03
31,6.04
4,5.94
889,5.85
366,5.87
739,5.90
26,6.01
284,5.94
375,5.82
890,0.00
414,5.82
699,0.00
524,5.79
735,5.82
68,5.89
596,0.00
594,5.71
797,5.75
141,5.75
24,5.74
75,5.74
975,0.00
293,5.67
9,5.61
407,0.00
389,0.00
943,17.50
767,5.64
726,11.29
807,5.75
312,11.35
191,5.71
455,5.56
163,5.61
420,5.53
801,0.00
105,5.49
154,5.49
407,0.00
427,0.00
747,11.26
1,5.58
201,5.46
361,5.66
449,5.64
820,5.64
393,5.84
550,5.76
381,5.80
51,5.82
270,5.79
659,5.79
298,5.87
586,0.00
705,5.81
129,5.85
607,0.00
3,5.87
691,5.82
376,5.83
573,5.74
379,5.56
374,0.00
833,0.00
552,5.59
207,5.67
307,5.68
291,5.60
808,5.51
199,5.53
141,5.49
669,11.26
349,5.47
585,11.37
348,11.31
30,5.21
922,5.57
101,5.34
853,0.00
917,23.73
38,5.56
491,0.00
113,5.50
87,5.53
600,5.46
99,5.52
226,11.29
799,5.53
624,5.54
289,5.43
149,5.42
708,5.41
920,11.17
634,5.40
772,5.32
16,5.50
756,5.46
355,5.48
867,0.00
535,5.41
612,5.49
908,5.60
864,5.71
78,5.85
798,5.78
154,5.86
652,5.86
650,0.00
1000,0.00
879,11.54
614,5.92
668,5.92
317,5.88
587,5.97
150,5.88
423,5.72
4,5.75
858,5.63
700,0.00
760,5.82
240,5.68
446,0.00
932,5.82
59,5.61
379,0.00
939,5.60
987,0.00
14,5.72
389,5.83
727,0.00
61,5.70
824,0.00
543,0.00
870,11.45
318,5.62
191,5.76
695,0.00
976,5.61
874,5.79
634,0.00
477,5.94
747,6.10
411,5.95
417,0.00
286,6.07
697,0.00
162,5.96
945,11.51
75,5.97
859,0.00
796,17.50
374,0.00
817,5.93
176,6.07
124,6.07
832,6.11
388,6.15
624,6.15
367,6.22
884,6.29
976,6.39
298,6.16
998,6.27
804,0.00
235,6.53
104,6.55
910,11.91
563,6.60
791,6.60
371,0.00
168,6.60
776,6.42
565,6.46
508,0.00
662,0.00
168,6.59
53,6.50
377,0.00
546,6.27
476,0.00
386,0.00
971,0.00
646,6.46
923,0.00
572,6.64
345,6.70
142,6.61
247,6.48
847,23.86
260,6.55
896,12.43
120,6.55
294,6.47
743,12.44
815,12.56
461,6.70
166,6.78
384,6.83
303,6.76
403,6.62
558,6.55
554,0.00
881,6.58
958,6.67
889,12.25
208,6.74
212,6.63
175,6.69
724,0.00
567,0.00
636,6.62
508,6.63
278,0.00
999,12.38
653,12.40
701,6.63
416,6.48
790,0.00
525,0.00
924,12.29
747,6.29
819,6.44
119,6.56
301,6.53
898,0.00
168,6.51
697,12.71
302,6.66
458,0.00
753,6.45
652,0.00
213,6.46
327,6.35
265,6.49
743,0.00
879,0.00
704,6.46
294,6.45
48,6.33
676,0.00
738,0.00
863,6.15
590,12.90
877,6.23
870,6.37
118,6.40
307,6.34
20,6.31
580,6.18
296,6.23
257,6.21
848,6.21
271,0.00
222,6.40
70,6.41
1,6.36
749,0.00
83,6.21
75,6.09
782,0.00
193,5.95
845,5.92
956,6.05
468,0.00
8,6.00
143,6.01
439,6.02
960,29.81
779,6.10
755,0.00
429,0.00
457,5.97
433,6.09
348,18.63
575,12.91
307,5.95
353,5.82
76,5.80
832,0.00
858,5.87
768,5.88
866,5.94
881,12.57
251,6.05
745,12.58
666,12.55
979,0.00
867,6.03
958,12.69
387,6.33
787,6.27
666,6.27
377,6.27
783,6.42
715,0.00
842,6.39
915,12.76
354,6.50
192,6.42
27,6.09
191,5.96
376,6.11
507,0.00
407,6.06
104,6.04
764,0.00
531,0.00
699,5.97
434,6.03
887,0.00
894,5.91
398,5.98
77,6.02
521,0.00
509,5.94
776,5.94
581,5.97
193,5.94
711,0.00
521,5.87
97,5.97
106,0.00
787,5.84
262,5.88
438,5.85
618,5.67
658,5.81
62,5.76
238,5.71
543,5.69
161,5.72
480,5.71
740,0.00
457,5.85
816,0.00
119,5.84
427,0.00
467,5.83
642,0.00
570,5.93
281,6.03
926,0.00
886,6.07
185,5.95
562,0.00
711,5.84
527,0.00
494,0.00
916,12.18
35,6.19
460,6.15
180,6.19
947,5.99
866,0.00
901,12.14
169,6.14
162,0.00
189,6.01
110,5.91
601,0.00
640,11.88
643,5.79
724,5.76
253,5.98
381,12.08
292,5.88
704,0.00
181,5.81
659,0.00
577,5.60
250,0.00
510,5.47
505,0.00
703,11.99
579,5.49
189,5.61
951,18.37
336,5.65
296,5.65
563,0.00
944,18.58
42,5.82
689,0.00
958,5.83
818,11.84
73,5.91
527,5.90
294,6.01
766,0.00
530,5.87
579,0.00
759,5.99
695,0.00
812,5.95
730,6.03
367,6.16
794,6.09
481,0.00
703,6.28
251,6.32
680,0.00
395,6.17
16,6.27
767,0.00
624,6.29
806,6.27
507,0.00
294,6.36
914,0.00
506,6.49
780,6.45
45,6.58
900,0.00
127,6.47
980,0.00
61,6.48
787,0.00
395,6.47
777,0.00
563,6.40
901,12.46
731,6.36
59,6.47
530,12.25
517,12.28
73,6.41
822,12.40
330,6.41
377,0.00
323,0.00
944,6.27
730,6.16
751,0.00
830,12.27
523,6.31
323,6.27
589,0.00
397,6.35
789,0.00
457,0.00
2,6.22
302,6.16
775,6.15
467,6.28
719,0.00
124,6.43
484,0.00
736,6.38
588,0.00
8,6.48
243,6.38
950,0.00
391,6.33
61,6.34
67,6.45
608,0.00
976,18.29
667,0.00
232,6.20
111,6.28
833,6.21
605,6.22
163,6.22
593,0.00
716,6.28
419,6.32
50,6.43
893,6.31
546,0.00
238,6.19
659,6.12
422,6.01
795,12.06
7,5.95
806,5.98
276,5.90
467,12.08
197,6.10
609,5.94
420,6.02
27,5.97
644,12.14
874,5.87
312,5.88
718,5.78
37,5.85
797,5.82
667,5.76
452,0.00
804,5.75
521,5.73
271,5.76
689,5.69
654,5.72
852,5.79
327,5.85
684,5.75
771,12.30
378,5.92
326,5.96
662,12.37
713,5.99
16,5.94
881,5.90
583,6.01
890,12.28
27,6.03
330,0.00
609,12.31
884,6.08
430,6.16
833,18.27
146,6.16
207,5.92
808,6.08
241,6.18
86,6.00
377,6.04
18,6.05
406,0.00
348,12.08
66,5.99
812,0.00
521,6.07
42,5.90
980,0.00
691,5.86
436,0.00
53,6.13
74,6.05
513,5.96
734,5.96
662,0.00
916,6.08
80,5.96
706,12.20
453,6.19
114,6.24
221,6.05
108,6.03
492,6.01
411,0.00
654,6.01
76,6.19
521,0.00
482,0.00
806,5.87
514,5.91
599,0.00
563,5.89
991,0.00
599,6.01
137,6.07
744,0.00
846,0.00
935,11.90
434,0.00
140,6.02
593,5.96
896,0.00
642,6.10
17,5.97
455,0.00
511,5.91
543,0.00
171,6.02
313,5.95
326,6.08
816,0.00
620,5.95
788,6.07
328,6.12
510,6.30
999,6.37
426,6.42
730,0.00
13,6.23
220,6.13
967,0.00
991,0.00
196,12.20
174,12.14
747,6.34
859,12.27
237,6.28
738,6.33
15,6.38
738,0.00
561,6.31
98,6.43
755,0.00
361,12.28
275,6.34
764,0.00
976,6.27
856,18.66
296,6.29
544,12.35
639,12.37
304,6.24
74,6.36
974,6.31
410,0.00
978,6.47
894,0.00
586,6.55
125,6.51
198,6.43
38,6.26
700,6.25
918,6.25
787,6.31
78,6.49
814,0.00
895,6.42
532,6.60
220,6.45
954,0.00
570,6.58
877,6.59
90,6.59
973,6.40
411,6.42
905,0.00
261,6.61
712,6.68
584,0.00
527,6.69
549,6.65
966,0.00
836,6.60
679,6.66
902,0.00
445,6.64
25,6.77
590,0.00
88,6.78
255,6.74
948,6.76
277,6.64
91,6.70
104,6.58
22,6.49
672,0.00
77,6.53
870,6.40
218,0.00
17,6.64
404,6.49
386,6.44
840,0.00
232,6.35
773,6.20
251,0.00
962,6.30
646,6.37
241,6.31
75,6.42
879,36.76
379,6.32
201,6.26
577,6.30
484,6.31
501,6.11
858,0.00
746,6.17
557,0.00
59,6.13
722,0.00
716,0.00
732,18.51
694,6.16
254,0.00
411,6.00
336,6.04
551,0.00
471,6.01
298,6.10
686,0.00
515,5.99
177,6.00
756,5.94
878,5.98
30,5.99
566,0.00
813,6.11
866,6.07
194,6.15
499,5.97
86,0.00
69,6.06
330,0.00
729,5.86
838,5.87
913,5.94
569,12.35
678,5.92
315,12.50
874,6.03
37,5.81
894,5.91
235,5.91
349,6.03
845,0.00
584,5.90
309,5.99
923,5.83
808,5.91
596,5.90
469,5.75
410,5.78
400,5.90
744,0.00
341,5.75
127,5.93
186,5.79
604,0.00
746,5.78
342,5.86
803,12.64
914,6.10
865,6.23
622,6.10
639,6.26
698,0.00
891,6.33
19,6.24
562,6.11
89,6.19
329,6.16
287,6.19
296,6.09
341,6.09
452,0.00
124,6.06
537,0.00
644,6.05
778,0.00
414,6.00
650,0.00
613,6.11
465,6.11
490,6.08
535,6.19
667,6.23
899,6.26
926,6.28
413,0.00
953,12.29
436,6.33
311,6.34
326,6.29
46,6.18
577,0.00
556,6.20
432,6.31
164,6.26
362,6.26
725,6.38
195,6.38
630,0.00
475,6.30
369,0.00
66,6.30
534,6.30
307,6.35
77,6.15
286,6.01
597,0.00
410,5.95
579,0.00
554,5.97
175,6.02
731,0.00
590,5.98
595,0.00
485,6.04
36,6.16
565,6.20
663,6.28
756,0.00
188,6.10
296,6.11
602,6.02
582,0.00
159,6.10
832,6.03
837,6.11
747,0.00
352,6.11
691,6.10
486,0.00
618,11.95
872,6.17
131,6.18
521,6.22
549,0.00
348,6.09
718,0.00
123,6.25
581,6.06
138,6.07
483,0.00
236,6.08
170,6.07
152,5.99
312,5.91
703,0.00
990,0.00
368,5.76
577,0.00
598,0.00
901,0.00
79,5.86
347,5.88
951,0.00
166,5.86
886,5.96
87,6.05
326,5.98
614,0.00
156,5.95
737,0.00
512,6.00
26,6.13
258,5.94
616,0.00
323,0.00
591,0.00
833,5.89
734,12.18
50,6.00
68,5.83
39,5.76
502,0.00
349,5.83
41,5.73
18,0.00
684,0.00
782,5.86
937,5.77
277,5.92
318,5.74
669,5.88
812,6.00
842,5.86
575,5.86
392,5.81
260,5.91
226,5.91
796,0.00
348,5.98
255,5.91
288,6.02
970,0.00
331,6.11
468,0.00
665,6.15
521,6.20
168,6.20
233,6.21
704,0.00
853,12.23
17,6.14
939,0.00
235,6.17
662,0.00
805,0.00
616,0.00
744,6.04
238,6.05
460,0.00
703,6.24
245,6.20
233,6.13
963,0.00
108,6.20
314,6.15
353,6.09
125,6.04
265,6.00
238,5.99
441,0.00
581,12.16
184,5.94
798,0.00
368,6.00
378,5.95
963,0.00
492,6.04
792,6.12
323,6.17
528,0.00
870,0.00
494,0.00
493,6.22
977,0.00
786,6.37
83,6.33
68,6.27
453,0.00
487,6.30
2,6.43
798,0.00
510,6.31
338,6.35
88,6.36
415,6.33
341,6.23
64,6.21
216,6.16
683,0.00
64,6.27
170,6.24
417,0.00
9,6.20
944,6.07
602,0.00
718,0.00
414,0.00
295,6.10
161,6.10
722,0.00
910,18.36
992,55.48
137,6.33
548,6.32
139,6.45
25,6.39
139,6.28
508,6.21
471,0.00
581,6.26
154,6.23
454,0.00
524,6.23
596,11.98
497,6.20
795,6.21
778,6.17
465,6.29
859,6.29
436,0.00
159,6.22
497,0.00
858,6.09
776,0.00
798,0.00
619,6.07
585,0.00
1,6.20
564,0.00
508,6.19
592,0.00
791,6.11
281,6.28
413,6.14
362,6.18
901,6.20
801,12.36
723,6.18
926,12.34
288,6.26
23,6.18
708,0.00
225,6.17
74,6.19
616,6.15
298,6.21
272,6.21
46,6.24
642,0.00
515,0.00
321,6.00
897,6.14
919,6.34
27,6.20
613,0.00
83,6.19
135,6.20
158,6.09
825,0.00
444,5.99
436,6.01
750,0.00
22,6.04
797,0.00
124,6.03
516,5.88
937,0.00
57,6.00
735,5.94
415,6.01
618,5.99
71,6.03
124,0.00
446,0.00
983,5.92
205,6.04
718,6.04
896,12.16
410,12.11
294,6.19
146,6.13
631,0.00
244,6.04
276,0.00
514,12.27
584,5.91
10,5.87
329,5.80
215,5.84
503,5.84
799,0.00
368,5.79
472,0.00
428,5.85
869,0.00
154,5.94
101,5.84
312,5.73
119,5.78
903,11.99
131,5.92
490,5.79
544,0.00
872,5.93
242,5.81
272,6.02
338,5.85
364,5.86
535,0.00
67,5.85
964,0.00
668,5.87
159,5.92
325,5.90
254,5.73
951,0.00
925,0.00
751,5.78
190,5.97
985,5.98
311,5.73
902,5.85
334,5.97
142,5.89
699,0.00
84,5.88
69,5.83
154,0.00
558,5.84
342,5.88
951,5.88
813,12.12
518,0.00
84,6.06
457,5.90
762,5.94
893,5.76
657,5.82
623,5.95
639,6.04
800,6.09
955,6.00
480,6.01
995,0.00
233,6.11
316,6.16
916,5.98
782,0.00
590,6.14
785,0.00
543,6.30
97,6.38
328,6.38
914,6.46
78,6.52
768,0.00
991,6.32
82,6.22
700,0.00
930,12.40
451,6.36
84,0.00
747,18.59
694,6.63
539,0.00
583,12.50
317,6.59
50,0.00
862,6.73
397,6.58
137,6.67
313,6.65
380,6.66
965,0.00
505,6.70
507,0.00
241,6.69
774,0.00
809,18.67
248,6.81
63,6.67
633,6.67
1000,18.75
726,6.82
708,0.00
152,6.72
942,0.00
699,6.71
762,0.00
567,6.74
947,6.80
621,6.80
239,6.71
65,6.51
717,12.51
1000,6.56
293,6.57
552,0.00
481,0.00
407,6.56
376,6.51
800,6.53
102,6.54
601,0.00
717,6.53
339,6.46
459,0.00
632,0.00
435,6.45
692,6.45
616,6.56
702,0.00
450,6.44
484,6.40
789,0.00
892,6.44
145,6.33
424,6.29
587,6.31
292,6.37
207,6.39
114,6.21
108,6.09
88,5.98
73,5.88
561,0.00
450,5.88
766,5.86
888,5.90
452,12.12
599,5.95
224,5.85
219,6.00
566,5.75
349,0.00
335,5.82
255,5.92
608,5.72
659,5.66
631,24.53
197,5.84
403,5.66
742,12.35
797,5.75
943,5.87
339,5.78
953,5.65
522,5.76
423,5.69
70,5.58
668,5.68
238,5.73
509,5.60
222,5.70
828,5.53
490,5.54
308,5.46
802,5.40
174,5.48
648,0.00
530,5.35
632,5.43
473,5.46
425,0.00
541,5.39
691,0.00
219,5.50
553,5.52
495,5.53
149,5.53
63,5.46
390,0.00
995,5.36
3,5.45
506,5.42
725,0.00
930,5.53
324,5.63
977,12.26
442,5.80
106,5.80
498,0.00
813,5.69
101,5.71
32,5.61
929,5.61
442,5.62
474,5.51
185,5.58
693,0.00
581,5.49
688,11.96
755,5.59
542,5.60
683,0.00
748,0.00
578,5.71
609,5.76
871,0.00
197,5.94
216,5.94
663,5.96
13,6.00
647,5.97
816,0.00
790,5.89
223,6.10
659,0.00
349,6.08
972,12.17
655,6.19
190,0.00
576,12.03
361,6.23
56,6.06
128,0.00
867,6.07
184,6.13
889,0.00
159,6.09
933,18.53
607,11.86
847,11.66
49,6.00
556,0.00
946,11.69
798,6.18
889,6.09
512,0.00
690,0.00
324,6.11
354,6.19
495,6.22
294,6.22
479,0.00
510,0.00
826,6.32
540,0.00
998,6.23
277,6.39
611,0.00
697,0.00
221,6.37
630,0.00
823,11.88
403,0.00
858,6.35
341,6.53
951,0.00
870,0.00
641,6.57
590,0.00
717,0.00
582,0.00
168,6.69
960,0.00
195,6.64
497,6.55
930,12.23
206,6.51
56,6.41
73,6.41
336,6.62
676,0.00
742,6.51
365,6.55
476,6.60
949,0.00
975,6.73
873,6.87
270,6.75
499,6.72
835,0.00
785,6.80
65,6.69
938,0.00
408,0.00
900,6.43
438,6.66
738,0.00
70,6.55
715,0.00
144,6.64
959,0.00
385,6.61
808,0.00
713,0.00
687,6.69
319,6.58
888,0.00
75,6.60
363,6.58
193,6.61
808,0.00
400,12.87
28,6.69
65,6.70
485,0.00
825,12.67
594,6.51
959,12.78
398,0.00
337,12.75
465,6.60
758,0.00
499,6.62
518,12.76
74,6.57
391,12.62
651,12.62
33,6.46
359,6.48
444,6.53
222,6.50
908,6.46
346,0.00
521,6.64
781,6.43
471,6.43
177,0.00
183,6.50
978,6.32
281,6.38
763,0.00
963,6.50
119,6.45
751,0.00
673,6.36
502,6.30
876,0.00
674,6.46
235,6.28
283,6.35
327,6.25
921,0.00
254,6.46
973,0.00
138,6.42
819,6.41
677,0.00
744,6.40
714,0.00
255,6.44
500,6.38
524,0.00
597,18.54
813,12.98
148,6.37
373,6.36
434,0.00
484,6.30
553,0.00
332,6.35
11,6.47
793,0.00
376,6.16
624,0.00
44,6.13
952,0.00
746,6.17
721,12.80
546,6.24
548,6.30
325,6.36
615,12.76
153,6.25
935,0.00
442,6.22
786,6.26
200,6.28
470,6.11
521,0.00
994,6.26
166,6.27
719,6.36
226,6.20
420,6.23
835,6.35
385,6.36
89,6.46
837,6.54
133,6.54
319,6.51
702,19.28
315,6.45
256,6.36
417,0.00
578,6.41
706,6.42
90,6.38
501,0.00
830,19.02
395,13.01
450,0.00
615,13.08
387,6.44
725,6.38
907,12.95
361,6.63
715,0.00
363,6.52
453,6.66
62,6.47
344,6.47
144,6.47
60,6.33
701,6.23
848,6.24
805,6.17
206,6.22
879,6.15
215,6.15
468,6.21
88,6.21
246,6.14
771,0.00
376,12.41
475,5.98
731,0.00
831,6.11
870,0.00
967,6.00
485,6.00
44,6.02
388,0.00
648,5.94
482,0.00
225,5.93
536,0.00
887,5.98
81,5.85
191,0.00
32,5.85
87,5.88
524,0.00
390,0.00
680,12.19
754,5.81
741,0.00
728,5.98
215,5.97
729,6.10
591,6.03
464,6.23
729,0.00
575,0.00
801,6.20
605,0.00
710,6.16
549,6.20
159,6.26
880,6.29
11,6.12
150,6.17
80,6.15
898,0.00
977,6.30
471,0.00
917,12.51
899,6.35
297,6.34
568,0.00
638,6.33
273,6.32
430,6.18
827,6.18
114,6.27
547,0.00
833,12.81
258,6.45
106,6.20
603,0.00
552,6.14
594,6.27
751,12.74
170,6.31
411,6.35
349,6.48
400,6.26
365,6.32
582,0.00
437,6.28
886,0.00
225,6.31
186,6.26
722,6.25
7,6.32
470,6.30
937,12.40
368,6.33
724,6.22
531,6.36
316,6.34
858,0.00
16,6.43
700,6.35
992,0.00
995,6.36
548,6.40
558,12.40
741,12.51
146,6.72
389,0.00
873,6.57
370,6.40
154,6.49
329,6.47
113,6.46
590,6.41
654,0.00
70,6.51
372,6.56
307,6.41
350,6.48
616,6.39
234,6.46
675,0.00
41,6.36
449,0.00
726,6.34
754,6.13
1,6.31
857,0.00
699,6.21
125,6.24
3,6.12
466,0.00
996,0.00
630,5.99
664,0.00
396,6.08
118,6.00
682,0.00
837,5.80
764,0.00
925,12.22
928,5.90
992,5.99
223,6.00
894,12.12
968,12.27
900,18.57
167,6.06
311,12.06
579,5.91
718,0.00
534,5.97
135,5.86
543,5.86
905,0.00
126,0.00
704,18.61
993,5.84
177,5.70
337,0.00
781,5.78
259,5.97
934,5.92
385,5.97
236,12.39
443,6.06
151,6.07
593,5.91
463,5.84
212,0.00
381,5.93
241,6.04
610,0.00
457,5.88
861,5.88
880,5.86
691,0.00
907,12.29
312,5.79
143,5.62
387,5.71
686,0.00
547,0.00
995,5.86
524,5.75
584,5.73
193,5.82
335,5.87
549,0.00
721,5.83
139,5.85
304,5.80
211,5.84
920,0.00
892,5.83
441,5.83
239,5.92
849,5.83
121,5.65
887,0.00
527,5.71
177,5.81
734,0.00
956,5.90
813,0.00
906,5.96
70,5.84
950,5.98
188,6.05
566,5.92
603,5.96
811,5.94
12,5.94
508,11.84
870,5.93
883,5.80
206,11.83
990,11.79
383,5.95
65,5.93
360,5.87
444,0.00
459,11.86
982,11.87
204,6.01
760,6.13
430,12.06
239,6.17
495,6.01
485,6.01
258,6.14
728,6.06
90,6.18
986,0.00
698,5.98
582,0.00
794,6.09
579,0.00
73,5.95
588,0.00
433,5.91
965,0.00
287,6.18
941,6.18
953,6.31
795,0.00
472,6.15
823,12.11
986,6.29
992,12.14
30,6.28
921,0.00
746,0.00
923,6.42
118,6.43
930,18.75
270,6.51
662,6.40
50,6.28
476,6.48
633,0.00
954,0.00
18,6.66
286,6.51
864,0.00
604,6.50
901,0.00
839,6.69
903,6.70
769,0.00
888,6.83
341,6.82
498,6.83
521,6.88
978,0.00
845,6.97
692,7.01
808,0.00
355,6.99
999,0.00
528,6.96
799,7.07
424,6.93
252,6.99
652,7.04
289,7.08
639,6.86
215,6.95
489,12.98
220,7.05
776,7.12
145,7.02
360,0.00
87,6.99
12,6.87
812,12.93
420,6.99
625,6.77
680,6.88
194,6.80
400,6.81
580,12.92
583,12.74
108,6.79
880,6.90
389,6.74
92,6.74
930,12.71
166,6.74
953,18.70
841,6.79
18,6.85
727,6.83
598,6.84
332,6.85
156,6.78
916,0.00
168,6.86
441,6.80
789,6.59
528,0.00
935,12.82
563,6.66
786,6.68
539,6.74
125,6.65
797,0.00
795,13.07
402,6.87
446,6.79
867,12.91
490,6.84
271,6.66
199,6.70
470,12.99
57,6.66
626,0.00
197,6.52
409,6.57
441,6.62
197,6.49
396,0.00
452,6.38
896,12.71
174,6.40
171,6.20
419,6.19
801,6.33
805,6.25
333,6.14
922,6.15
798,6.12
981,6.15
925,6.25
886,6.32
452,6.39
117,6.19
811,0.00
184,6.34
906,6.14
532,0.00
605,6.14
101,6.10
210,6.23
750,6.04
603,6.05
310,5.97
223,6.02
769,6.05
712,0.00
941,6.15
988,0.00
65,6.14
972,6.16
148,6.24
124,6.11
309,6.11
807,6.20
612,6.20
488,0.00
102,6.26
127,6.23
40,6.23
385,6.23
805,0.00
622,6.19
98,6.27
688,0.00
651,6.38
376,13.09
377,12.99
329,6.30
815,6.31
377,0.00
200,6.21
15,6.21
451,0.00
723,6.15
45,6.25
11,6.06
77,6.04
183,6.05
638,0.00
124,5.95
946,6.00
725,12.74
835,6.22
373,0.00
296,6.08
159,6.19
353,6.08
740,0.00
497,5.97
875,6.06
79,6.10
106,6.11
344,6.10
107,6.00
618,5.91
7,0.00
582,0.00
635,6.00
954,0.00
186,6.21
201,6.21
878,0.00
257,6.27
423,6.26
989,6.34
455,6.41
353,6.34
680,0.00
494,6.34
188,6.31
552,6.39
480,6.41
884,6.41
767,6.51
346,6.39
134,6.43
439,6.34
129,6.26
870,6.19
490,0.00
386,6.28
71,6.40
604,12.55
656,12.45
48,6.44
939,6.31
74,6.38
474,0.00
892,6.38
64,6.39
994,0.00
188,6.44
431,0.00
736,6.38
788,6.52
111,6.47
694,12.50
972,6.48
536,6.36
752,6.45
399,6.50
941,12.68
807,12.95
279,6.63
803,6.51
518,0.00
803,6.57
276,6.64
412,6.51
93,6.53
701,6.49
977,31.53
978,6.71
510,12.89
481,6.83
584,0.00
612,6.94
388,6.85
407,6.92
887,7.02
360,7.10
283,7.15
107,7.10
391,7.05
822,0.00
691,7.01
516,7.03
352,0.00
130,0.00
56,7.04
478,6.94
680,6.90
340,0.00
194,0.00
612,0.00
447,6.98
579,0.00
849,7.04
611,7.08
490,0.00
940,6.97
130,6.94
327,0.00
618,0.00
331,6.84
135,6.86
342,0.00
213,6.78
602,6.69
528,6.80
846,0.00
955,13.15
931,0.00
979,0.00
990,6.67
5,6.83
255,6.78
346,6.70
974,6.61
781,0.00
350,6.74
545,6.74
38,6.74
301,6.67
175,6.76
66,6.66
889,6.59
386,6.60
648,6.63
14,6.85
833,6.58
993,6.72
275,6.75
230,6.68
649,6.58
196,0.00
337,6.66
649,13.18
983,6.69
806,6.64
437,6.57
488,0.00
895,13.12
379,6.55
384,13.06
413,13.16
408,6.53
966,13.16
78,6.56
37,6.47
372,6.39
616,0.00
404,0.00
907,13.09
17,6.49
307,0.00
498,6.45
7,6.35
482,13.04
478,6.05
7,6.19
646,0.00
311,6.23
83,6.13
293,6.10
294,6.08
799,6.08
116,6.16
581,0.00
938,6.10
778,5.95
631,6.16
583,6.16
965,6.26
27,6.33
230,6.28
743,6.25
754,6.34
920,13.33
638,6.39
154,6.27
262,13.16
353,13.19
596,6.34
623,13.14
570,6.37
205,0.00
673,6.29
856,0.00
375,6.50
232,6.48
633,6.52
226,6.58
725,0.00
204,6.58
49,6.59
853,0.00
932,6.47
350,6.49
101,6.41
937,0.00
518,6.42
220,6.45
468,6.43
63,6.51
27,6.46
982,0.00
222,6.41
975,0.00
653,0.00
196,6.41
827,0.00
783,6.50
354,6.50
871,6.39
904,0.00
816,6.37
282,6.40
646,0.00
541,19.36
589,13.15
981,13.25
692,6.44
548,13.25
560,6.48
851,6.49
666,6.56
4,6.41
72,12.99
771,6.52
948,6.39
777,6.44
945,6.42
108,0.00
869,6.49
339,6.39
126,0.00
399,0.00
997,12.93
335,6.64
341,6.65
363,6.62
22,6.55
759,6.60
253,6.66
685,6.65
623,0.00
227,6.66
83,6.60
538,12.66
998,6.61
806,0.00
733,6.65
746,0.00
121,6.64
368,6.46
619,0.00
642,6.45
253,6.39
138,6.29
615,12.72
514,6.41
422,6.45
381,6.32
969,6.25
779,6.38
10,6.44
253,6.37
98,6.33
333,6.19
804,0.00
382,0.00
145,6.22
449,6.24
110,6.17
600,6.15
608,0.00
74,6.14
260,6.12
372,6.16
331,6.00
132,5.98
549,0.00
813,5.90
701,6.00
638,0.00
942,6.09
902,0.00
968,6.12
296,6.40
569,6.20
605,0.00
821,6.17
565,6.25
549,6.25
799,6.28
264,6.26
778,6.17
250,6.25
170,6.26
711,6.26
972,6.33
291,6.37
580,0.00
594,0.00
943,12.81
969,12.97
370,6.52
269,6.36
267,12.75
455,6.52
258,6.53
958,0.00
77,6.52
700,12.87
860,6.48
833,6.54
111,6.34
18,6.48
715,6.32
813,6.36
255,6.40
69,6.31
362,6.30
201,6.21
831,0.00
802,6.20
702,0.00
900,6.21
245,6.35
859,12.84
489,0.00
532,12.93
695,6.32
771,6.19
371,6.33
16,6.26
214,6.20
503,6.20
817,0.00
823,6.37
825,6.44
266,6.32
254,0.00
22,6.33
279,6.33
743,6.39
225,6.41
304,6.31
103,6.36
327,6.28
659,6.19
799,6.26
265,6.35
749,0.00
231,6.28
992,0.00
398,6.34
795,0.00
815,6.51
849,0.00
515,6.53
544,0.00
432,6.58
231,6.56
643,6.47
354,6.37
617,12.45
258,6.45
620,0.00
92,6.19
656,6.19
845,6.27
274,6.14
321,6.08
913,0.00
851,0.00
700,0.00
434,5.89
92,6.00
437,5.85
569,0.00
256,5.84
807,12.10
99,5.75
238,5.53
387,5.57
864,5.60
250,5.50
185,5.48
785,18.34
97,5.56
386,5.42
889,5.46
386,5.46
256,5.51
853,5.51
688,5.64
346,5.59
776,5.56
272,5.63
588,0.00
735,0.00
950,5.59
914,11.97
986,5.79
30,5.80
560,0.00
720,5.87
478,5.89
643,5.72
705,5.77
391,5.77
317,5.87
960,0.00
801,5.77
227,5.79
825,5.87
662,0.00
180,12.23
941,12.12
55,5.85
501,12.23
260,5.77
535,0.00
246,5.82
886,5.75
716,0.00
195,5.85
511,5.85
4,5.84
417,0.00
380,0.00
624,5.65
919,0.00
779,5.67
522,0.00
592,5.70
92,5.74
442,5.77
426,0.00
185,5.81
725,0.00
644,5.81
30,5.80
581,0.00
785,5.75
47,5.82
852,0.00
944,5.88
224,5.88
633,0.00
835,5.97
560,5.90
664,5.96
903,5.99
490,11.73
287,6.11
415,0.00
583,0.00
791,11.77
607,11.89
775,6.26
764,12.04
129,6.28
893,11.91
23,6.31
563,6.31
979,11.76
369,6.47
141,6.32
844,6.49
507,0.00
891,6.34
234,6.24
885,6.35
338,6.55
501,6.38
148,0.00
296,6.48
314,6.37
7,6.37
633,0.00
469,6.22
832,6.23
165,6.08
824,6.06
843,6.16
846,0.00
601,6.02
388,6.02
127,6.07
200,6.08
954,6.00
669,0.00
906,6.13
939,0.00
757,6.30
358,0.00
563,6.31
679,6.39
238,6.37
377,6.26
43,6.30
9,6.11
753,0.00
33,6.13
409,6.17
106,6.17
410,0.00
869,6.10
34,6.18
455,6.08
384,6.14
78,6.17
165,6.11
236,6.01
506,0.00
953,11.81
550,6.01
210,5.95
220,5.97
882,0.00
578,5.90
769,6.02
163,6.16
295,6.12
290,6.04
163,6.08
546,0.00
127,5.99
926,0.00
923,5.89
537,5.94
412,5.79
64,5.85
752,5.75
428,5.66
368,0.00
209,5.65
587,0.00
342,5.62
684,5.66
996,24.12
669,5.65
77,5.66
516,12.00
887,0.00
542,0.00
774,5.65
78,5.60
599,5.68
185,5.81
851,11.99
110,5.63
316,5.62
785,5.42
130,5.46
139,5.48
409,5.39
807,0.00
589,5.47
821,11.75
322,5.52
236,5.46
336,5.54
707,5.48
732,11.44
568,5.52
870,5.60
30,5.53
543,0.00
150,5.48
283,5.48
480,0.00
677,11.54
285,5.50
104,5.42
314,5.29
580,0.00
689,11.63
28,5.40
853,5.37
902,11.67
331,5.51
204,5.45
9,5.51
379,0.00
430,5.46
677,0.00
721,0.00
15,5.55
784,0.00
919,0.00
369,5.65
8,5.57
231,5.61
867,0.00
418,5.62
740,0.00
144,5.67
996,0.00
349,5.76
895,5.73
185,5.75
66,5.69
619,5.65
183,5.72
269,5.68
694,0.00
22,5.67
988,0.00
988,5.67
360,5.74
853,5.79
22,5.88
146,5.77
610,5.78
213,5.80
904,5.71
95,5.57
905,0.00
670,11.36
821,5.69
470,11.35
207,5.70
720,5.60
87,5.60
466,0.00
933,29.71
134,5.56
925,0.00
562,5.56
854,5.65
127,5.55
210,0.00
536,0.00
565,5.58
500,0.00
769,5.57
509,5.68
993,5.69
493,0.00
631,11.22
885,5.70
477,0.00
838,5.54
903,5.64
594,5.70
828,5.89
657,0.00
666,5.76
895,0.00
873,5.75
519,0.00
141,5.78
255,11.10
210,5.80
331,5.68
145,5.57
152,0.00
323,5.63
317,5.56
151,5.59
485,0.00
352,5.48
67,5.52
779,10.97
205,5.54
100,5.35
938,0.00
974,5.49
128,5.56
913,0.00
272,5.58
837,0.00
629,11.26
60,5.55
387,5.56
852,5.57
953,11.07
674,0.00
32,5.54
498,5.54
923,0.00
412,0.00
257,5.55
914,0.00
583,0.00
170,5.52
39,5.58
470,0.00
491,0.00
952,0.00
599,11.44
791,5.70
318,5.79
990,5.63
719,5.73
69,5.73
79,5.56
843,5.62
169,5.72
34,5.61
300,11.29
918,23.39
500,5.73
990,11.36
534,5.93
388,0.00
752,5.81
816,5.74
71,5.74
970,11.47
554,11.49
28,5.91
769,0.00
924,5.91
495,5.94
470,6.05
664,6.06
430,0.00
558,5.93
225,6.01
797,11.86
51,6.16
781,0.00
789,6.06
232,6.06
191,5.89
403,0.00
460,5.95
893,11.72
300,6.02
199,5.80
677,0.00
60,5.77
670,5.72
495,5.83
831,5.94
483,0.00
986,6.08
885,6.14
498,0.00
301,6.28
206,6.21
648,0.00
523,6.07
692,6.11
489,0.00
498,6.15
460,0.00
270,6.21
990,0.00
320,6.19
918,6.26
996,6.19
41,6.15
481,6.26
491,0.00
930,11.82
494,6.33
93,6.25
678,6.29
281,6.42
347,6.29
449,0.00
811,6.21
363,6.21
169,6.44
127,6.37
629,0.00
972,12.05
945,12.14
773,6.57
519,0.00
732,0.00
438,12.15
51,6.53
835,0.00
546,6.67
114,6.26
347,12.04
221,6.37
771,0.00
35,6.32
954,6.32
110,6.37
393,12.26
122,6.31
365,6.17
964,6.25
14,6.32
762,0.00
80,6.22
501,0.00
418,6.06
514,0.00
585,0.00
507,0.00
879,5.97
872,6.07
600,6.08
94,6.09
676,0.00
694,6.08
12,6.24
147,6.15
726,0.00
434,6.01
262,5.95
634,6.06
803,12.17
643,6.16
744,6.28
928,6.20
228,6.20
924,12.08
240,12.08
47,6.33
416,6.19
987,0.00
543,0.00
850,6.14
103,6.21
269,6.21
35,6.20
550,0.00
398,6.17
34,6.09
543,0.00
393,6.05
711,0.00
40,6.00
499,0.00
222,5.97
840,0.00
687,12.24
539,6.00
941,17.79
970,0.00
667,6.09
352,6.05
899,0.00
65,5.94
258,5.94
297,5.88
18,5.99
354,5.75
444,5.74
259,5.82
971,0.00
258,5.76
367,12.03
472,5.71
465,5.60
946,12.14
228,5.61
280,5.64
525,0.00
1000,29.21
953,12.25
268,5.67
23,5.57
739,5.57
464,12.18
741,5.63
303,5.58
803,0.00
296,5.67
192,5.67
344,5.69
208,5.66
746,5.59
251,0.00
440,5.64
594,5.61
897,5.61
505,5.65
500,0.00
348,5.56
959,17.86
177,5.63
165,5.48
632,0.00
382,0.00
287,5.43
489,5.44
774,0.00
128,5.43
235,5.34
261,11.57
128,5.53
197,5.31
226,5.28
623,5.29
676,11.64
439,11.75
580,5.34
432,5.38
545,5.47
699,5.48
194,5.38
711,0.00
624,0.00
13,5.16
37,5.22
79,5.25
211,5.19
923,5.19
961,5.18
712,5.21
517,5.27
17,5.30
732,0.00
396,0.00
517,11.28
623,11.08
949,5.00
203,5.13
837,5.09
785,10.98
137,5.18
356,0.00
347,5.04
5,5.16
903,5.13
344,5.20
707,0.00
135,5.21
841,0.00
956,0.00
25,5.30
740,5.30
595,5.30
362,0.00
494,5.31
186,5.39
903,0.00
187,5.39
920,17.62
782,11.11
458,11.20
847,5.43
300,11.29
841,5.61
60,5.62
580,5.86
59,5.61
989,5.64
258,5.43
275,5.52
325,5.64
617,5.58
37,0.00
239,5.72
436,0.00
437,5.56
870,0.00
693,5.82
759,5.93
193,5.92
833,0.00
803,6.00
900,0.00
184,6.07
796,6.17
883,6.24
225,6.17
335,6.17
377,0.00
425,6.16
826,0.00
846,6.26
148,6.26
592,0.00
696,0.00
192,6.36
567,6.36
548,6.47
545,0.00
431,0.00
763,0.00
389,0.00
534,0.00
324,6.32
24,6.28
959,0.00
412,6.33
674,6.38
277,6.44
972,0.00
613,6.58
763,6.57
715,0.00
911,6.57
555,0.00
649,6.72
667,0.00
781,6.86
169,6.76
322,0.00
224,6.95
903,12.17
790,6.98
91,6.99
357,6.99
275,7.00
448,6.91
636,0.00
548,6.94
745,0.00
831,6.99
34,7.00
354,6.94
480,6.77
571,6.80
442,6.87
989,6.88
640,6.76
503,12.20
969,6.83
396,6.97
823,6.88
469,6.89
129,6.86
320,6.75
226,6.80
536,0.00
873,6.80
185,6.82
29,6.58
68,6.65
291,6.66
715,12.23
167,6.71
785,6.66
987,6.70
3,6.89
924,6.75
31,0.00
306,6.80
601,0.00
15,6.61
625,6.47
197,6.43
660,0.00
515,6.33
461,0.00
628,0.00
182,6.19
982,0.00
470,6.28
307,6.22
781,0.00
581,6.31
45,6.38
769,0.00
770,6.16
100,6.26
490,6.16
108,6.22
961,0.00
682,6.24
805,6.23
230,6.25
128,6.12
450,6.20
624,0.00
141,6.19
551,0.00
595,6.08
998,0.00
656,0.00
845,12.75
60,6.18
100,6.13
210,6.04
587,0.00
295,5.95
518,0.00
777,5.83
390,0.00
310,0.00
278,5.77
974,5.79
435,5.89
956,0.00
507,5.74
551,5.83
139,5.84
673,5.82
541,12.63
367,0.00
606,5.89
134,5.79
802,0.00
244,5.92
873,0.00
263,5.86
542,5.92
83,5.84
593,0.00
77,5.71
30,5.63
32,5.64
648,0.00
868,5.59
260,5.54
274,12.38
852,0.00
24,5.67
248,5.69
924,12.28
20,5.76
631,5.71
785,5.72
27,5.60
935,0.00
811,5.57
591,5.63
994,5.71
934,5.60
117,5.60
900,5.66
585,5.81
175,5.64
366,5.75
969,0.00
568,5.83
509,5.83
36,5.80
98,5.74
445,0.00
174,5.78
692,0.00
521,5.69
471,0.00
887,5.68
739,11.97
272,5.84
400,0.00
960,5.84
419,5.77
274,11.93
99,5.78
670,5.78
959,18.14
329,5.87
105,5.72
338,5.73
892,5.72
172,5.79
75,5.82
87,5.83
225,5.73
665,0.00
299,5.61
282,5.53
653,5.52
680,5.52
675,0.00
807,5.64
129,5.75
649,0.00
767,5.64
695,0.00
496,5.65
970,0.00
220,5.68
825,11.55
762,5.74
673,5.57
930,5.65
439,11.51
256,5.64
897,0.00
80,5.71
541,11.58
759,11.52
115,5.69
432,5.71
402,5.63
218,5.66
113,5.75
165,5.68
823,5.74
180,5.76
37,5.59
804,0.00
96,5.55
532,5.58
478,5.62
609,5.59
952,5.65
11,0.00
36,5.44
67,5.50
85,5.44
214,5.38
75,10.99
939,5.38
900,0.00
739,0.00
807,5.43
116,5.32
421,0.00
869,5.34
375,5.48
990,0.00
820,5.63
536,5.76
397,0.00
950,5.65
64,5.73
731,5.68
369,5.74
70,5.54
196,5.54
536,0.00
51,5.51
743,5.51
922,5.46
316,5.63
325,5.53
7,5.61
329,5.52
504,0.00
669,0.00
77,5.52
250,5.39
519,0.00
30,5.34
741,5.34
165,0.00
459,5.43
869,0.00
895,5.58
877,5.61
701,5.62
125,0.00
557,5.52
305,0.00
720,5.52
656,5.52
823,0.00
747,5.46
830,5.59
359,0.00
524,5.57
55,5.63
779,11.30
986,5.60
47,5.63
236,5.62
904,0.00
886,5.55
457,5.50
226,5.63
14,5.52
696,11.30
126,5.52
882,5.66
696,5.56
675,11.16
664,5.62
739,5.63
83,5.53
48,5.54
716,0.00
801,5.62
886,5.66
545,5.78
313,5.52
301,5.60
670,5.65
187,5.79
834,11.26
503,5.88
556,6.00
170,5.97
264,5.82
990,5.68
712,0.00
463,5.59
940,5.53
303,5.75
17,5.61
416,5.58
947,11.17
719,5.70
69,5.71
297,5.57
346,0.00
275,5.59
591,5.57
732,5.67
191,5.75
583,5.66
300,5.76
794,5.67
473,5.69
544,0.00
219,5.69
395,5.60
431,5.64
748,5.73
234,5.84
102,5.85
122,5.72
286,5.67
498,0.00
968,11.16
147,5.42
895,5.53
294,5.44
382,0.00
194,5.51
472,5.43
936,0.00
647,5.38
7,5.44
883,5.36
52,5.49
615,5.39
970,0.00
119,5.47
468,5.33
838,10.85
539,5.24
674,5.47
177,5.53
90,5.46
172,5.32
731,5.32
284,0.00
908,5.45
193,5.57
720,11.01
791,5.48
335,11.01
647,11.18
66,5.34
324,11.23
183,5.52
3,5.44
795,11.28
517,5.65
929,0.00
344,5.57
76,5.62
832,11.31
31,5.65
417,0.00
274,5.53
568,0.00
696,0.00
520,5.43
365,5.33
264,5.32
445,5.40
328,5.41
997,0.00
776,11.26
100,5.47
746,0.00
241,0.00
359,5.25
514,0.00
640,0.00
864,5.23
911,5.15
547,5.12
142,5.22
473,0.00
245,5.13
623,5.10
214,5.08
470,0.00
413,5.22
527,5.22
601,10.71
500,5.13
652,10.90
840,5.20
150,5.12
168,5.12
838,0.00
86,5.20
581,5.17
618,10.78
612,5.25
355,5.14
53,5.14
887,5.18
73,5.20
945,5.20
913,5.21
93,5.36
412,0.00
701,0.00
695,5.28
378,5.15
508,5.20
164,5.21
284,5.21
882,5.21
84,5.22
173,0.00
216,5.23
416,0.00
405,0.00
819,5.08
693,5.18
251,5.18
816,5.09
312,5.15
732,5.16
679,10.78
771,5.13
687,10.82
300,5.24
236,5.24
799,5.34
395,5.27
885,10.86
166,5.40
780,0.00
396,5.26
246,5.19
979,10.95
124,5.43
108,5.34
643,0.00
905,5.22
92,5.35
172,5.46
163,5.39
180,5.39
666,0.00
28,5.34
953,5.23
895,5.27
444,0.00
777,5.35
258,5.35
946,5.39
464,5.45
495,0.00
400,5.39
30,5.24
715,5.42
826,0.00
518,5.53
230,5.46
291,5.44
356,5.45
575,0.00
219,10.69
639,5.33
463,0.00
205,5.39
685,0.00
503,5.36
495,5.39
926,5.45
369,5.53
891,0.00
864,0.00
657,10.93
916,5.67
898,5.81
20,5.57
556,5.60
476,5.69
526,0.00
346,5.66
930,0.00
85,5.67
822,5.61
629,5.69
831,0.00
100,5.69
120,5.73
953,0.00
390,5.63
720,5.75
199,5.87
257,5.80
279,5.79
419,0.00
704,10.89
723,5.72
399,5.74
698,5.82
198,5.52
448,11.00
375,5.66
834,5.74
64,5.67
789,0.00
365,5.65
384,10.89
754,5.72
429,5.73
643,11.01
765,5.76
402,5.68
975,5.66
82,0.00
186,0.00
305,5.73
192,5.62
915,5.62
489,5.71
258,0.00
477,0.00
394,0.00
958,11.06
230,5.86
650,0.00
431,0.00
679,0.00
428,5.76
153,5.88
828,5.83
629,5.92
473,11.28
911,6.03
139,6.03
391,0.00
10,5.99
430,0.00
285,6.00
649,5.99
426,0.00
882,6.07
568,6.03
505,6.16
251,6.16
276,6.13
895,11.59
206,6.28
458,6.09
817,6.11
291,6.23
213,6.14
291,6.20
479,0.00
742,0.00
691,11.79
890,5.98
736,6.09
671,6.20
790,6.19
133,6.38
703,6.29
887,0.00
581,6.28
822,11.92
626,6.40
790,0.00
787,0.00
342,6.46
116,6.47
375,6.43
695,0.00
669,6.60
971,0.00
306,6.40
204,6.50
774,6.48
260,6.60
399,6.57
243,6.58
679,6.65
126,6.50
167,6.43
993,12.48
626,6.72
299,6.64
414,0.00
244,6.46
456,12.05
899,6.50
84,6.53
932,6.48
170,6.49
1,6.46
306,6.36
608,6.27
980,6.30
61,6.35
7,6.35
94,0.00
467,0.00
40,6.34
348,6.27
223,6.21
608,0.00
526,12.12
230,6.30
507,6.14
388,6.09
62,6.18
383,6.13
417,6.02
462,0.00
721,6.05
624,6.05
27,6.04
19,5.91
574,5.85
64,0.00
651,5.79
212,5.82
791,5.73
183,5.96
904,0.00
41,5.91
702,0.00
243,5.89
866,0.00
214,0.00
769,17.36
531,5.99
75,6.09
833,5.99
161,5.99
155,5.84
385,0.00
224,5.82
757,5.79
173,5.74
230,5.75
169,5.66
130,5.55
462,11.78
732,5.47
425,0.00
825,5.38
313,5.30
508,0.00
256,5.23
241,5.23
908,0.00
644,5.07
543,5.17
389,0.00
763,5.35
836,5.18
352,5.19
276,5.33
586,0.00
753,5.18
918,5.06
551,5.23
495,5.18
513,5.09
28,5.03
789,0.00
969,5.05
869,5.13
316,4.98
94,5.08
957,22.38
764,5.18
865,5.29
603,5.04
14,5.08
556,5.13
52,5.17
485,5.17
137,5.24
456,5.12
770,0.00
756,5.20
736,5.33
477,5.22
506,5.21
138,5.25
917,0.00
580,5.40
831,5.23
532,5.34
402,5.38
332,5.43
867,5.45
94,5.47
425,5.24
7,5.23
621,0.00
479,5.23
764,5.23
932,5.23
936,0.00
522,5.27
3,5.32
856,5.35
339,5.40
874,5.34
661,0.00
746,5.49
834,5.55
64,5.64
506,0.00
889,5.71
33,5.80
201,5.78
217,5.78
888,11.00
32,5.90
860,11.00
166,5.83
552,5.71
154,5.74
968,0.00
878,10.98
340,5.90
516,5.70
164,5.89
638,0.00
447,0.00
256,5.65
860,0.00
932,5.71
288,5.75
914,0.00
880,5.68
760,10.96
141,5.82
287,0.00
548,5.92
387,5.93
319,11.02
386,11.08
861,6.23
190,6.13
461,18.01
796,11.45
333,6.28
862,0.00
681,0.00
797,11.61
958,6.44
975,17.87
336,6.62
334,0.00
983,11.81
172,6.51
16,6.58
290,6.40
415,0.00
318,6.42
955,6.48
10,6.60
93,6.54
687,6.42
883,6.47
392,6.52
283,0.00
89,6.58
406,6.54
915,0.00
918,6.48
380,0.00
877,0.00
948,6.58
221,6.61
905,0.00
366,0.00
971,6.70
156,6.58
284,6.69
129,6.65
837,0.00
493,6.74
75,6.70
925,0.00
437,6.61
956,0.00
561,0.00
13,6.76
474,0.00
628,6.59
546,0.00
705,6.52
844,0.00
206,6.75
130,6.75
505,0.00
934,6.62
312,6.69
437,6.69
268,6.79
257,6.73
292,0.00
777,6.64
331,0.00
566,12.38
25,6.83
703,0.00
814,0.00
186,6.77
716,0.00
847,6.85
688,6.66
18,0.00
209,6.79
861,6.81
393,6.92
387,6.76
238,6.80
203,6.71
681,6.63
59,6.65
928,6.51
473,0.00
912,12.53
671,0.00
246,6.45
761,12.50
103,6.54
543,6.55
432,6.29
33,6.36
513,0.00
393,6.09
617,5.98
705,6.02
672,12.54
591,6.04
380,0.00
932,6.15
939,0.00
314,6.05
112,6.15
994,6.06
424,12.51
587,6.23
585,6.00
399,6.10
757,0.00
276,6.11
599,6.04
38,0.00
465,12.62
452,6.13
209,6.16
613,5.96
94,0.00
402,5.91
624,5.99
563,6.10
719,0.00
810,6.01
657,0.00
630,6.08
760,0.00
949,6.11
454,6.12
275,6.22
168,0.00
797,6.20
879,6.06
304,6.27
207,6.23
108,6.12
917,0.00
541,5.96
875,0.00
252,6.08
672,6.00
295,6.18
492,6.16
828,6.20
919,6.27
971,0.00
613,13.16
84,6.36
629,13.07
491,6.44
48,6.21
904,0.00
685,6.29
358,6.34
1000,0.00
534,0.00
804,0.00
570,6.31
906,6.40
298,6.41
879,6.40
715,6.53
692,6.47
999,13.06
439,6.61
35,6.48
406,6.52
867,0.00
113,12.90
460,6.56
506,6.42
558,6.63
304,6.68
684,0.00
960,12.56
267,6.66
694,12.61
548,12.67
588,0.00
940,24.23
657,6.79
36,6.65
576,0.00
592,6.62
992,6.82
387,6.84
412,6.79
632,6.69
262,6.79
159,6.84
524,0.00
925,6.71
52,6.88
817,6.69
439,6.77
763,6.90
80,6.83
307,6.75
106,6.73
390,0.00
599,0.00
874,6.81
59,6.84
558,0.00
737,6.76
117,6.76
737,6.63
250,6.60
892,0.00
456,6.48
148,6.67
479,6.47
601,6.48
796,12.53
69,6.40
603,6.43
537,6.43
852,0.00
47,6.46
863,0.00
523,0.00
380,6.27
431,0.00
188,6.13
783,6.04
778,6.10
601,6.19
372,6.15
699,0.00
169,6.13
895,0.00
444,6.12
342,6.04
654,0.00
404,5.98
149,6.04
19,6.05
348,5.94
496,5.74
404,5.70
819,12.28
451,5.80
711,5.78
504,5.69
328,12.36
917,0.00
466,5.82
269,5.85
257,5.79
423,5.64
981,12.44
634,5.73
362,5.84
478,0.00
216,5.62
212,5.60
354,0.00
910,18.41
83,5.46
515,0.00
512,0.00
646,0.00
185,5.59
122,5.47
174,0.00
605,0.00
230,5.56
609,0.00
804,5.48
33,5.52
265,5.40
536,0.00
196,5.36
4,5.36
258,0.00
650,5.39
487,5.24
862,0.00
594,5.25
863,5.34
126,5.31
567,5.33
700,5.48
28,5.52
768,5.39
158,0.00
645,5.36
401,0.00
827,5.39
846,5.49
225,5.40
981,5.42
823,5.52
968,5.47
867,5.45
744,0.00
816,5.53
343,5.64
825,5.64
161,5.72
133,5.77
404,5.74
880,0.00
988,5.74
51,5.67
330,5.56
369,0.00
931,5.63
189,5.64
223,0.00
236,5.62
840,5.54
497,5.59
403,0.00
655,5.77
913,5.95
669,5.92
562,5.92
640,5.96
78,5.96
531,5.73
788,30.73
63,5.90
52,5.95
916,24.76
299,5.98
853,6.10
945,6.10
886,6.22
985,11.82
324,6.00
203,6.11
825,6.11
287,6.22
521,6.09
694,11.77
573,11.80
223,6.23
927,6.14
116,6.27
740,6.20
593,0.00
699,6.18
377,6.19
85,0.00
924,11.78
157,6.36
244,6.37
823,0.00
300,6.28
125,6.30
354,6.30
616,6.23
925,6.27
577,6.38
313,6.43
247,6.39
164,6.38
301,6.29
613,0.00
832,0.00
972,11.81
883,0.00
30,6.43
936,6.51
283,6.67
510,6.49
695,0.00
267,6.68
400,0.00
719,18.67
516,12.15
63,6.65
613,6.59
56,6.67
978,6.57
480,6.58
574,6.57
292,6.64
199,6.63
595,0.00
543,0.00
955,6.42
40,6.46
834,0.00
742,0.00
526,6.56
311,6.60
976,0.00
459,0.00
775,6.77
87,6.70
815,6.65
497,6.64
614,6.76
343,6.72
402,6.68
377,0.00
716,6.53
788,6.51
784,12.36
641,6.59
852,6.48
609,0.00
225,6.48
342,6.41
210,0.00
350,6.50
754,0.00
652,12.50
195,6.38
630,6.48
764,6.27
170,6.49
133,6.38
942,6.44
399,6.45
393,12.55
759,6.40
40,6.23
435,6.14
140,6.33
23,6.13
848,6.14
384,6.27
674,0.00
576,6.10
9,6.11
562,6.08
415,6.11
921,6.12
110,6.12
217,6.25
133,6.17
877,0.00
167,6.11
456,6.11
580,0.00
724,6.18
564,0.00
359,6.03
751,0.00
394,6.12
826,0.00
46,6.02
681,0.00
39,5.92
832,0.00
87,5.88
43,5.88
88,5.90
994,12.48
902,5.99
741,0.00
848,5.95
345,5.89
75,5.85
734,5.80
588,0.00
840,5.89
493,0.00
492,5.87
31,5.83
76,5.88
190,5.84
449,5.73
79,5.72
158,5.73
895,12.19
200,5.75
777,0.00
873,5.49
565,5.64
276,5.51
132,5.57
328,5.58
166,5.49
32,5.52
811,0.00
658,5.50
583,0.00
956,5.61
20,5.61
433,0.00
481,5.68
590,12.17
357,5.71
124,5.57
865,5.63
136,5.65
894,5.41
993,5.49
654,5.50
435,5.60
684,5.61
133,5.51
324,5.56
920,5.50
155,5.52
997,36.51
962,5.65
476,5.66
300,5.68
190,5.49
761,5.63
552,5.73
599,0.00
923,11.77
405,0.00
624,5.66
546,0.00
614,5.79
395,5.92
793,0.00
429,12.22
945,0.00
592,6.00
772,6.02
888,0.00
565,6.07
525,6.01
315,0.00
340,5.97
185,6.01
3,5.86
885,0.00
270,0.00
305,5.87
14,5.94
851,5.86
958,0.00
722,5.95
340,6.08
502,6.09
942,0.00
543,6.13
109,6.19
181,6.06
37,5.98
33,5.99
775,0.00
539,5.93
166,6.00
432,5.86
367,0.00
622,5.89
102,5.94
381,5.87
754,5.85
789,0.00
1,6.02
131,6.03
684,0.00
724,11.54
868,5.96
23,5.97
465,0.00
385,0.00
316,5.98
412,5.95
636,0.00
74,5.97
623,0.00
899,11.50
428,5.98
735,6.04
963,11.61
951,18.32
356,6.15
251,6.12
85,6.14
994,11.62
998,6.30
853,6.44
267,6.25
894,11.85
22,6.15
345,6.23
329,0.00
195,6.26
691,0.00
738,0.00
101,11.75
580,11.88
517,6.23
999,6.23
432,6.15
585,6.06
694,6.16
858,0.00
466,6.15
593,0.00
141,6.10
289,5.96
311,6.10
505,5.88
744,11.92
650,5.96
39,5.81
918,11.90
134,5.65
392,5.66
100,5.61
891,5.62
379,0.00
391,5.73
361,5.68
196,5.68
974,0.00
821,5.58
360,0.00
460,0.00
849,5.44
343,5.51
940,0.00
296,5.64
74,5.58
68,5.58
366,5.58
467,0.00
536,5.56
755,5.60
334,5.67
166,5.69
362,5.63
890,5.42
617,0.00
83,5.66
866,5.59
258,5.60
957,5.74
7,5.63
402,5.52
60,5.66
883,0.00
342,5.69
229,5.74
691,0.00
597,11.66
522,5.62
514,5.63
384,0.00
705,5.54
197,5.51
262,5.53
919,0.00
75,5.53
778,5.42
921,5.49
761,5.39
316,11.82
140,5.46
656,5.46
370,5.46
499,11.59
334,5.58
972,11.71
718,0.00
333,5.47
137,5.52
37,11.63
754,5.42
919,5.31
118,5.30
719,0.00
129,5.18
513,0.00
628,0.00
649,5.26
187,5.13
354,0.00
305,5.24
23,5.17
516,5.16
791,5.16
741,11.07
919,10.93
483,5.23
492,5.29
288,5.39
737,5.33
167,5.32
3,5.49
39,5.31
667,5.28
339,0.00
3,5.37
832,5.35
154,5.42
74,5.36
960,10.97
732,10.90
312,5.44
535,0.00
284,5.38
524,0.00
863,10.93
929,5.62
408,5.38
969,0.00
76,5.79
841,0.00
42,5.76
999,0.00
292,5.76
200,5.82
923,11.26
79,5.85
460,0.00
137,5.74
516,0.00
106,5.81
666,0.00
759,11.34
607,5.84
892,5.83
683,0.00
43,5.89
980,5.84
529,5.82
331,5.89
986,5.92
415,5.91
545,11.52
41,5.99
121,0.00
160,5.80
240,5.95
793,0.00
918,5.75
882,0.00
819,5.89
903,5.92
119,5.93
237,5.92
788,11.35
428,5.85
261,5.90
850,0.00
985,0.00
502,0.00
954,11.51
711,11.65
506,6.31
601,6.26
435,6.39
35,6.43
378,0.00
853,6.37
606,0.00
837,11.64
360,6.56
430,6.50
829,6.69
525,6.73
202,6.71
294,6.67
734,0.00
706,17.72
326,0.00
551,6.67
20,6.67
337,6.69
674,6.53
568,6.65
519,0.00
934,0.00
400,6.77
516,6.79
461,6.83
921,0.00
610,6.90
545,6.83
163,6.75
214,6.91
902,0.00
373,6.82
176,6.82
935,12.21
492,6.67
919,6.54
574,6.64
20,6.70
94,6.62
620,6.56
257,6.62
259,6.66
796,0.00
134,6.59
433,0.00
739,6.64
979,6.68
162,6.69
452,6.48
134,6.41
989,6.47
82,6.48
487,0.00
388,6.41
211,6.41
442,12.35
372,6.43
619,6.24
604,6.31
168,6.38
735,6.22
867,6.39
303,6.39
850,12.22
126,6.47
516,6.44
1,6.39
190,6.28
283,0.00
792,6.37
748,17.64
215,6.48
550,0.00
917,12.47
944,12.51
172,6.64
96,6.50
888,6.52
128,6.51
848,18.04
21,6.56
916,0.00
12,6.36
532,6.24
611,6.29
223,6.31
6,6.14
672,6.10
310,6.21
505,6.22
149,5.93
584,6.06
267,5.93
975,12.66
920,6.04
179,5.89
536,5.82
622,0.00
807,5.88
494,0.00
59,5.90
552,0.00
958,5.95
584,0.00
467,0.00
178,5.90
408,5.84
828,5.80
912,5.93
69,5.79
677,5.77
443,5.71
117,5.72
335,5.72
498,12.14
473,0.00
906,0.00
696,5.62
300,5.69
602,0.00
38,5.64
640,0.00
393,5.62
691,0.00
489,5.67
314,5.66
729,5.73
257,5.74
798,5.71
249,5.77
410,5.79
321,5.72
112,5.75
230,5.77
240,5.77
529,0.00
904,5.83
823,5.86
499,5.87
46,0.00
378,5.96
886,5.99
921,5.89
45,5.94
229,5.79
808,5.85
345,0.00
994,5.71
299,5.79
670,5.79
333,5.75
265,5.56
475,5.67
89,5.67
933,18.27
690,5.77
332,5.78
151,5.77
342,5.73
69,5.79
228,5.72
92,5.73
377,5.63
665,0.00
187,5.71
378,0.00
909,5.65
177,5.70
759,5.77
632,0.00
730,11.93
794,0.00
240,5.95
811,0.00
523,11.88
939,6.08
994,6.21
915,12.13
937,6.38
16,6.32
571,6.28
359,6.38
638,6.17
26,6.24
165,6.13
630,0.00
330,6.07
944,6.11
115,6.14
201,6.13
911,6.01
848,6.08
991,0.00
199,6.21
553,6.12
678,6.20
302,6.29
837,11.88
119,6.30
107,0.00
299,6.17
121,0.00
921,0.00
815,6.28
862,6.31
594,6.29
271,6.37
679,0.00
614,6.25
422,6.24
961,0.00
969,6.36
190,6.38
36,6.28
585,0.00
996,11.94
243,6.38
919,6.27
501,6.33
59,6.43
672,6.36
313,0.00
208,6.47
980,6.37
20,6.48
323,6.45
214,6.44
486,0.00
193,6.47
886,0.00
762,12.28
834,6.54
263,6.42
143,6.51
443,0.00
646,0.00
284,6.40
859,0.00
63,6.30
527,0.00
306,6.22
743,0.00
3,6.25
804,6.25
199,6.26
39,6.26
567,0.00
551,6.26
626,12.13
818,0.00
75,6.31
526,0.00
62,6.35
866,0.00
372,6.16
595,0.00
184,5.97
785,0.00
182,12.21
473,11.99
695,5.78
572,0.00
406,5.90
198,5.77
689,5.82
985,5.86
645,5.90
589,0.00
542,5.93
520,0.00
660,0.00
430,6.07
706,12.12
414,6.03
503,6.01
559,0.00
34,5.89
310,5.83
649,5.82
582,5.89
50,6.00
753,0.00
816,18.16
925,5.90
452,5.90
613,6.01
774,6.09
337,5.96
710,0.00
895,6.00
884,0.00
896,6.07
36,6.20
859,6.16
101,6.19
489,6.05
338,6.16
625,0.00
952,6.23
843,6.24
740,6.18
29,6.22
241,6.15
711,0.00
237,6.13
32,6.07
284,6.08
726,6.00
785,12.54
952,6.23
994,18.39
361,6.08
471,6.08
473,6.14
795,6.07
53,6.15
829,6.06
594,6.10
967,12.37
486,6.23
275,6.28
705,6.23
140,6.36
626,0.00
728,6.29
368,6.26
269,6.38
785,6.21
282,6.19
476,0.00
752,6.24
335,6.29
100,6.25
770,0.00
682,6.26
769,6.30
853,0.00
655,12.15
959,6.10
203,6.25
259,6.19
371,6.27
550,0.00
633,12.13
123,6.14
526,0.00
460,0.00
962,11.97
207,6.12
121,6.01
518,0.00
33,6.20
266,6.19
656,0.00
769,6.08
326,0.00
471,6.17
597,0.00
956,6.06
522,6.09
536,0.00
196,6.00
884,0.00
151,6.05
611,0.00
978,5.90
9,6.05
366,5.92
845,5.95
284,5.94
757,0.00
873,0.00
570,5.98
255,6.13
765,12.26
502,6.03
977,5.96
321,6.06
252,5.93
173,0.00
912,6.03
170,5.92
805,5.97
708,6.06
445,6.18
904,6.34
304,6.28
773,0.00
855,12.63
699,12.52
632,12.65
112,6.59
186,6.38
774,6.59
98,6.52
437,0.00
29,6.41
966,6.35
258,6.40
801,6.20
869,6.16
725,0.00
495,6.36
294,6.28
745,6.32
727,6.37
620,6.27
479,6.34
121,6.33
133,6.33
490,0.00
884,6.26
535,6.25
867,12.63
722,6.34
679,6.44
803,6.40
84,6.49
898,12.51
586,6.57
786,0.00
135,6.45
271,6.55
481,0.00
289,6.49
61,6.49
889,0.00
564,6.56
966,0.00
583,6.69
843,6.62
320,6.75
116,6.70
139,6.70
109,6.64
231,6.53
997,0.00
684,6.65
67,6.68
900,6.67
732,6.60
637,6.73
464,0.00
497,6.72
56,6.85
651,0.00
776,0.00
911,0.00
367,6.80
647,0.00
160,6.66
214,6.65
956,18.86
765,12.63
711,6.59
756,6.67
57,6.79
20,6.73
641,0.00
690,0.00
470,6.40
160,6.46
503,0.00
608,0.00
337,6.11
490,6.11
108,6.16
211,6.17
750,12.71
867,6.20
794,12.77
9,6.39
180,0.00
540,0.00
196,12.54
377,6.36
80,6.41
225,12.46
438,6.36
709,6.26
407,6.38
366,6.26
312,6.28
185,6.24
181,6.22
742,6.24
989,6.25
910,6.10
929,0.00
558,6.19
241,6.36
836,0.00
672,6.43
763,0.00
522,12.83
662,0.00
439,6.51
750,6.58
436,6.48
631,6.33
214,6.34
563,0.00
464,6.26
138,6.36
32,6.27
628,6.27
633,0.00
20,6.24
881,0.00
958,6.27
375,6.23
850,6.09
283,6.22
614,0.00
76,6.32
858,6.35
494,6.42
526,0.00
929,6.23
460,6.24
249,6.24
193,6.10
54,6.29
812,0.00
933,6.11
53,6.27
408,6.26
767,0.00
800,12.93
685,0.00
619,13.10
627,6.10
730,0.00
883,6.30
571,6.41
159,6.49
756,6.40
305,6.46
559,0.00
439,6.24
38,6.24
671,0.00
458,6.31
909,0.00
738,6.29
563,6.39
12,6.40
792,0.00
219,6.33
424,6.31
134,6.28
981,12.52
612,6.23
40,6.22
175,6.20
637,24.93
302,6.19
761,12.48
415,0.00
124,5.95
784,0.00
608,0.00
881,6.00
628,12.51
970,6.25
701,12.29
164,6.13
218,6.23
477,0.00
480,6.09
129,6.06
763,5.96
520,0.00
746,5.83
577,0.00
224,5.89
236,5.89
937,5.95
964,6.07
218,5.86
393,0.00
890,5.95
474,0.00
317,5.96
42,6.17
56,6.02
781,0.00
968,12.22
579,5.99
95,5.86
343,5.94
483,5.90
275,5.92
68,5.88
566,0.00
49,5.85
388,0.00
524,5.81
21,5.74
749,0.00
176,5.83
88,5.88
571,5.69
666,0.00
665,5.56
939,5.65
412,5.65
800,0.00
602,11.88
479,5.62
22,5.64
353,5.61
837,0.00
490,5.54
786,0.00
185,5.48
160,5.48
709,5.43
689,5.46
830,5.56
550,0.00
858,5.58
961,11.98
936,5.63
931,12.03
18,5.76
450,0.00
240,5.76
277,5.75
964,12.08
761,5.75
2,0.00
630,12.00
1,5.77
363,5.72
941,0.00
705,6.08
788,5.91
210,5.97
811,12.19
858,6.18
806,6.16
612,6.12
383,6.32
545,0.00
171,6.04
861,18.25
160,6.07
845,12.43
628,6.05
467,12.38
592,6.16
15,6.22
902,0.00
303,6.17
91,6.28
394,6.23
599,6.21
286,6.12
438,5.98
114,6.12
334,6.11
194,6.01
282,6.04
260,5.94
660,5.85
313,5.95
965,0.00
907,5.90
2,5.92
667,0.00
957,5.94
504,0.00
613,5.86
929,5.96
215,6.17
853,6.10
922,6.18
462,6.27
899,6.33
14,6.41
478,0.00
203,6.35
554,0.00
513,6.43
275,6.45
990,0.00
679,6.31
947,0.00
957,0.00
323,6.59
360,6.51
796,0.00
412,6.54
204,6.56
193,6.60
571,0.00
389,6.47
917,6.47
275,6.48
353,6.37
228,6.51
503,6.36
881,6.34
354,6.61
872,11.89
797,12.04
308,6.45
549,0.00
897,0.00
25,6.42
583,6.37
498,0.00
710,18.44
346,6.44
256,6.46
136,6.44
87,6.33
102,6.33
868,31.38
600,6.30
811,12.43
159,6.33
987,6.28
114,6.33
161,6.13
419,6.12
182,6.19
2,6.23
205,6.13
691,6.14
227,6.15
579,0.00
792,12.17
491,0.00
495,6.02
891,0.00
589,0.00
956,12.41
856,6.14
20,6.11
247,6.20
131,6.15
569,0.00
277,6.19
314,6.22
443,6.12
888,0.00
403,6.20
825,6.20
362,6.34
753,6.22
972,6.33
636,6.34
666,0.00
643,0.00
705,6.15
290,6.19
655,6.05
475,6.05
325,5.86
371,5.95
478,5.95
184,0.00
853,5.91
586,5.96
455,0.00
795,12.37
53,6.10
199,6.08
724,0.00
774,5.82
926,5.91
4,6.00
733,0.00
446,0.00
936,5.90
691,0.00
396,5.88
918,6.08
166,6.08
304,6.05
718,0.00
838,5.93
511,12.38
720,6.06
893,5.93
697,12.30
892,6.06
83,6.06
288,0.00
751,5.94
740,6.05
19,5.89
622,5.91
197,5.95
511,0.00
931,0.00
443,12.28
370,5.98
369,5.99
78,5.79
844,12.13
138,5.81
378,5.73
992,5.87
369,5.87
848,5.90
468,0.00
252,6.00
892,6.00
113,5.95
143,6.01
317,5.91
595,0.00
877,12.05
780,0.00
263,5.93
327,5.97
801,5.97
362,0.00
235,5.78
828,0.00
903,5.94
964,5.95
945,6.19
161,6.08
783,6.00
745,0.00
487,6.05
724,5.99
980,6.04
442,5.96
818,0.00
778,5.97
725,6.00
403,6.03
638,6.16
542,6.17
802,6.03
380,6.11
594,6.30
15,6.15
312,6.16
832,0.00
857,6.08
936,6.00
549,6.06
319,6.17
274,6.08
195,6.18
189,6.08
931,6.00
945,0.00
625,0.00
654,6.06
265,6.14
449,0.00
672,6.06
269,6.14
297,6.12
507,0.00
993,0.00
575,0.00
636,6.13
413,6.20
976,18.74
977,6.30
58,6.31
62,6.35
758,6.32
581,0.00
757,12.22
904,6.38
974,6.47
58,6.48
50,6.54
853,6.52
99,6.52
464,6.68
501,6.55
660,6.62
953,12.43
404,6.59
110,6.68
224,6.60
624,6.60
541,6.67
463,0.00
909,6.62
156,6.71
729,12.45
756,6.67
198,6.58
692,6.61
145,6.70
161,6.64
902,6.75
361,6.77
422,0.00
701,6.67
832,6.80
910,12.61
514,6.66
50,6.70
184,6.67
54,6.61
736,6.56
943,0.00
882,12.67
684,6.62
688,6.68
467,6.73
353,6.76
295,6.67
84,6.70
56,6.57
846,6.58
820,0.00
650,6.48
955,6.43
347,6.51
112,6.57
845,6.54
285,6.55
582,6.55
226,6.66
110,6.44
895,0.00
3,6.47
276,6.46
650,6.50
422,6.51
188,6.53
772,0.00
908,18.63
3,6.48
564,6.32
231,0.00
485,6.47
847,0.00
281,6.38
323,6.38
273,6.39
52,6.30
251,6.27
831,0.00
403,12.46
267,6.11
423,12.32
498,6.15
151,6.16
454,0.00
260,6.17
387,12.54
731,6.10
594,5.92
892,6.02
67,6.08
325,6.00
782,6.00
761,6.13
492,0.00
668,12.67
538,5.91
550,5.81
814,5.90
584,0.00
764,6.03
526,6.13
733,0.00
416,0.00
523,0.00
923,6.03
361,6.23
302,6.13
705,0.00
967,18.79
201,6.12
982,6.22
468,6.21
54,6.24
117,6.12
925,0.00
868,6.12
345,5.99
35,5.99
501,0.00
125,6.09
153,6.02
936,0.00
263,5.90
431,0.00
482,0.00
849,5.79
937,5.87
245,5.84
927,5.93
987,12.61
704,6.14
787,6.12
262,5.98
44,6.06
503,0.00
795,6.03
673,6.01
639,6.10
154,6.04
996,5.93
40,0.00
934,6.02
75,6.16
193,6.04
840,0.00
830,6.19
217,6.20
269,6.11
157,6.22
428,6.09
605,6.09
158,0.00
313,0.00
734,6.08
851,6.23
943,6.14
230,6.26
414,0.00
237,6.18
23,6.28
552,0.00
586,6.23
647,0.00
565,6.15
343,0.00
654,12.17
751,6.12
503,6.27
737,6.27
206,6.20
754,6.15
851,6.24
786,6.37
499,6.40
319,6.30
75,6.20
492,6.31
537,12.31
199,6.24
686,0.00
711,6.14
954,6.17
417,6.25
749,0.00
197,6.14
22,6.11
440,0.00
960,6.02
231,6.02
724,18.91
351,12.06
504,6.12
716,6.12
250,5.97
84,5.96
289,5.97
451,0.00
195,5.97
229,5.91
551,5.89
426,5.94
874,0.00
227,6.06
338,6.11
474,0.00
48,6.02
564,0.00
349,5.86
880,0.00
867,11.87
197,5.77
540,0.00
883,5.78
127,5.87
911,0.00
578,5.70
317,5.75
630,5.69
822,0.00
77,5.69
922,5.69
504,0.00
147,5.72
119,5.72
701,0.00
18,5.74
593,5.69
601,5.69
932,30.34
420,5.75
135,5.77
905,0.00
572,5.70
622,5.74
155,5.78
133,5.80
362,5.70
757,5.70
907,5.82
763,12.04
463,0.00
725,18.06
273,12.04
599,11.96
160,5.91
127,5.75
507,0.00
17,5.69
567,11.85
327,5.60
700,11.80
910,5.51
231,5.51
533,0.00
905,11.91
629,5.58
190,5.50
601,5.45
817,5.60
289,5.64
391,5.45
796,0.00
134,5.48
621,0.00
834,5.50
783,5.60
117,5.61
848,0.00
318,5.71
955,0.00
878,5.75
525,0.00
760,5.80
219,5.82
205,5.78
174,5.81
784,0.00
634,5.84
679,5.82
566,0.00
903,5.82
18,5.92
830,5.87
431,0.00
911,6.02
426,5.95
182,6.10
772,11.92
840,6.11
204,6.12
115,0.00
38,6.06
780,0.00
228,6.14
946,0.00
738,6.29
984,0.00
113,6.29
14,6.37
583,0.00
833,6.30
91,6.30
907,0.00
297,6.21
638,6.31
997,0.00
904,6.41
733,6.46
437,6.57
948,6.63
652,6.55
643,6.63
39,6.53
148,6.52
333,6.68
80,6.53
827,0.00
120,6.53
694,6.49
939,0.00
875,6.56
130,6.73
1,6.54
953,0.00
377,0.00
823,18.66
648,6.72
69,6.72
786,0.00
876,6.76
184,6.68
417,0.00
862,0.00
99,6.84
147,6.93
575,12.41
532,6.89
12,6.73
37,6.73
258,0.00
385,0.00
351,6.59
646,12.26
229,6.58
762,6.59
926,6.66
367,6.52
821,6.64
721,0.00
904,0.00
833,6.78
367,6.80
341,6.61
43,6.66
919,6.57
401,6.58
982,6.67
86,6.63
862,6.50
281,6.64
247,6.72
119,6.57
454,6.60
371,6.63
264,6.48
358,0.00
991,6.40
149,6.54
649,0.00
995,6.43
889,0.00
683,6.45
845,0.00
947,6.54
394,6.55
238,6.40
597,0.00
346,6.37
435,0.00
87,6.36
525,6.36
763,12.55
622,6.38
231,6.25
374,6.51
336,6.36
660,6.26
684,0.00
989,0.00
866,0.00
28,6.27
789,0.00
811,0.00
238,6.25
848,0.00
219,6.16
862,0.00
203,6.10
224,6.17
616,0.00
824,12.89
138,6.21
800,6.06
968,0.00
990,18.74
433,12.86
37,6.20
734,6.02
586,6.17
20,6.06
479,0.00
282,5.95
96,5.95
425,5.92
733,5.92
647,6.06
399,6.07
70,6.09
909,12.74
950,12.78
132,6.12
943,0.00
566,12.85
983,6.17
398,12.73
557,6.31
426,6.03
253,6.13
469,0.00
540,0.00
156,6.02
813,0.00
40,6.02
371,6.08
239,5.99
980,5.97
491,5.98
426,5.97
885,0.00
588,0.00
121,6.05
417,0.00
940,6.01
266,6.12
691,0.00
952,6.03
525,0.00
415,6.12
380,6.15
923,6.05
73,6.19
905,0.00
404,5.98
700,6.01
765,6.10
133,5.97
319,5.99
669,5.83
477,5.79
46,5.95
481,0.00
825,0.00
221,6.05
830,5.79
818,5.93
962,5.98
202,6.06
102,6.00
69,6.00
194,5.79
527,5.80
889,0.00
600,5.65
737,5.75
453,5.81
596,0.00
173,5.91
510,0.00
274,5.70
623,11.83
903,5.81
443,5.82
673,11.94
521,5.78
711,18.55
236,5.81
954,11.84
126,5.80
943,5.91
229,5.92
219,5.82
230,5.78
743,5.97
981,5.99
248,6.08
118,5.94
91,0.00
594,6.09
314,6.09
327,6.05
826,6.04
547,6.02
559,0.00
537,6.06
315,6.07
95,12.16
740,6.22
849,6.23
515,6.16
110,6.23
905,6.17
714,6.25
100,0.00
136,6.18
80,6.20
608,6.18
777,6.24
977,6.26
152,6.15
88,6.20
693,6.13
378,6.16
649,0.00
592,6.23
593,6.20
386,6.28
63,6.12
812,6.08
125,6.18
643,0.00
774,12.23
619,6.31
874,0.00
28,6.23
211,6.16
537,0.00
448,0.00
450,12.20
804,6.35
229,6.29
633,6.11
378,6.21
871,0.00
179,6.28
156,6.36
78,6.27
789,12.22
56,6.26
590,0.00
120,6.10
610,6.16
484,6.14
495,6.20
727,6.28
716,11.88
340,6.28
723,6.13
276,0.00
949,11.99
91,6.39
268,6.18
453,0.00
711,0.00
339,6.37
875,0.00
437,6.29
229,6.52
431,0.00
32,6.41
360,6.28
480,0.00
816,12.13
710,6.34
383,6.13
596,6.26
181,6.19
419,6.34
680,0.00
696,6.21
146,6.31
305,6.28
638,0.00
52,6.22
150,12.31
967,6.27
928,18.40
112,6.17
957,6.16
276,12.28
882,6.27
862,6.26
213,6.23
596,6.36
197,6.09
446,6.08
358,6.21
624,6.13
591,0.00
394,6.25
855,0.00
233,6.26
236,12.33
92,6.26
406,0.00
816,6.22
125,6.12
790,6.16
334,6.25
674,6.21
663,0.00
593,0.00
359,6.30
698,6.30
24,6.26
240,6.27
572,0.00
340,6.16
948,0.00
322,6.11
715,6.14
971,0.00
362,6.19
244,6.20
318,6.21
79,6.15
526,6.03
482,0.00
766,0.00
936,6.05
833,6.17
550,0.00
463,0.00
708,6.33
626,6.34
389,6.42
917,0.00
325,6.40
826,6.32
1,6.39
91,6.29
669,6.20
774,6.20
309,0.00
461,6.23
548,0.00
760,12.61
189,6.32
16,6.10
271,6.16
462,6.11
13,6.11
604,0.00
886,6.19
8,6.22
297,6.22
646,18.15
248,6.17
745,6.22
906,31.28
336,6.16
26,0.00
250,6.29
450,6.16
576,0.00
84,6.25
423,6.18
557,0.00
359,12.56
842,6.22
518,6.35
430,6.43
422,0.00
970,6.26
290,12.29
114,6.15
380,6.17
77,6.19
801,6.06
642,6.17
878,12.31
262,6.27
655,6.20
370,6.26
680,6.25
612,6.34
844,0.00
228,6.38
630,0.00
379,6.45
590,0.00
966,12.67
53,6.34
141,6.42
743,0.00
941,6.45
875,6.42
207,6.46
168,6.35
124,6.40
140,6.48
529,6.40
841,0.00
978,12.61
761,6.56
8,6.59
228,6.68
979,6.50
208,6.51
627,0.00
385,6.59
335,6.57
554,6.48
29,6.69
839,6.53
225,6.61
595,6.46
750,6.56
672,12.79
100,6.78
310,0.00
390,6.54
229,6.50
289,6.44
104,6.46
19,6.42
110,6.36
579,6.35
721,0.00
420,0.00
754,6.36
252,6.45
8,6.33
3,6.35
21,6.35
809,6.25
315,6.30
129,6.31
914,0.00
276,6.24
687,6.26
841,6.40
298,6.35
604,18.93
999,12.49
691,6.63
755,6.43
206,0.00
873,24.95
501,6.59
85,6.38
855,6.38
122,6.55
278,6.45
215,0.00
609,0.00
644,6.33
335,6.33
58,6.29
335,12.44
641,6.33
237,6.35
399,0.00
838,6.19
123,6.17
280,6.26
703,0.00
430,6.34
472,0.00
700,6.31
26,6.43
784,0.00
339,6.33
535,6.35
764,6.25
796,6.24
167,6.24
189,6.15
807,0.00
750,6.18
808,6.37
732,12.52
967,6.33
205,6.26
440,6.31
542,6.26
521,6.18
128,6.26
693,0.00
115,6.34
469,12.84
482,6.28
883,0.00
612,6.28
740,6.34
614,0.00
850,6.32
126,6.47
174,6.46
871,6.47
712,6.34
108,6.41
360,6.44
25,6.46
767,0.00
609,6.26
869,6.27
302,6.39
908,6.33
433,6.34
221,0.00
830,6.43
521,0.00
376,6.58
42,6.57
356,6.58
637,0.00
982,13.10
65,6.55
395,6.47
141,6.73
554,6.70
757,0.00
658,0.00
482,6.80
140,6.94
753,0.00
995,13.23
459,6.98
237,6.94
312,6.85
974,13.32
368,13.25
200,6.86
242,6.74
843,13.19
846,6.84
277,6.85
183,6.81
602,0.00
750,6.95
655,6.78
956,6.92
259,7.07
495,0.00
754,7.10
710,7.17
150,7.18
282,7.17
610,7.12
492,0.00
251,7.04
250,6.95
420,6.97
770,0.00
16,6.94
63,7.00
960,0.00
86,6.84
822,6.84
557,6.94
193,6.86
490,0.00
756,6.87
489,0.00
357,6.99
703,0.00
736,6.79
233,6.80
49,6.74
845,6.73
932,6.84
251,6.87
792,6.71
250,6.77
467,6.77
758,0.00
660,6.62
84,6.69
720,0.00
774,0.00
193,6.63
958,6.70
475,0.00
686,0.00
660,6.71
992,12.93
838,6.88
305,6.94
801,6.67
318,6.65
353,6.62
825,6.55
701,0.00
964,6.79
354,0.00
43,6.70
850,0.00
742,6.63
383,6.60
225,6.68
337,13.41
17,6.63
669,0.00
72,6.66
309,6.54
553,0.00
574,6.61
638,0.00
382,13.44
290,6.60
217,6.43
925,6.50
463,6.58
753,0.00
821,6.53
186,6.49
421,6.40
438,6.40
310,6.41
424,6.38
170,6.18
719,0.00
213,6.25
810,0.00
180,6.17
948,6.12
638,6.19
900,6.19
319,6.21
940,0.00
122,6.17
354,6.19
687,6.09
833,12.97
408,6.19
13,0.00
243,6.12
481,6.24
763,5.99
802,0.00
568,6.07
892,0.00
391,0.00
464,6.02
422,12.81
998,6.10
587,0.00
22,5.96
802,6.03
282,6.08
61,6.05
324,5.97
151,6.03
310,5.89
20,5.79
228,5.70
646,0.00
588,5.67
655,0.00
648,5.68
449,0.00
219,5.62
991,5.62
540,12.47
886,5.77
683,5.80
117,5.65
156,5.66
81,5.66
972,12.22
14,5.84
104,5.60
396,0.00
364,0.00
851,5.54
770,0.00
621,5.52
218,5.48
254,5.41
486,12.01
124,5.69
1000,5.48
468,5.58
971,5.66
82,5.67
482,0.00
535,5.55
129,0.00
966,12.18
674,5.67
426,5.67
168,5.66
965,11.97
54,5.73
540,0.00
194,5.65
579,0.00
891,5.72
955,5.84
322,5.72
984,0.00
871,11.93
346,5.78
1,5.78
720,11.93
638,5.71
705,5.85
701,5.76
157,5.75
758,0.00
781,5.74
659,5.83
672,5.96
558,18.88
540,12.17
336,12.10
120,6.15
202,0.00
37,6.07
106,6.00
693,0.00
462,5.87
526,0.00
758,5.90
397,5.98
785,0.00
959,6.05
280,6.23
936,12.10
20,6.21
119,0.00
272,6.20
521,0.00
641,6.13
95,6.24
698,0.00
708,6.28
907,0.00
272,6.37
373,6.49
404,6.53
654,6.52
215,6.62
412,6.49
956,0.00
415,6.56
604,0.00
647,12.20
893,12.11
278,6.34
35,6.33
515,0.00
824,6.34
829,6.34
273,6.42
324,11.89
519,6.43
118,6.44
801,6.38
300,11.84
175,6.43
552,0.00
55,6.40
859,6.30
936,6.44
540,0.00
368,6.41
321,6.44
952,6.46
221,6.47
787,0.00
801,6.49
218,6.47
360,6.33
381,6.35
979,6.27
586,0.00
674,12.13
413,6.53
854,6.53
797,12.11
210,6.45
83,6.28
602,0.00
622,12.31
143,6.53
838,18.52
944,6.56
601,6.59
637,0.00
322,6.62
476,6.54
693,6.65
118,6.62
799,0.00
274,6.50
585,0.00
87,6.46
995,6.37
510,6.49
163,6.39
759,6.44
126,6.51
28,6.45
168,0.00
354,6.53
878,6.49
234,6.54
784,6.39
139,6.53
90,6.44
108,6.27
729,6.21
264,6.19
272,6.22
103,6.16
600,6.03
931,0.00
501,6.11
47,6.09
914,0.00
96,5.95
91,5.89
828,5.79
141,5.89
988,12.25
295,5.93
830,5.80
198,5.83
726,12.38
701,5.84
995,6.01
536,6.01
256,6.15
47,6.09
519,0.00
413,5.95
974,6.04
448,5.95
342,5.96
753,5.98
821,5.99
911,6.14
503,6.02
169,6.07
398,5.93
271,5.95
999,12.27
132,5.86
17,0.00
958,5.88
938,5.89
940,5.93
697,0.00
266,6.01
890,6.02
285,5.99
232,5.91
696,0.00
307,5.89
812,0.00
79,5.96
925,0.00
907,12.58
768,5.97
55,6.07
805,12.58
987,12.56
435,5.99
98,0.00
976,6.01
927,5.97
408,5.98
93,0.00
575,5.95
701,0.00
186,6.08
762,18.32
415,6.09
24,6.05
116,5.99
690,0.00
864,5.93
265,5.96
457,6.04
76,6.00
167,6.02
800,0.00
262,5.98
778,5.97
567,6.08
98,6.02
267,5.99
185,5.97
14,0.00
25,6.04
630,0.00
372,6.04
186,5.98
698,0.00
938,5.98
111,6.11
17,6.17
935,6.13
86,6.16
750,6.21
484,6.21
441,6.03
371,6.08
638,0.00
640,6.22
322,6.12
845,6.12
297,6.08
163,6.00
29,6.14
480,6.11
887,0.00
871,12.12
616,12.19
350,6.18
298,6.28
832,6.28
235,6.29
520,6.25
425,0.00
30,6.18
349,6.17
647,6.15
765,0.00
288,12.02
230,12.15
444,6.12
738,6.13
842,12.03
54,6.21
293,5.96
200,0.00
599,0.00
576,5.97
954,6.08
482,5.98
56,5.99
757,0.00
743,5.92
690,0.00
403,5.80
423,5.82
98,5.72
552,5.74
27,5.58
583,0.00
584,5.67
531,5.54
116,5.60
356,5.68
366,5.53
446,5.61
23,5.66
880,0.00
171,5.54
436,0.00
415,5.64
284,5.69
21,5.58
958,0.00
66,5.55
620,5.53
304,0.00
475,5.61
656,5.65
5,5.72
108,5.62
416,5.57
761,5.57
342,5.65
539,0.00
701,5.61
697,5.66
709,0.00
23,5.66
756,5.55
199,5.62
459,0.00
870,5.59
863,5.63
717,0.00
515,5.66
937,5.76
947,0.00
822,0.00
125,5.80
118,5.89
378,5.81
483,5.80
340,0.00
418,5.82
991,5.75
738,5.82
272,5.69
514,5.82
631,5.91
971,18.01
200,5.78
503,5.83
618,5.86
485,0.00
693,0.00
426,17.99
788,6.04
435,5.98
559,0.00
498,12.01
348,0.00
575,5.87
950,0.00
683,6.03
441,5.95
372,6.05
455,5.98
755,17.87
300,11.92
453,6.13
508,5.96
912,0.00
339,6.10
738,17.95
126,6.11
648,0.00
663,12.06
955,6.20
956,17.72
243,6.18
214,6.08
45,6.20
634,6.13
745,6.17
32,6.24
428,6.23
516,0.00
227,6.13
290,6.09
917,6.13
989,6.14
698,0.00
584,6.23
391,6.16
584,6.23
627,6.25
246,6.31
876,6.31
356,6.34
764,11.95
236,6.42
14,6.23
332,6.17
921,0.00
532,0.00
690,0.00
601,0.00
505,6.23
41,6.32
573,0.00
936,6.29
435,6.30
686,0.00
845,0.00
603,6.14
52,6.22
885,0.00
354,6.32
971,0.00
446,6.33
974,6.45
492,6.20
645,0.00
570,6.35
199,6.34
926,6.14
746,6.24
261,6.19
18,6.14
545,6.26
987,12.19
18,6.52
601,0.00
687,6.35
758,6.45
495,6.29
851,6.45
32,6.53
828,6.41
86,6.46
868,6.36
286,0.00
992,24.42
95,6.34
620,0.00
957,6.29
993,12.49
690,6.58
108,6.37
66,6.32
416,6.28
521,6.28
261,6.30
983,18.12
526,6.24
628,12.41
220,6.47
935,12.58
230,6.39
268,0.00
563,6.51
37,6.46
254,6.34
149,6.38
480,0.00
57,6.29
551,6.28
370,6.35
267,6.29
985,0.00
948,0.00
939,6.37
237,6.57
686,0.00
731,0.00
861,0.00
738,6.25
271,6.32
531,0.00
888,6.30
880,6.40
327,6.54
749,12.66
277,6.69
952,12.70
170,6.59
141,6.51
639,0.00
277,6.59
300,6.65
938,6.55
477,6.53
818,0.00
124,6.49
778,0.00
900,6.29
110,0.00
561,0.00
388,6.26
6,6.22
624,12.52
258,6.17
671,6.09
602,6.15
857,18.36
762,12.55
503,0.00
233,6.22
751,0.00
549,6.10
85,6.13
74,6.03
36,6.07
410,5.93
839,0.00
153,6.01
436,5.96
264,5.96
398,5.97
724,5.91
293,6.13
107,5.98
283,6.04
495,6.03
404,6.04
381,12.38
636,5.93
900,5.98
578,5.92
752,6.15
133,5.95
415,0.00
399,6.10
109,6.15
626,12.32
796,6.21
839,0.00
99,6.15
695,6.06
860,0.00
411,6.30
421,0.00
809,6.16
846,6.30
819,6.40
475,0.00
227,6.53
319,6.54
247,6.58
25,6.55
378,6.55
459,6.56
210,12.75
725,6.40
749,6.31
815,6.29
636,6.34
996,6.42
202,6.43
364,6.49
162,6.44
23,6.40
39,6.26
746,0.00
945,6.13
141,6.18
789,6.03
808,0.00
458,6.04
579,0.00
552,6.12
334,0.00
173,6.24
980,0.00
707,6.20
626,6.25
101,6.41
612,0.00
959,18.94
517,6.47
500,0.00
169,6.47
632,0.00
898,0.00
684,6.55
858,12.70
25,6.63
500,6.58
85,6.71
381,6.52
781,6.60
781,6.67
834,6.53
209,6.54
391,6.53
23,6.55
468,6.53
681,6.51
533,0.00
184,6.46
688,6.61
963,6.74
257,6.68
757,0.00
686,0.00
317,6.60
394,6.61
748,0.00
409,0.00
388,6.65
774,12.58
138,12.47
464,6.52
749,12.60
850,6.58
384,0.00
52,6.29
595,6.18
606,0.00
4,6.30
67,6.17
335,6.05
979,0.00
967,5.97
962,0.00
52,6.13
446,6.13
964,0.00
551,0.00
1000,0.00
924,6.38
621,6.40
386,6.42
479,6.45
241,6.51
553,6.36
642,6.37
367,0.00
330,6.35
363,6.28
281,0.00
83,6.36
956,6.42
275,12.60
523,6.57
367,6.59
505,6.54
830,6.43
262,6.48
10,6.44
316,6.38
9,6.38
165,6.27
919,6.16
928,0.00
742,0.00
519,6.24
609,6.23
193,6.26
692,0.00
69,6.16
391,0.00
132,6.15
310,6.08
577,0.00
252,6.07
716,12.70
957,12.71
234,6.01
201,5.89
948,0.00
925,12.55
507,0.00
694,6.14
350,6.14
937,0.00
86,6.31
489,6.34
716,6.35
421,6.32
220,6.33
248,6.21
446,0.00
762,6.19
375,6.26
911,6.21
942,6.28
654,6.39
880,6.47
421,6.44
373,13.08
68,6.43
303,0.00
968,12.96
663,6.48
931,6.60
82,6.45
83,0.00
729,6.43
728,13.03
658,6.63
517,6.72
875,0.00
969,6.59
378,6.68
22,6.61
903,6.52
170,6.52
293,6.51
784,0.00
538,6.40
742,0.00
447,6.46
130,6.42
357,6.40
546,0.00
174,6.31
117,6.33
54,6.31
617,6.30
564,0.00
629,6.47
854,6.25
580,0.00
857,0.00
240,6.23
907,6.20
519,6.41
69,6.31
827,0.00
123,6.39
978,0.00
975,6.46
964,6.45
426,6.36
278,6.33
968,6.39
228,6.45
182,6.51
352,6.35
224,6.34
873,6.32
82,6.48
581,0.00
126,6.35
772,12.49
412,6.35
361,6.28
719,12.19
116,6.15
487,12.36
304,6.05
209,6.06
997,0.00
522,6.04
255,6.13
655,12.38
112,6.11
53,5.95
529,0.00
31,5.95
808,0.00
755,0.00
235,5.96
577,0.00
769,5.83
796,5.90
785,0.00
835,5.90
1000,0.00
416,6.05
783,12.52
186,6.04
593,5.91
192,6.14
962,19.07
486,0.00
665,6.16
613,12.65
237,12.64
439,6.15
76,6.17
985,6.00
320,6.03
907,6.02
236,6.00
374,6.01
243,6.00
859,5.91
332,5.89
656,5.85
86,5.87
271,5.78
44,5.85
839,0.00
186,5.87
497,5.97
536,0.00
718,5.84
388,5.85
822,5.86
775,12.01
579,5.83
786,5.72
522,0.00
792,5.77
99,5.83
935,5.75
861,5.82
983,5.82
549,0.00
761,0.00
959,0.00
540,5.98
732,6.09
332,6.21
775,0.00
108,6.24
533,0.00
425,6.13
376,6.22
116,6.25
569,12.54
758,12.60
952,6.32
252,6.25
896,6.26
3,6.27
550,6.11
478,0.00
368,5.97
848,6.06
646,6.21
157,6.23
766,6.33
895,12.26
812,6.25
165,6.37
555,0.00
384,6.40
232,6.32
436,6.20
241,0.00
255,6.42
184,6.21
151,6.18
225,6.18
555,0.00
681,12.32
157,6.21
729,12.32
89,6.18
739,0.00
439,6.08
554,0.00
853,0.00
750,12.17
289,6.37
137,6.18
498,0.00
462,6.19
103,6.17
935,6.21
544,6.26
60,6.25
239,6.28
661,0.00
768,6.38
619,0.00
642,6.29
957,0.00
832,12.41
961,6.68
715,12.35
403,6.53
611,12.53
719,6.69
1,6.50
792,6.49
885,0.00
70,6.65
568,0.00
461,0.00
382,12.35
396,6.53
138,6.45
146,6.33
430,6.23
551,0.00
502,6.22
149,6.15
782,6.02
187,6.10
763,6.03
588,0.00
13,6.09
508,0.00
548,6.14
591,0.00
645,12.58
292,6.23
904,12.40
949,12.57
462,6.24
208,6.24
764,6.19
416,6.30
280,6.21
970,12.31
980,6.28
22,6.20
433,6.04
986,5.96
197,6.14
688,6.19
671,0.00
49,6.14
826,6.10
781,6.13
907,6.30
789,12.33
955,12.44
248,6.09
228,6.07
392,6.08
890,12.27
77,6.19
435,6.00
491,5.99
964,0.00
52,6.03
798,0.00
331,6.25
772,0.00
946,12.45
203,6.20
673,6.21
739,0.00
481,6.22
364,6.26
657,0.00
522,12.68
851,18.61
695,12.76
124,6.36
814,0.00
654,12.98
959,6.34
718,6.35
672,6.26
663,0.00
616,12.99
241,6.31
827,6.38
704,6.48
844,6.36
254,6.44
621,6.40
842,0.00
850,6.40
254,6.43
446,6.50
883,0.00
334,6.73
467,0.00
919,6.77
724,6.66
627,6.79
203,6.97
148,6.90
597,0.00
760,0.00
841,6.82
227,6.88
10,6.85
419,6.85
147,13.09
531,6.77
199,6.78
907,12.97
68,6.77
868,6.89
531,6.94
385,7.02
347,6.72
929,6.82
419,6.73
870,12.98
980,6.84
45,6.85
861,6.79
652,0.00
410,6.74
203,6.76
739,12.74
699,6.65
540,12.71
447,12.80
944,12.75
128,6.49
91,0.00
902,12.90
465,12.92
457,6.65
428,12.81
612,0.00
937,6.63
490,0.00
748,6.82
416,6.80
460,0.00
801,6.63
36,6.71
170,6.62
139,0.00
918,0.00
380,6.62
105,6.62
247,6.54
850,0.00
76,6.56
299,6.50
796,6.48
977,6.58
376,6.59
141,0.00
552,6.62
426,6.70
124,6.55
355,6.47
290,0.00
550,6.60
624,6.48
617,0.00
845,6.63
408,6.63
915,0.00
528,6.62
280,6.64
394,6.49
128,6.47
371,6.47
417,0.00
129,12.74
64,6.41
653,0.00
133,6.34
61,6.39
97,6.13
561,0.00
676,6.16
818,6.19
522,0.00
249,6.12
313,6.07
235,6.17
395,6.06
149,6.06
213,5.98
872,5.95
988,6.07
933,6.10
588,0.00
906,6.34
627,6.16
770,0.00
373,6.29
541,0.00
227,6.27
460,6.38
80,6.43
208,6.39
461,6.25
671,6.26
258,0.00
152,12.96
775,13.09
419,6.14
172,6.18
27,6.26
922,6.25
676,0.00
652,6.40
898,13.11
479,6.38
654,6.47
53,6.52
56,6.44
739,0.00
143,12.93
806,6.40
40,6.42
318,0.00
703,13.07
546,6.29
269,6.32
843,6.28
455,6.23
192,6.48
304,6.42
867,6.34
20,0.00
730,6.35
814,6.36
779,0.00
767,6.51
268,6.48
142,6.55
699,0.00
871,6.50
6,6.39
458,0.00
84,6.38
460,6.38
50,6.55
488,0.00
608,6.42
396,6.47
292,6.33
770,6.34
679,0.00
339,6.23
189,6.21
185,6.28
166,6.27
755,0.00
140,6.34
658,6.34
911,0.00
44,6.34
891,6.34
925,0.00
70,6.43
137,6.46
947,0.00
980,12.34
429,6.38
446,0.00
380,6.49
724,6.44
245,6.55
512,12.61
8,6.54
163,6.49
466,6.32
928,6.31
600,6.31
907,25.73
41,6.25
433,6.19
123,6.33
876,0.00
603,6.22
957,6.26
569,6.36
282,6.37
551,0.00
854,6.40
235,6.42
1000,6.37
282,6.56
447,0.00
134,6.43
851,0.00
615,12.89
948,13.08
635,12.81
247,6.43
149,6.39
872,12.88
209,6.57
286,0.00
776,19.75
295,6.48
464,12.94
410,6.57
506,0.00
985,12.75
198,6.28
643,0.00
254,6.25
909,12.61
744,6.29
462,6.47
945,12.70
145,6.43
258,6.31
341,6.25
815,6.17
52,6.34
613,6.28
881,6.30
195,6.19
665,0.00
135,6.25
446,0.00
498,0.00
70,6.34
635,0.00
732,6.33
817,12.76
252,6.57
760,6.37
294,6.46
263,6.46
396,6.33
898,6.41
325,6.46
361,6.49
962,6.50
25,6.48
614,6.40
624,6.50
33,6.53
840,0.00
743,6.53
850,0.00
699,6.57
75,6.68
138,6.44
584,0.00
987,0.00
926,6.50
88,6.60
746,6.61
428,6.58
317,6.62
841,0.00
964,12.98
556,12.99
227,6.68
487,0.00
774,6.77
797,6.86
801,0.00
215,6.75
489,0.00
704,6.80
494,6.81
1,6.81
916,0.00
296,6.68
819,6.48
818,0.00
451,6.69
257,6.79
628,0.00
27,6.77
629,13.27
201,13.12
211,6.80
509,6.66
245,6.77
925,6.58
782,13.14
642,6.75
10,6.62
346,6.56
683,6.64
276,6.68
174,6.66
226,6.66
576,0.00
519,13.04
529,0.00
229,6.55
766,0.00
73,6.59
631,0.00
226,6.56
861,6.39
924,6.47
848,12.87
64,6.69
267,6.72
838,0.00
691,6.88
366,6.67
419,6.82
766,6.69
569,0.00
473,6.58
728,0.00
209,6.65
258,6.61
346,6.68
213,6.60
957,0.00
122,6.54
725,13.15
215,6.67
511,6.61
809,6.58
235,6.71
29,6.50
443,6.45
890,0.00
161,6.52
373,0.00
861,6.48
642,0.00
43,6.47
468,6.48
432,6.34
905,6.23
650,0.00
921,6.22
314,13.00
678,6.38
294,6.39
81,6.11
773,12.74
517,6.15
10,5.93
114,5.95
140,5.80
752,5.86
938,5.98
233,5.81
558,5.85
689,0.00
282,5.76
714,5.65
118,5.57
121,5.60
508,5.56
444,0.00
198,5.60
635,0.00
982,12.18
597,12.36
175,12.20
579,5.61
185,5.48
196,5.67
957,12.21
178,5.64
848,5.51
737,5.66
417,5.82
333,5.67
491,5.76
711,5.70
613,5.73
598,5.64
301,5.72
840,0.00
276,5.74
36,5.52
473,0.00
461,5.47
281,5.50
123,5.40
797,5.28
868,5.35
827,5.30
907,5.30
33,5.35
2,5.21
436,5.20
471,5.13
418,5.22
39,5.24
552,0.00
993,0.00
343,5.21
107,5.18
643,0.00
824,5.20
371,5.29
159,5.34
2,5.36
221,5.18
101,5.10
113,5.07
872,11.44
974,5.13
230,5.11
525,5.18
911,5.07
185,5.13
421,5.11
221,5.13
387,4.96
431,4.96
813,11.15
990,5.05
982,18.24
971,11.37
667,5.31
479,5.32
216,5.25
607,0.00
451,11.05
976,5.32
293,5.40
129,5.35
541,5.30
8,5.39
97,5.22
673,5.22
319,5.31
19,5.23
34,5.19
399,5.19
133,5.23
781,5.16
662,0.00
822,10.87
827,5.34
424,0.00
144,5.31
680,5.27
586,0.00
709,10.94
126,5.44
52,5.36
578,5.38
702,5.39
797,10.99
104,5.36
436,0.00
948,5.17
33,5.24
599,5.11
733,0.00
409,0.00
592,5.20
361,0.00
971,5.25
395,0.00
192,5.22
957,0.00
765,5.35
496,5.47
751,10.79
885,5.61
991,5.59
575,5.57
229,5.72
24,5.86
595,0.00
925,5.81
44,5.93
615,0.00
732,0.00
136,5.85
725,0.00
512,0.00
7,5.75
743,5.74
376,0.00
301,5.82
78,5.91
366,5.87
412,10.84
475,5.89
419,0.00
457,5.73
480,0.00
781,5.93
518,0.00
790,6.06
332,0.00
612,6.17
289,6.27
378,6.19
22,0.00
692,11.26
619,6.34
781,6.24
204,6.12
944,6.14
558,6.26
609,6.21
638,6.35
737,0.00
258,6.27
330,6.15
638,0.00
42,6.30
971,0.00
665,6.21
71,6.42
645,0.00
408,6.37
838,0.00
589,6.47
10,6.44
776,0.00
227,6.38
988,0.00
575,6.22
697,17.38
718,0.00
920,6.20
208,6.18
366,6.18
640,0.00
444,6.27
610,0.00
863,6.25
485,6.15
317,6.27
193,6.13
593,6.20
826,6.21
382,0.00
89,6.18
993,6.21
645,0.00
415,6.03
238,6.09
76,6.07
749,0.00
450,6.11
197,6.02
583,0.00
117,5.84
56,5.84
342,5.79
553,5.68
79,5.73
645,5.62
438,0.00
495,5.77
829,0.00
89,5.78
616,5.78
297,5.71
163,5.79
744,5.71
242,5.76
941,5.76
599,5.86
371,5.83
139,5.76
959,5.51
172,5.49
3,5.49
256,5.38
172,5.33
474,5.27
444,5.35
814,11.54
383,5.35
128,0.00
738,11.61
536,0.00
815,11.44
70,5.29
118,5.18
879,5.31
722,5.45
714,5.44
300,5.45
42,5.46
204,0.00
98,5.35
90,5.35
804,5.37
733,5.16
7,5.26
278,5.24
447,0.00
288,5.26
743,11.74
923,5.34
682,5.35
740,5.31
768,17.18
324,5.52
931,11.83
289,5.62
424,0.00
501,5.46
993,0.00
941,11.86
283,5.74
330,5.51
448,11.84
976,5.74
416,5.87
427,0.00
539,5.79
234,5.93
694,5.92
964,11.99
301,5.97
260,0.00
823,5.94
144,5.86
932,17.36
215,6.06
99,5.91
985,0.00
537,0.00
516,5.87
429,0.00
18,5.81
438,0.00
822,5.90
461,0.00
774,5.88
987,6.02
278,6.17
421,6.27
929,0.00
850,6.24
488,0.00
915,6.32
340,6.43
30,6.32
519,0.00
606,0.00
370,0.00
858,0.00
926,6.25
676,6.42
886,6.51
590,0.00
289,6.64
479,6.60
158,6.68
807,0.00
787,6.64
679,6.72
312,6.76
994,6.67
61,6.58
282,0.00
145,0.00
421,6.60
768,0.00
312,6.65
257,6.54
6,6.53
819,0.00
179,6.25
965,0.00
283,0.00
767,6.52
658,0.00
527,6.43
59,6.52
498,0.00
249,6.54
667,6.50
554,6.62
818,6.51
244,6.59
239,6.51
613,0.00
913,6.41
542,0.00
661,6.52
495,0.00
153,6.41
978,18.39
653,0.00
924,11.97
548,0.00
705,0.00
519,6.33
466,0.00
904,6.38
873,6.42
167,6.56
618,6.41
515,0.00
848,6.53
434,6.37
340,6.41
366,6.32
268,6.35
643,6.27
51,6.32
531,0.00
171,6.11
700,5.99
418,6.07
991,12.25
67,6.03
84,5.93
781,12.09
132,5.88
123,0.00
124,5.77
209,0.00
980,5.84
402,5.99
945,5.95
987,0.00
982,6.05
731,0.00
98,5.87
275,5.94
926,0.00
480,0.00
924,5.89
399,5.88
184,5.93
604,0.00
21,5.81
847,5.77
401,5.77
949,12.67
192,5.86
60,5.90
599,0.00
895,42.15
973,12.42
931,6.04
854,6.03
897,6.01
343,6.07
325,6.04
205,6.11
956,6.03
527,6.19
176,5.98
413,6.07
735,0.00
71,6.05
468,0.00
602,0.00
528,6.00
463,5.99
934,6.12
630,5.94
917,5.94
252,5.93
335,12.12
908,5.97
132,6.01
282,6.00
205,5.94
362,5.91
451,5.73
271,5.83
791,0.00
625,17.92
279,5.64
706,5.61
12,5.63
919,5.50
654,5.50
335,0.00
926,5.62
670,5.70
672,5.78
253,5.60
381,5.68
382,5.61
264,5.68
726,5.60
832,5.70
912,5.79
28,5.82
33,5.77
769,5.71
126,5.72
375,0.00
7,5.81
485,0.00
394,5.63
850,0.00
980,5.59
874,5.67
383,5.71
216,5.71
227,5.71
276,5.65
952,5.56
387,5.57
16,5.64
475,0.00
770,5.68
851,5.68
713,5.75
55,5.58
64,5.61
349,5.53
688,11.46
707,5.57
878,5.69
386,5.55
89,0.00
571,11.68
970,5.60
834,0.00
836,5.54
9,5.70
999,0.00
855,5.63
110,5.58
678,0.00
279,5.47
781,5.56
337,5.61
433,5.47
563,5.47
385,5.53
729,5.49
694,5.56
52,5.48
790,11.47
800,11.50
37,5.51
461,0.00
764,11.44
443,0.00
120,5.47
633,0.00
155,5.47
520,0.00
764,17.50
403,5.44
692,0.00
827,11.00
800,5.64
134,5.65
82,5.47
974,5.62
40,5.71
652,11.15
811,0.00
500,0.00
262,5.60
609,5.51
955,0.00
18,5.56
24,5.48
947,0.00
169,5.39
573,0.00
88,5.39
487,11.17
969,5.37
133,5.53
419,0.00
175,5.46
286,5.39
179,5.40
217,0.00
308,5.24
962,5.16
512,5.35
237,5.31
446,5.30
665,5.19
590,0.00
891,0.00
807,11.05
537,11.17
191,11.14
831,5.48
189,0.00
600,5.62
117,5.54
996,0.00
244,5.57
460,5.62
734,5.49
356,5.65
725,5.46
75,5.58
668,0.00
559,5.34
34,5.27
539,0.00
806,5.28
610,5.27
679,0.00
905,5.32
616,5.44
526,5.52
605,0.00
697,17.07
780,16.94
14,5.61
701,11.18
209,5.57
434,0.00
992,5.53
699,5.71
384,0.00
334,5.68
151,5.69
931,0.00
208,5.69
220,5.71
655,5.75
631,0.00
381,5.74
259,5.78
935,5.88
278,0.00
955,29.42
426,0.00
978,11.52
869,5.95
814,6.04
593,0.00
879,6.08
792,6.27
228,6.24
278,0.00
339,0.00
427,6.26
856,0.00
38,6.34
281,0.00
942,6.30
59,6.30
833,6.45
550,0.00
456,6.49
815,6.50
39,6.30
24,6.41
278,6.39
292,6.38
907,0.00
668,6.49
424,0.00
413,0.00
452,6.47
389,6.47
872,6.56
526,0.00
794,6.56
847,0.00
464,0.00
797,6.58
149,0.00
656,0.00
999,17.79
216,6.68
434,6.73
14,6.61
258,0.00
939,6.73
202,6.74
414,6.78
318,0.00
791,6.79
818,6.93
370,0.00
933,7.05
184,7.06
518,7.00
517,0.00
649,7.04
559,7.05
44,7.12
565,0.00
250,6.94
773,0.00
985,7.01
902,6.94
466,12.58
384,7.06
164,7.01
302,7.07
804,12.69
88,6.97
326,6.99
956,6.98
156,7.12
660,6.98
29,7.13
970,0.00
286,7.15
265,7.08
323,7.06
747,6.87
42,6.88
950,6.94
642,7.04
677,13.02
797,12.91
280,12.90
64,6.95
314,6.96
160,6.86
884,6.65
503,12.93
784,6.75
164,6.81
102,6.69
191,6.69
853,6.62
143,6.69
73,6.73
970,6.74
465,6.61
182,6.75
310,6.62
393,6.61
414,0.00
270,6.69
979,0.00
490,6.69
249,6.77
648,0.00
575,6.85
324,6.78
62,6.80
36,6.70
578,6.62
121,6.69
786,6.58
542,0.00
651,6.58
187,6.61
366,6.62
787,6.51
2,6.56
538,6.46
62,6.33
698,6.35
825,6.40
6,6.54
973,13.13
827,13.15
135,6.40
461,6.27
145,6.42
397,6.23
167,6.09
261,6.17
113,5.97
526,13.03
373,13.11
252,6.09
385,6.09
574,5.91
751,5.91
293,5.95
227,12.87
624,6.02
645,5.81
469,0.00
905,5.87
927,5.99
707,6.02
614,5.96
580,6.00
223,13.14
738,12.96
534,6.11
362,5.91
499,6.03
186,6.05
444,0.00
738,0.00
260,5.99
554,0.00
224,5.94
723,5.98
89,6.02
888,0.00
382,0.00
142,6.02
23,6.09
891,0.00
876,5.96
737,12.84
266,5.90
345,5.82
344,5.93
133,5.80
30,5.81
973,12.46
363,5.91
515,0.00
300,5.87
119,5.87
868,0.00
12,5.82
387,5.91
82,5.87
440,5.81
150,5.85
940,12.61
1,5.91
574,0.00
668,5.86
678,0.00
368,5.97
579,0.00
63,5.91
93,5.82
661,0.00
231,0.00
1000,0.00
496,0.00
882,19.05
454,0.00
880,5.92
180,5.92
176,5.85
304,5.82
214,5.85
843,0.00
895,0.00
486,5.92
321,5.89
890,12.23
483,6.02
150,5.82
328,0.00
251,12.14
177,5.98
753,18.94
935,6.01
338,5.97
793,0.00
443,6.05
132,6.19
856,0.00
310,0.00
539,0.00
499,0.00
251,6.13
613,6.07
555,6.08
34,5.94
456,0.00
60,5.85
668,5.61
76,0.00
762,5.69
985,11.70
271,5.58
630,5.63
594,5.68
455,11.43
219,5.69
163,5.50
459,0.00
227,5.51
686,0.00
144,5.44
95,5.36
1000,5.42
739,11.47
934,5.59
664,5.60
44,5.46
90,5.51
247,5.45
693,5.39
504,0.00
361,5.58
704,0.00
382,5.51
659,5.61
541,0.00
168,5.60
330,5.63
785,5.65
146,5.61
277,5.69
26,5.64
112,5.64
278,5.45
502,0.00
853,5.39
17,5.49
398,5.40
679,5.40
336,0.00
536,5.43
50,5.52
804,0.00
548,5.45
764,5.46
873,11.32
185,5.59
151,0.00
463,5.49
430,5.63
387,5.52
585,5.50
797,5.57
84,5.64
802,0.00
894,5.54
49,5.45
807,11.46
787,5.56
61,0.00
471,0.00
557,5.52
375,5.62
114,5.45
516,11.39
542,5.56
214,5.58
329,5.46
301,5.39
75,5.42
305,5.38
866,0.00
386,5.38
872,5.45
163,5.58
266,5.44
4,5.46
992,11.61
754,5.59
349,5.62
166,5.42
894,5.48
649,5.62
640,0.00
875,5.63
544,11.48
293,5.69
613,11.20
835,5.70
351,5.70
897,5.83
943,5.87
300,5.94
920,5.94
293,6.02
424,6.02
168,5.96
837,0.00
899,5.96
200,5.94
612,5.85
697,5.89
499,0.00
79,5.85
295,5.74
343,5.60
204,5.64
624,5.53
756,0.00
778,5.63
365,5.69
508,5.68
254,5.90
14,5.81
619,5.80
256,5.85
384,5.89
569,0.00
430,0.00
949,5.78
130,5.78
151,5.91
305,5.71
233,5.79
734,0.00
70,5.80
613,5.68
367,5.81
834,0.00
260,5.71
183,5.62
333,0.00
987,5.62
572,5.67
53,5.74
249,5.70
447,0.00
868,11.29
404,5.65
676,5.65
142,5.69
322,5.80
175,5.68
10,5.59
15,5.60
974,0.00
119,0.00
160,11.03
727,0.00
666,5.54
633,5.59
908,0.00
784,11.01
224,5.67
199,5.66
843,17.15
314,5.69
995,0.00
68,5.61
191,5.61
738,5.70
211,5.74
271,5.58
519,0.00
762,11.31
84,5.71
191,5.56
30,5.60
594,11.27
5,5.42
515,0.00
258,5.33
431,0.00
800,5.17
226,5.07
971,5.26
645,5.15
352,0.00
536,5.26
408,5.23
266,5.32
136,5.33
575,0.00
843,16.73
907,11.38
390,5.42
42,5.45
503,5.44
703,5.50
315,5.51
791,5.60
377,5.52
755,0.00
817,5.54
290,5.32
495,5.44
449,5.55
718,0.00
133,5.67
601,0.00
217,5.57
829,5.58
794,5.61
919,5.58
269,5.63
838,5.66
151,5.76
710,5.63
160,5.68
826,5.59
689,0.00
652,5.67
61,5.67
744,5.60
513,5.64
318,5.73
76,5.71
794,0.00
646,0.00
432,16.83
712,5.59
126,5.72
901,0.00
437,5.73
823,0.00
880,5.82
52,5.88
147,5.80
847,0.00
794,0.00
760,5.87
487,5.77
729,5.82
639,6.03
6,5.90
31,0.00
182,6.00
1000,5.93
953,6.07
333,5.94
330,6.01
627,0.00
343,5.96
40,5.94
152,5.94
813,5.90
121,5.99
688,5.98
869,5.95
803,6.06
821,6.26
760,6.27
855,6.40
424,6.59
352,6.45
875,6.46
112,6.35
677,0.00
860,0.00
167,6.45
997,0.00
187,6.56
769,0.00
843,6.65
767,6.62
983,6.63
916,6.68
226,6.69
278,12.15
149,6.76
436,6.54
341,0.00
118,6.51
981,0.00
990,6.56
511,6.50
613,12.12
519,6.69
352,6.69
576,0.00
762,6.74
611,0.00
550,6.82
169,6.83
617,6.72
618,6.83
552,0.00
97,6.67
733,0.00
843,6.67
463,0.00
933,12.38
36,6.80
120,6.75
948,0.00
305,6.79
338,6.74
508,6.72
777,6.80
163,6.80
291,6.75
124,6.61
127,6.62
437,12.37
529,6.64
571,0.00
832,6.78
391,6.48
477,6.44
175,6.53
139,6.57
526,0.00
830,6.44
402,0.00
496,6.23
443,6.22
663,12.14
186,6.20
700,6.08
116,6.09
517,6.16
774,0.00
857,6.28
957,17.88
361,6.40
1,6.03
581,0.00
538,0.00
717,12.34
107,5.98
471,12.16
352,5.94
976,5.91
79,5.94
501,0.00
932,5.84
41,5.97
961,5.92
726,0.00
697,0.00
113,5.99
640,6.00
702,6.01
728,18.16
6,5.90
620,5.87
577,6.00
992,5.96
330,5.88
867,0.00
738,0.00
748,0.00
823,12.60
751,0.00
370,6.10
459,0.00
290,6.02
501,0.00
458,0.00
443,6.07
760,0.00
286,6.05
373,0.00
900,6.10
51,6.20
215,6.22
739,12.72
36,6.14
700,0.00
307,6.08
246,6.10
270,6.02
894,0.00
415,0.00
494,6.14
621,6.31
636,6.32
890,0.00
572,0.00
52,6.48
912,0.00
783,6.46
611,6.51
377,6.62
169,6.58
623,6.56
465,13.08
236,6.64
467,0.00
840,6.74
642,6.67
922,6.73
666,0.00
300,12.96
660,6.75
609,6.85
957,6.80
761,6.96
285,6.85
337,6.79
319,13.01
268,6.85
603,0.00
886,13.12
195,6.73
617,6.73
373,6.74
826,0.00
384,6.82
795,0.00
902,6.89
188,6.96
585,0.00
159,6.73
199,6.79
568,0.00
705,6.54
531,6.62
742,6.68
682,6.84
755,12.69
249,6.68
887,6.69
759,6.91
53,6.78
826,12.72
815,6.85
350,6.73
22,6.65
611,12.44
935,6.54
235,6.60
242,6.40
958,0.00
365,6.54
478,6.47
921,0.00
581,6.58
533,0.00
413,6.67
950,6.63
147,6.64
631,6.53
994,6.60
973,6.61
512,6.63
891,6.64
391,6.72
776,12.74
425,6.63
150,6.71
872,0.00
888,12.86
203,6.55
631,6.69
33,6.57
266,0.00
310,12.89
748,0.00
232,6.36
230,6.33
153,6.27
744,0.00
391,6.19
829,6.28
600,0.00
718,0.00
435,6.54
859,6.48
357,6.53
896,19.55
417,6.59
35,6.41
386,6.30
821,6.34
332,6.44
669,0.00
885,19.39
291,6.36
636,19.45
677,13.22
440,6.36
376,0.00
462,6.49
575,6.33
871,13.10
315,6.47
234,6.40
679,0.00
732,6.43
938,0.00
750,0.00
506,0.00
767,6.46
49,6.54
762,0.00
220,6.37
468,0.00
9,6.18
247,6.23
401,0.00
880,12.90
58,6.09
292,6.12
538,0.00
825,12.88
255,12.74
56,6.10
489,0.00
634,6.18
188,6.28
949,6.18
141,6.28
795,6.10
999,0.00
845,6.13
411,6.09
17,6.10
968,5.97
201,5.97
477,6.13
203,5.96
641,0.00
898,0.00
552,6.04
918,6.07
454,6.15
511,6.05
148,6.11
177,6.11
68,6.20
421,6.00
725,0.00
142,5.95
549,0.00
855,12.50
309,5.95
243,6.10
356,5.94
75,5.91
297,5.91
175,5.93
651,0.00
572,5.90
262,5.93
99,5.83
754,0.00
396,5.67
814,5.68
437,0.00
40,5.54
706,18.89
909,5.69
240,5.84
366,5.84
593,5.69
458,0.00
764,5.72
968,12.19
887,5.87
757,0.00
64,5.83
482,12.13
118,5.91
201,5.80
302,5.80
188,5.68
30,5.81
950,5.71
661,5.72
608,12.05
264,5.85
57,5.78
25,5.69
389,0.00
262,5.56
904,5.56
960,5.62
877,0.00
154,5.84
88,5.79
985,0.00
896,0.00
188,5.88
904,0.00
238,5.89
128,5.89
910,0.00
31,5.85
878,0.00
633,0.00
280,5.66
143,5.74
805,0.00
967,5.62
199,5.53
237,5.63
297,5.62
636,5.69
898,5.74
563,0.00
399,5.59
439,0.00
717,0.00
878,5.55
610,0.00
730,5.57
802,0.00
392,5.60
904,5.72
176,5.72
370,5.68
557,11.55
697,5.83
895,18.15
400,5.75
262,5.79
332,5.82
228,5.80
782,0.00
497,0.00
104,5.91
549,5.85
509,0.00
382,5.85
532,5.85
501,0.00
864,11.50
232,5.97
564,11.61
190,5.95
631,0.00
963,0.00
446,0.00
952,6.09
364,6.10
187,6.16
259,6.09
760,11.94
323,5.99
884,11.86
15,6.03
239,5.95
696,6.03
741,6.08
300,5.93
134,0.00
147,6.05
925,0.00
578,6.06
238,6.17
313,6.21
121,6.01
777,0.00
129,6.03
451,0.00
645,0.00
847,6.09
241,6.17
434,0.00
141,6.02
195,6.02
438,0.00
26,6.02
878,0.00
517,5.94
764,0.00
456,5.95
373,5.89
58,5.97
450,0.00
194,5.91
979,5.86
870,6.01
771,11.72
940,11.83
422,0.00
443,0.00
102,6.14
682,11.65
779,6.15
191,6.19
183,6.08
636,0.00
465,6.04
816,11.61
39,6.19
597,11.49
815,0.00
692,5.90
855,5.97
995,5.97
753,6.14
846,6.07
267,6.11
330,11.91
968,11.99
440,6.05
182,6.14
10,6.17
178,6.06
421,5.94
275,0.00
120,5.95
92,6.04
301,5.88
526,5.93
699,0.00
745,17.59
272,5.95
426,5.95
233,5.86
504,5.86
141,5.99
343,5.93
428,11.74
200,5.82
844,0.00
863,5.79
411,0.00
500,5.76
21,5.83
917,11.69
18,5.86
75,5.68
968,5.77
670,5.77
648,5.74
82,5.75
141,5.62
956,0.00
389,5.63
765,5.63
545,5.60
337,5.73
34,5.82
111,5.72
831,0.00
911,5.65
828,5.64
107,5.72
764,5.72
990,0.00
761,11.69
405,5.80
688,11.69
814,5.87
871,11.86
301,5.78
108,5.97
358,6.00
532,0.00
686,5.85
869,5.96
496,0.00
469,6.04
219,5.99
115,5.87
261,0.00
889,5.92
784,5.90
339,5.99
791,12.10
264,6.04
544,5.91
204,6.06
921,5.88
774,5.97
971,12.05
431,6.05
981,0.00
13,6.06
634,6.06
696,6.07
955,0.00
778,5.99
849,11.95
256,5.93
144,5.85
415,5.82
239,0.00
655,6.04
258,6.12
553,6.02
25,6.04
758,0.00
946,0.00
542,6.00
559,6.14
519,0.00
720,6.24
187,6.16
895,6.21
296,0.00
997,12.07
158,6.17
714,0.00
830,6.25
635,6.31
20,6.22
649,6.35
513,6.40
375,6.52
872,6.38
648,6.47
279,6.57
936,6.47
252,6.76
338,6.52
640,6.57
426,6.52
823,6.45
17,6.54
755,0.00
392,0.00
937,12.27
551,6.75
29,6.63
268,6.64
317,6.68
288,6.45
884,6.50
636,6.51
139,6.55
203,6.49
298,12.39
139,6.44
443,0.00
664,6.45
101,6.43
638,6.38
274,0.00
194,6.40
332,6.36
63,6.37
854,0.00
750,6.23
178,6.15
962,0.00
456,0.00
865,6.18
828,6.18
147,6.14
554,0.00
379,6.06
182,6.05
258,6.07
912,0.00
714,5.90
729,5.99
432,6.10
821,6.11
572,0.00
261,12.03
612,11.99
287,6.14
524,12.21
576,6.14
453,6.30
596,0.00
508,5.97
630,6.05
758,0.00
212,6.23
262,6.29
429,0.00
444,6.17
870,6.03
573,6.14
268,6.10
407,6.20
990,0.00
420,6.05
713,12.19
793,6.06
411,6.07
33,6.17
737,5.99
97,6.00
950,0.00
211,6.06
39,5.92
422,0.00
909,5.88
575,0.00
226,5.69
346,0.00
789,12.32
681,5.74
961,0.00
250,5.74
657,0.00
949,0.00
939,5.59
574,0.00
190,5.78
843,0.00
368,5.89
634,5.97
87,5.83
199,5.81
864,0.00
279,5.90
64,5.97
639,5.73
872,0.00
685,5.79
643,0.00
449,0.00
490,6.02
984,12.23
806,6.11
409,0.00
871,6.25
237,0.00
964,6.27
670,0.00
466,0.00
888,0.00
953,6.57
104,6.42
942,12.56
484,6.43
892,6.45
118,0.00
907,0.00
408,0.00
910,6.38
36,6.39
632,12.53
242,6.46
163,6.50
985,0.00
730,6.55
568,0.00
620,6.49
668,12.59
842,12.65
678,6.63
574,6.77
35,6.57
257,6.55
816,12.57
481,6.44
164,6.47
779,0.00
310,6.60
526,0.00
336,0.00
53,6.57
469,6.47
763,0.00
923,6.44
608,6.61
309,12.55
794,6.59
479,6.60
48,6.54
600,0.00
915,12.63
976,6.62
436,12.46
756,6.59
930,6.59
223,6.53
199,6.49
866,6.52
532,12.44
776,6.76
435,6.64
274,6.72
831,0.00
587,6.70
406,6.66
136,6.67
805,0.00
94,6.64
541,0.00
239,6.53
639,0.00
238,6.51
239,6.55
830,12.36
226,6.57
466,6.60
883,6.59
723,0.00
983,6.74
24,6.65
239,6.70
904,0.00
531,6.70
152,6.71
165,6.72
270,6.59
233,6.47
446,0.00
150,6.37
29,6.29
447,6.25
825,6.06
835,6.12
137,6.09
774,0.00
650,6.10
18,6.17
814,12.61
150,6.22
373,6.17
420,6.13
450,0.00
520,0.00
72,6.25
154,6.11
325,6.01
726,0.00
766,5.99
675,0.00
370,5.92
648,5.94
49,5.95
417,5.84
847,5.88
431,5.93
295,5.92
339,5.90
698,0.00
114,5.86
377,5.87
707,0.00
451,5.88
965,5.88
807,0.00
960,24.77
780,5.99
55,6.17
133,5.95
485,0.00
759,12.45
362,6.15
918,5.98
486,6.13
805,0.00
717,12.74
723,6.21
277,6.22
308,6.20
454,12.84
235,6.17
117,0.00
818,12.62
594,6.06
801,18.19
194,5.97
734,5.91
688,0.00
382,5.94
377,5.94
473,6.12
879,5.91
9,5.92
550,5.99
20,6.15
20,6.08
108,6.03
96,6.03
770,0.00
552,5.92
354,5.92
101,5.78
424,0.00
434,5.69
211,0.00
943,5.71
406,5.69
202,5.72
174,5.69
238,5.69
66,5.71
251,5.64
223,5.64
678,0.00
691,5.71
831,0.00
885,12.03
44,5.95
73,5.83
77,5.89
743,0.00
283,5.86
68,5.87
934,0.00
222,5.79
381,5.69
28,5.72
4,5.62
448,0.00
629,5.59
260,5.58
398,5.59
329,5.75
697,5.57
412,5.57
313,5.48
670,5.63
876,30.38
673,0.00
436,11.70
853,0.00
481,5.76
381,5.86
475,5.79
607,5.82
518,0.00
56,5.78
927,0.00
474,5.73
305,5.93
731,0.00
516,0.00
815,5.75
455,0.00
302,5.79
121,5.71
547,5.76
44,5.80
937,5.58
758,0.00
766,0.00
800,0.00
576,5.64
900,11.80
636,11.94
596,5.90
877,11.88
237,5.96
231,5.96
465,0.00
988,5.94
87,5.95
617,0.00
756,6.05
160,5.90
732,5.91
27,5.94
348,5.86
303,5.79
198,5.77
582,5.77
142,5.84
894,5.84
290,5.90
209,5.94
846,5.93
282,6.08
143,5.95
264,0.00
268,0.00
958,5.95
681,0.00
694,5.93
899,6.12
86,6.23
136,6.19
7,6.29
487,6.31
174,6.26
958,0.00
737,0.00
13,6.19
124,6.23
572,6.17
368,0.00
288,6.09
715,0.00
530,6.08
764,6.10
972,6.21
18,6.34
505,6.42
910,6.45
653,6.46
626,0.00
554,6.42
459,0.00
440,0.00
451,6.66
658,12.33
782,6.64
576,6.73
574,6.50
143,6.58
640,0.00
243,6.47
803,6.41
258,6.46
949,0.00
169,6.55
145,6.35
265,6.38
990,0.00
564,6.47
575,6.36
281,0.00
507,6.43
503,0.00
158,6.56
241,6.52
920,6.54
290,6.56
438,6.59
957,12.09
183,6.63
758,12.29
87,6.54
956,6.54
729,6.57
652,0.00
813,18.56
987,12.52
784,6.50
636,0.00
806,6.62
785,6.53
164,6.57
613,0.00
673,6.57
387,6.62
463,0.00
178,6.50
527,0.00
131,6.61
488,0.00
634,6.59
751,6.44
337,0.00
813,6.52
31,6.57
653,0.00
523,0.00
987,6.52
283,6.35
39,6.47
163,6.39
697,6.36
201,6.44
451,6.47
788,0.00
32,6.26
63,6.26
839,0.00
387,0.00
669,6.32
754,6.46
127,6.56
947,0.00
506,6.67
562,0.00
411,6.66
289,6.56
523,0.00
828,6.57
842,6.60
216,6.48
521,6.36
601,13.03
344,6.49
507,6.61
912,6.49
629,0.00
165,6.48
24,6.39
348,0.00
507,6.38
927,6.38
887,6.47
240,6.34
768,6.38
557,0.00
445,6.47
750,0.00
782,6.46
556,6.57
932,6.68
114,6.43
277,6.51
925,0.00
198,6.56
355,0.00
868,6.59
804,0.00
698,6.59
938,6.59
946,6.58
545,0.00
725,6.71
629,6.83
843,0.00
958,13.39
904,13.29
264,6.97
358,6.84
830,6.83
96,6.96
251,6.85
827,6.80
477,0.00
619,6.87
218,6.93
397,13.44
1000,6.94
699,13.41
51,6.94
489,0.00
714,6.94
696,7.10
866,7.25
712,13.78
854,7.37
643,7.38
284,7.26
118,7.37
906,0.00
804,7.38
626,0.00
512,7.25
521,0.00
662,7.35
677,0.00
709,7.46
526,7.44
70,7.49
504,0.00
260,7.27
57,7.27
995,7.15
223,7.13
416,7.10
128,7.17
666,0.00
767,13.69
676,7.11
207,7.12
652,7.12
310,13.55
454,7.05
258,6.94
486,6.83
883,13.43
709,13.46
507,7.03
546,6.89
532,6.87
527,6.78
536,6.90
298,6.85
950,6.86
178,6.89
166,6.80
421,0.00
610,13.09
550,6.74
533,0.00
347,6.56
66,6.65
714,6.57
696,6.57
661,6.55
590,13.22
847,6.77
300,6.59
951,6.63
533,6.79
887,0.00
326,6.47
19,6.54
244,6.31
496,6.24
225,6.31
793,0.00
298,6.23
794,6.15
360,0.00
141,6.28
529,6.28
219,6.23
258,6.19
232,6.13
897,13.23
104,6.30
295,6.16
90,6.22
87,6.11
547,0.00
157,5.87
500,0.00
7,5.84
467,12.92
93,5.90
412,5.66
500,0.00
404,5.77
103,5.68
701,5.71
168,5.74
655,0.00
635,5.71
136,5.70
251,5.76
485,0.00
274,5.58
959,13.08
441,5.71
160,5.87
700,5.65
153,5.79
245,5.80
93,5.70
963,5.70
105,5.69
371,5.79
820,5.72
44,5.78
909,5.74
675,5.74
545,0.00
84,5.67
679,5.80
67,5.81
354,0.00
223,5.81
514,0.00
774,12.72
858,6.01
649,6.07
771,5.82
75,6.00
431,5.94
564,19.24
130,5.98
351,0.00
596,0.00
751,5.86
535,0.00
808,0.00
713,0.00
805,0.00
85,6.09
193,6.16
583,0.00
215,6.17
704,5.97
710,6.03
597,6.04
52,5.89
102,5.91
391,12.34
547,5.78
167,5.80
416,0.00
917,0.00
247,5.78
450,0.00
476,0.00
891,5.77
789,5.70
907,5.78
34,0.00
796,5.81
162,5.86
182,5.88
514,0.00
495,0.00
865,5.97
81,5.81
692,0.00
306,5.94
763,5.94
582,6.07
942,6.04
585,6.14
483,6.02
597,0.00
751,0.00
289,6.20
511,6.20
256,6.37
504,6.22
292,0.00
390,6.38
775,6.33
714,6.44
469,0.00
140,6.31
208,6.23
233,6.30
177,6.32
576,0.00
458,6.27
88,6.13
901,0.00
830,6.20
795,0.00
474,6.07
427,6.12
64,6.10
596,0.00
678,6.19
206,6.17
493,0.00
687,12.06
850,11.86
256,5.99
85,5.93
640,0.00
188,5.81
436,5.87
317,5.68
923,0.00
822,5.85
641,5.97
933,18.81
188,5.94
515,5.84
110,5.84
156,5.72
504,11.74
155,5.69
865,0.00
609,11.79
917,5.75
277,5.84
934,11.90
179,5.85
343,5.91
552,5.91
155,5.80
302,5.81
971,5.78
497,5.93
118,5.77
840,5.76
72,5.81
710,5.83
378,5.88
27,5.75
959,0.00
603,0.00
167,5.73
313,5.73
749,0.00
339,5.87
947,0.00
730,0.00
181,5.83
518,0.00
901,0.00
753,5.70
239,5.72
44,5.62
507,0.00
387,5.58
513,0.00
329,5.58
567,5.41
461,5.40
869,5.46
449,5.46
533,5.43
278,5.59
534,5.45
364,5.53
99,5.47
344,5.44
235,5.49
309,5.40
582,5.40
5,0.00
323,5.40
760,11.57
881,11.58
42,5.45
452,5.41
516,5.36
829,5.55
52,5.59
521,0.00
634,5.54
284,5.57
345,5.55
932,11.61
96,5.57
490,5.69
405,5.74
836,17.55
50,5.55
493,0.00
647,5.76
2,5.76
932,5.67
148,5.68
594,0.00
57,5.68
206,5.56
325,5.53
101,5.53
933,5.58
748,0.00
634,0.00
590,0.00
487,11.25
20,5.48
567,0.00
574,5.44
979,11.41
59,5.53
897,11.40
185,5.57
602,5.44
117,5.50
824,5.55
224,5.64
811,0.00
571,5.63
47,5.64
947,5.53
573,5.55
242,5.69
768,5.54
475,5.53
554,11.27
533,5.54
19,0.00
858,5.68
319,5.77
437,5.52
355,5.61
416,0.00
286,5.64
481,5.62
801,5.76
802,5.75
583,5.82
498,0.00
542,5.84
595,5.85
596,6.00
126,5.89
302,5.83
155,0.00
864,0.00
144,5.90
768,0.00
190,5.86
370,5.79
366,5.79
87,5.82
663,5.82
109,0.00
732,5.84
762,6.06
12,5.85
957,23.21
185,6.02
436,6.05
854,11.51
395,6.23
815,0.00
189,6.07
760,6.01
766,0.00
353,6.12
593,0.00
148,6.12
978,0.00
209,6.20
181,6.11
577,6.10
470,11.95
173,6.19
90,0.00
502,0.00
580,11.81
315,6.21
441,6.08
386,0.00
327,6.18
748,6.23
338,6.23
438,0.00
627,6.32
261,0.00
373,6.19
735,0.00
923,6.29
828,6.41
285,6.46
878,0.00
556,6.25
500,0.00
777,11.61
360,6.24
152,6.31
674,0.00
870,11.83
591,6.40
443,6.40
898,12.00
92,6.43
761,0.00
508,6.37
738,0.00
419,6.36
111,6.48
759,6.31
419,6.40
431,6.42
592,0.00
977,0.00
701,6.38
989,6.45
682,6.59
689,0.00
856,6.60
712,6.51
62,6.56
930,6.61
127,6.71
681,0.00
276,6.60
309,6.54
555,0.00
336,6.44
372,6.46
222,6.32
703,6.27
126,6.27
234,6.34
430,6.35
574,0.00
128,6.35
821,0.00
408,6.41
738,6.49
624,0.00
392,0.00
593,0.00
829,6.47
224,6.47
160,6.44
567,0.00
476,6.37
796,6.44
770,6.50
349,6.34
368,6.34
280,0.00
936,0.00
387,6.37
937,6.40
732,6.53
141,0.00
125,6.53
654,0.00
723,6.48
269,6.57
602,0.00
520,12.62
821,6.44
568,0.00
277,6.44
917,0.00
753,6.64
961,6.59
338,6.60
382,6.54
417,6.64
238,6.49
931,6.48
236,6.45
750,6.54
583,0.00
416,0.00
584,6.47
739,0.00
715,12.91
311,6.77
494,0.00
889,6.69
327,6.59
67,6.75
914,6.66
34,6.68
290,6.57
162,6.58
674,0.00
818,12.99
531,6.61
200,6.66
112,6.43
22,6.60
222,6.47
240,6.36
730,6.23
31,6.20
589,0.00
937,6.14
65,6.28
828,0.00
513,6.06
390,6.14
358,6.03
594,6.03
47,6.24
772,6.12
246,6.09
121,6.18
412,6.18
791,6.19
326,6.09
778,12.32
768,0.00
816,6.12
586,6.22
533,6.01
726,0.00
990,6.04
882,6.14
715,6.25
856,0.00
87,6.35
989,6.25
775,6.41
186,6.22
251,6.20
70,6.08
810,6.09
825,6.03
252,0.00
714,6.13
114,6.19
24,6.09
227,6.15
573,0.00
895,6.12
929,0.00
334,6.01
648,6.03
925,12.64
997,12.63
749,6.11
525,0.00
64,6.24
350,6.10
890,30.36
340,6.28
880,6.12
175,6.17
799,0.00
115,5.94
16,6.04
157,0.00
963,12.56
416,12.69
933,6.10
564,5.99
361,5.99
734,5.97
242,6.01
818,0.00
658,6.00
250,5.87
410,5.83
551,5.98
875,0.00
608,12.48
27,6.11
398,6.03
764,0.00
986,6.12
21,6.22
34,6.21
163,6.22
856,6.01
750,6.12
7,6.14
151,6.14
863,12.14
733,6.27
603,12.22
661,6.22
862,6.33
265,6.09
446,5.99
582,6.08
697,6.09
239,6.24
383,6.06
140,5.93
749,0.00
930,5.74
346,5.74
178,5.77
342,12.14
126,5.91
427,0.00
692,5.75
793,5.85
615,5.80
402,5.74
136,0.00
944,18.38
388,11.95
329,5.91
456,0.00
814,5.83
928,12.08
719,6.05
749,6.19
43,6.14
704,0.00
509,0.00
608,12.25
827,6.18
225,6.19
566,6.11
909,6.17
41,6.20
511,0.00
787,6.23
942,0.00
753,0.00
782,12.32
670,6.39
516,6.40
23,6.41
555,6.30
153,0.00
634,0.00
486,12.23
905,6.41
666,6.42
491,6.57
685,12.36
22,6.38
454,6.57
733,6.44
671,6.47
388,6.58
859,0.00
58,0.00
144,6.61
789,18.78
117,6.47
499,12.53
481,6.49
567,6.50
162,6.49
141,6.44
872,0.00
350,6.55
913,6.40
495,6.53
548,6.34
410,6.49
247,6.62
986,0.00
377,6.55
179,6.61
977,0.00
438,6.64
176,6.79
789,0.00
625,6.84
859,6.86
60,6.87
966,6.93
967,13.01
57,7.00
570,0.00
653,0.00
827,6.88
43,6.95
887,0.00
102,7.10
738,12.78
234,7.06
788,0.00
449,0.00
521,7.00
554,0.00
61,7.13
732,0.00
604,12.96
538,7.06
231,7.05
118,6.99
927,6.90
787,7.01
453,7.01
265,6.75
103,6.72
246,6.65
527,6.67
539,0.00
66,6.67
244,6.60
694,0.00
640,0.00
480,12.86
268,12.68
493,0.00
498,0.00
451,6.45
136,6.48
379,6.43
563,0.00
294,6.26
399,6.31
32,6.32
890,6.10
444,6.10
126,0.00
767,6.17
432,6.21
305,6.18
90,6.12
270,6.02
429,12.62
461,6.01
925,5.94
328,6.13
306,6.06
539,5.91
354,6.04
757,5.81
320,5.85
269,6.03
193,5.96
216,5.97
698,5.90
787,0.00
386,5.93
204,5.91
738,5.88
615,5.73
937,0.00
295,5.74
316,5.74
890,0.00
223,5.62
60,5.70
363,5.55
293,5.60
932,5.64
495,5.65
860,5.55
229,5.55
302,0.00
813,5.57
498,0.00
929,5.72
57,5.77
594,5.69
158,0.00
73,5.55
558,0.00
446,5.55
48,5.65
83,5.50
917,5.43
334,5.53
906,0.00
471,5.41
442,0.00
503,5.40
211,5.40
887,5.48
917,18.52
38,5.63
429,12.43
190,5.53
542,5.64
547,12.44
158,5.70
767,5.56
938,5.57
21,5.43
245,5.52
728,5.60
605,5.50
719,0.00
906,5.61
535,5.69
978,5.68
949,12.23
265,5.88
757,0.00
454,5.88
365,5.87
796,0.00
273,5.95
370,5.91
683,0.00
248,5.91
799,6.04
997,6.17
471,0.00
11,6.00
829,6.07
227,6.15
367,6.05
420,0.00
558,6.09
15,6.08
705,0.00
386,6.05
994,6.00
513,0.00
576,12.18
62,6.27
142,0.00
264,6.22
709,0.00
634,0.00
740,6.10
872,0.00
441,6.26
162,6.25
629,0.00
309,6.33
914,12.07
270,6.29
884,6.42
883,6.53
296,6.39
321,6.28
312,0.00
6,6.38
984,0.00
705,0.00
866,0.00
622,6.26
725,6.34
671,6.37
190,0.00
596,0.00
489,6.04
731,6.00
176,6.09
755,6.13
905,6.26
14,6.27
184,6.28
852,6.31
647,0.00
405,6.36
502,0.00
159,6.27
900,0.00
90,6.38
238,6.38
414,0.00
738,6.24
626,6.25
327,6.32
736,0.00
446,0.00
685,6.31
991,6.40
436,6.41
205,6.55
649,0.00
946,6.50
85,6.57
936,6.53
970,0.00
632,6.64
784,6.67
836,6.55
879,12.34
209,6.67
159,6.62
653,12.37
386,6.73
585,6.46
991,6.59
680,6.57
14,6.68
690,12.63
634,6.73
47,6.70
514,0.00
507,0.00
12,6.48
421,6.48
801,0.00
766,6.56
402,6.69
158,6.57
439,0.00
614,0.00
590,6.65
397,6.64
750,6.48
434,0.00
610,6.56
623,6.63
64,6.68
73,6.64
508,0.00
407,6.52
729,6.52
124,6.76
921,6.54
652,6.63
454,0.00
224,12.95
318,6.53
926,12.82
701,6.64
661,6.52
78,6.50
680,6.49
606,0.00
654,6.49
198,6.53
290,6.54
22,6.46
909,6.44
450,0.00
508,12.67
787,6.65
138,6.73
832,6.55
750,6.56
586,6.71
256,6.51
798,0.00
357,6.52
300,6.49
121,6.41
219,6.45
714,6.38
821,0.00
154,6.29
266,6.38
957,6.39
822,6.35
258,6.36
699,6.36
20,6.44
137,6.37
314,6.29
4,6.19
552,0.00
926,6.13
193,6.22
277,6.06
519,0.00
336,6.00
224,6.01
576,0.00
323,5.79
857,5.67
438,5.67
783,5.78
278,5.62
206,5.61
573,0.00
849,5.72
162,5.81
851,0.00
79,0.00
59,5.60
438,5.60
622,5.63
759,5.39
982,0.00
318,5.61
449,0.00
596,5.72
706,0.00
540,0.00
299,5.85
585,5.67
158,0.00
544,0.00
510,5.76
447,5.76
760,5.72
555,5.77
130,5.65
93,5.65
339,5.65
164,5.61
803,5.65
84,5.41
495,0.00
41,0.00
538,5.48
954,5.48
202,5.51
545,0.00
352,5.49
404,0.00
634,5.49
292,0.00
582,5.53
200,5.54
627,0.00
218,5.56
848,5.48
596,5.59
964,5.70
650,18.44
38,5.75
739,0.00
345,5.64
598,0.00
877,5.63
73,5.64
755,5.63
132,5.65
705,5.65
633,5.69
266,5.72
233,5.69
714,0.00
527,0.00
280,5.72
718,5.91
959,12.13
628,12.16
562,0.00
754,0.00
662,5.99
528,0.00
528,5.98
380,6.03
324,5.98
273,6.04
655,0.00
219,6.05
442,5.95
925,6.00
507,0.00
302,6.03
617,6.11
952,6.12
41,6.08
744,6.15
132,6.04
472,0.00
24,6.03
807,0.00
799,11.71
279,5.91
41,6.00
314,5.98
545,0.00
224,11.34
910,5.96
768,6.07
142,5.79
476,0.00
35,5.82
431,5.66
584,11.36
322,5.77
629,5.60
223,0.00
30,5.62
487,0.00
1000,5.57
287,5.60
929,0.00
905,5.75
270,5.76
342,5.76
737,5.84
103,5.98
839,5.98
77,5.87
290,5.93
512,6.00
545,6.00
312,5.89
467,0.00
497,5.79
541,0.00
851,5.74
952,0.00
303,5.79
233,5.79
950,5.73
596,5.74
254,5.72
199,5.68
175,5.57
383,5.59
807,0.00
554,5.69
148,5.65
629,0.00
410,5.57
423,0.00
642,5.38
84,5.45
257,5.38
483,0.00
154,5.28
646,11.13
164,5.32
441,11.22
596,5.27
618,5.24
124,5.34
725,0.00
630,5.24
789,0.00
919,0.00
748,5.35
214,5.28
279,5.35
593,0.00
410,5.38
201,5.45
841,0.00
998,0.00
898,0.00
151,5.51
531,5.55
504,0.00
579,0.00
989,5.56
363,5.66
127,5.55
395,5.59
904,0.00
1000,5.68
942,5.70
878,5.71
501,5.69
843,11.52
107,5.84
930,0.00
849,5.84
919,6.00
358,6.01
951,6.01
25,6.02
316,5.98
66,5.85
322,5.72
609,0.00
680,5.67
898,5.64
14,5.67
115,5.69
534,0.00
791,5.61
902,5.64
671,5.87
822,17.29
196,6.08
101,5.95
928,0.00
39,5.93
101,5.93
594,0.00
602,5.89
246,5.89
398,5.82
245,0.00
699,5.95
440,5.90
938,0.00
776,5.95
276,6.01
724,5.91
271,0.00
532,0.00
901,5.98
27,6.13
121,6.17
931,6.10
678,6.20
760,0.00
64,6.35
380,0.00
526,6.33
401,0.00
615,6.33
410,6.20
748,6.32
396,6.32
12,6.28
557,0.00
499,6.18
534,6.20
51,6.12
683,0.00
101,6.05
573,0.00
837,11.30
473,6.09
309,6.12
767,11.34
826,0.00
582,5.91
308,6.11
812,0.00
86,6.02
790,0.00
280,5.99
515,0.00
969,11.57
368,5.98
494,0.00
569,6.13
278,6.14
144,6.09
869,11.78
910,6.00
682,5.87
154,5.98
716,5.80
904,5.79
44,6.03
588,0.00
890,5.96
472,5.91
718,5.89
897,0.00
853,11.72
847,6.05
103,6.09
500,0.00
732,6.29
116,6.17
859,6.22
999,0.00
312,6.04
288,6.05
496,0.00
465,6.06
951,6.12
197,6.21
374,0.00
290,6.10
480,6.18
814,0.00
40,6.01
17,5.95
305,5.96
625,5.89
930,11.98
911,6.01
255,6.15
603,0.00
298,6.13
861,0.00
188,6.07
611,0.00
939,6.04
274,6.16
444,6.24
698,0.00
859,6.29
397,6.30
553,6.36
151,6.12
756,0.00
500,6.23
540,0.00
51,6.12
443,0.00
721,6.16
88,6.22
361,6.22
792,0.00
961,6.26
676,0.00
789,6.28
644,0.00
771,6.30
488,0.00
671,6.29
934,6.32
138,6.46
29,6.45
747,0.00
990,12.46
867,6.33
161,6.32
868,0.00
617,6.50
294,6.65
353,12.60
792,12.47
900,6.74
6,6.63
475,6.53
469,0.00
925,12.43
635,6.56
946,6.57
886,12.56
987,6.95
69,6.81
714,0.00
968,6.92
129,6.96
678,6.98
173,6.82
705,0.00
805,18.70
931,7.04
379,7.05
921,7.00
856,19.04
556,7.00
622,0.00
207,7.02
440,6.93
411,6.93
300,0.00
995,7.03
881,7.06
503,0.00
569,0.00
404,13.20
959,7.36
451,7.53
606,7.54
233,7.38
48,7.46
320,7.31
517,0.00
681,7.27
722,0.00
878,7.14
938,7.13
942,13.42
18,7.35
163,7.22
548,7.22
800,13.47
549,7.21
591,7.36
70,7.35
401,0.00
506,7.36
304,7.50
727,0.00
483,7.48
904,0.00
802,13.73
508,7.55
494,7.57
37,7.66
468,7.43
574,0.00
905,0.00
756,0.00
513,7.44
600,0.00
446,7.60
828,0.00
209,7.69
693,0.00
764,7.69
832,7.76
684,14.04
563,7.64
834,0.00
834,0.00
736,14.34
11,7.60
196,7.55
625,14.06
556,7.56
387,7.57
285,0.00
6,7.46
608,7.56
701,14.14
638,7.51
276,7.21
316,7.32
703,0.00
986,7.17
922,7.26
300,7.32
136,7.21
703,7.21
462,7.30
479,7.20
524,7.32
1000,20.18
139,7.14
849,7.18
433,7.11
775,7.23
248,7.09
334,7.11
412,7.20
263,7.29
156,7.21
935,0.00
723,7.22
534,7.34
692,7.32
160,7.37
656,0.00
75,7.03
85,7.04
608,0.00
689,6.91
603,0.00
882,7.06
782,7.06
498,0.00
593,0.00
451,6.93
14,6.96
189,6.81
285,0.00
428,6.80
562,6.86
486,6.87
53,6.89
970,14.14
706,6.90
63,6.72
944,6.79
233,6.85
108,6.87
725,6.73
206,6.71
962,6.74
409,6.84
863,0.00
24,6.75
610,0.00
262,6.68
679,6.68
26,6.76
103,6.70
188,6.59
796,6.42
144,6.32
129,6.40
65,6.30
514,0.00
871,6.31
244,6.42
991,6.20
845,13.74
365,6.40
40,6.34
363,13.73
986,6.25
579,6.27
586,6.19
727,6.29
735,0.00
3,6.31
451,6.21
938,0.00
709,6.21
164,6.25
342,13.37
336,6.21
360,0.00
227,6.14
635,0.00
423,13.57
572,6.13
286,6.13
272,6.15
909,0.00
858,0.00
689,0.00
773,6.21
306,6.11
427,0.00
818,6.21
408,0.00
553,6.04
789,6.11
58,6.19
79,6.07
513,0.00
612,0.00
747,5.90
866,0.00
665,5.97
110,5.93
288,6.06
380,6.00
426,6.02
972,20.28
616,13.16
886,13.12
31,6.06
884,13.12
162,6.32
238,6.23
642,0.00
671,6.10
810,6.22
128,6.32
648,0.00
991,6.29
103,6.28
512,6.16
797,0.00
752,13.03
523,6.24
553,6.15
584,0.00
201,6.23
637,6.12
490,0.00
235,6.10
185,6.28
684,0.00
924,6.16
675,6.25
134,6.28
587,6.29
769,6.30
839,12.53
121,6.36
442,0.00
3,6.31
45,6.21
969,0.00
772,12.55
688,6.20
893,6.07
560,0.00
904,20.01
328,6.36
501,0.00
424,6.20
832,6.27
48,6.21
622,6.29
442,0.00
746,12.57
140,6.33
891,6.45
846,6.34
84,6.49
577,0.00
738,0.00
208,6.34
298,6.37
844,6.41
671,0.00
777,6.37
56,6.41
260,6.34
657,0.00
155,0.00
635,6.32
85,6.44
195,6.45
578,6.42
634,6.45
69,6.55
974,0.00
659,6.48
690,0.00
170,6.49
815,6.50
137,0.00
639,6.49
477,6.56
158,6.62
427,6.68
457,6.69
444,0.00
57,6.49
741,6.51
794,0.00
605,6.40
798,6.30
303,6.44
729,0.00
887,6.34
683,6.41
643,12.69
892,6.67
39,6.50
121,6.50
474,0.00
986,19.76
492,6.58
788,6.71
8,6.60
331,6.58
333,6.58
208,6.63
920,0.00
36,6.47
174,6.47
687,6.43
503,6.54
220,6.45
938,6.40
501,6.50
432,6.56
616,6.57
268,6.46
605,12.74
735,6.50
33,6.39
67,6.43
827,0.00
539,6.41
146,6.45
911,0.00
724,6.34
739,6.23
778,6.30
763,6.39
492,6.20
55,6.24
991,0.00
349,6.16
891,0.00
186,5.90
939,12.44
702,12.49
352,6.12
431,0.00
392,6.24
910,6.37
38,6.15
514,0.00
419,6.23
454,12.66
651,6.07
714,6.07
54,6.18
211,6.09
415,6.05
838,0.00
369,6.15
639,6.05
122,0.00
634,6.02
57,6.14
795,6.01
332,0.00
56,6.08
555,0.00
376,0.00
694,0.00
829,5.81
153,5.86
650,5.89
608,0.00
855,5.97
743,5.91
149,6.01
192,5.89
374,0.00
746,12.27
290,5.77
390,5.68
163,5.69
324,0.00
65,5.69
326,12.20
706,5.67
768,5.66
74,5.65
649,5.58
443,5.68
169,5.64
53,5.70
658,5.56
183,0.00
307,5.66
373,0.00
89,5.64
808,0.00
87,5.58
390,0.00
579,0.00
128,5.42
390,0.00
483,5.47
46,5.38
973,5.34
474,5.45
262,5.44
167,5.47
886,5.37
739,5.49
711,5.44
521,5.45
875,24.42
435,11.74
639,5.49
845,5.49
188,5.60
22,5.44
778,5.44
414,5.46
628,5.56
219,5.39
570,0.00
880,11.57
791,5.32
519,0.00
567,5.51
890,5.44
270,5.52
625,0.00
445,5.46
609,5.63
128,5.46
758,0.00
480,5.44
827,5.43
638,0.00
437,5.56
261,5.50
352,5.50
348,5.56
487,5.37
586,0.00
154,5.44
824,5.47
255,5.64
681,5.46
650,5.51
535,0.00
57,5.41
211,5.36
57,5.33
934,0.00
998,5.45
711,5.43
756,5.43
236,5.54
769,5.63
411,5.64
405,5.58
935,17.70
447,5.58
109,5.47
468,0.00
628,5.47
710,0.00
518,5.62
440,0.00
586,5.61
666,5.68
811,0.00
91,5.77
161,5.80
342,5.75
191,5.84
307,5.84
211,5.87
882,5.65
229,5.78
825,0.00
588,0.00
932,5.76
156,5.83
830,0.00
983,11.30
959,11.36
536,0.00
760,11.52
278,11.48
368,6.01
219,6.02
929,24.13
657,6.11
881,11.38
122,5.99
509,0.00
176,5.93
255,6.06
641,0.00
221,5.97
468,5.89
186,5.85
634,5.83
723,0.00
883,5.99
234,6.10
929,5.92
757,0.00
428,5.98
715,5.93
456,0.00
211,6.01
987,6.01
609,11.51
60,6.18
376,6.12
994,0.00
397,6.13
253,6.14
696,0.00
610,0.00
853,6.11
591,6.12
550,6.00
557,0.00
832,6.09
977,0.00
209,6.14
223,11.63
717,11.63
336,6.17
106,0.00
284,6.04
326,11.52
641,6.14
649,5.95
959,17.56
895,11.54
905,6.09
544,0.00
429,0.00
565,11.80
185,6.03
104,6.00
723,0.00
421,5.97
369,0.00
397,6.19
138,6.21
399,0.00
557,6.05
928,0.00
956,6.03
985,11.95
47,6.19
126,0.00
926,6.20
872,0.00
841,6.23
35,6.24
441,0.00
734,30.58
664,0.00
265,6.18
937,12.18
677,12.30
553,6.27
414,6.12
301,12.32
572,6.27
127,6.28
154,6.18
288,6.21
186,6.09
863,0.00
985,17.41
222,12.12
438,6.29
972,6.19
783,6.32
248,6.16
68,6.07
765,6.06
999,17.64
195,6.17
287,6.24
567,0.00
265,0.00
754,6.18
657,6.15
906,6.17
871,12.32
866,12.37
706,6.44
272,6.26
288,6.45
677,0.00
310,6.45
954,12.49
728,6.46
127,6.39
229,6.46
432,6.41
262,0.00
221,6.63
240,6.42
219,6.40
647,6.46
357,6.51
505,6.55
554,0.00
982,6.39
596,12.46
247,6.43
883,0.00
133,12.54
848,6.49
288,6.69
428,6.42
454,6.48
933,12.55
371,6.46
863,6.57
787,6.65
475,6.64
732,6.56
59,6.63
729,0.00
161,6.70
598,0.00
649,0.00
676,6.67
610,6.67
574,0.00
909,6.63
347,6.73
744,0.00
621,6.55
673,6.55
502,12.48
915,12.50
54,6.71
459,6.45
77,6.54
973,0.00
844,6.47
358,6.34
86,6.46
441,6.45
929,6.45
721,6.49
668,0.00
724,12.72
872,6.41
666,6.43
390,6.50
777,0.00
788,6.55
420,6.64
941,0.00
560,0.00
133,6.45
223,6.46
322,6.46
760,0.00
106,6.47
909,12.67
857,12.59
296,6.43
752,6.27
616,6.28
147,6.22
262,6.24
265,6.22
988,0.00
547,12.78
249,12.88
136,6.25
116,6.00
163,5.98
107,5.98
366,5.92
682,0.00
384,5.96
541,6.02
957,0.00
964,12.58
71,6.00
243,6.00
354,5.83
87,5.92
654,5.86
894,18.47
235,5.93
91,0.00
916,12.44
609,5.72
741,0.00
457,5.71
857,0.00
319,5.75
317,5.75
48,5.74
233,5.61
833,5.54
688,0.00
891,0.00
257,5.73
501,5.62
874,12.25
783,5.75
948,12.19
383,5.77
83,5.64
127,0.00
451,5.74
603,5.64
897,18.26
499,12.34
383,5.76
466,0.00
425,5.67
922,5.75
2,5.78
502,5.75
326,5.64
400,5.68
927,0.00
629,5.63
176,5.69
118,5.53
188,5.49
99,5.40
147,5.46
5,5.28
807,0.00
501,5.34
942,5.26
815,0.00
860,0.00
186,5.32
560,0.00
140,5.31
862,5.39
807,5.46
36,5.34
471,5.36
846,5.26
675,5.34
565,5.41
967,0.00
995,11.64
822,5.60
42,5.61
216,5.54
777,5.65
44,5.79
998,0.00
840,5.81
235,5.89
659,18.36
101,6.00
23,5.79
214,0.00
793,5.86
20,5.88
680,5.89
548,5.94
544,5.91
490,5.89
456,0.00
776,5.97
209,11.79
634,11.69
513,6.04
145,11.78
558,11.73
502,6.08
58,6.12
936,11.72
6,6.03
117,6.01
561,5.91
861,0.00
672,5.97
559,0.00
890,6.08
270,6.29
673,11.67
157,6.21
955,0.00
900,0.00
316,0.00
876,11.95
459,6.10
616,6.02
288,6.12
690,6.12
3,0.00
881,6.14
168,6.18
868,11.89
822,6.13
619,0.00
710,6.20
692,6.29
169,6.14
462,6.15
135,6.11
324,6.33
59,6.22
990,0.00
872,18.20
430,6.32
645,6.35
753,6.32
724,6.41
84,6.44
30,6.40
992,0.00
508,6.40
268,6.47
315,6.42
897,0.00
827,6.41
524,0.00
787,11.84
665,0.00
418,6.51
393,0.00
406,6.53
972,6.58
1,6.67
876,0.00
63,6.53
581,0.00
675,0.00
497,6.36
357,6.36
857,6.23
361,6.23
670,0.00
400,0.00
463,6.26
857,6.17
258,6.22
940,0.00
933,30.92
308,6.26
186,6.17
61,6.14
953,12.10
821,12.31
882,6.27
266,6.26
257,6.16
998,6.14
662,0.00
774,6.29
975,0.00
219,6.37
303,6.33
811,6.35
372,6.22
157,0.00
305,6.19
825,0.00
985,6.16
152,6.19
54,6.18
659,0.00
506,6.28
701,6.35
767,6.36
871,6.26
155,6.40
55,6.35
126,6.43
711,12.45
219,12.35
323,6.34
831,12.45
877,6.38
605,12.46
171,6.32
848,0.00
800,6.47
538,0.00
731,6.66
114,6.45
853,6.39
704,0.00
446,0.00
517,6.53
333,6.51
136,6.51
716,0.00
3,6.37
531,6.31
66,0.00
137,6.46
264,6.39
305,6.37
337,6.39
112,6.27
477,0.00
941,6.14
236,6.24
707,0.00
437,6.23
844,0.00
676,0.00
40,6.29
911,6.22
877,0.00
841,6.31
379,6.28
305,6.33
762,6.33
48,6.39
285,6.25
95,6.35
398,6.27
739,0.00
661,6.18
961,6.18
28,6.32
358,6.20
398,6.30
20,6.22
406,6.22
80,6.23
286,6.13
637,6.15
718,6.23
999,6.19
425,6.33
948,6.17
376,6.08
889,12.40
74,6.16
387,6.10
321,6.02
100,6.08
600,5.96
717,0.00
257,5.99
549,0.00
616,5.94
971,18.34
233,6.06
509,0.00
303,6.05
112,5.98
436,0.00
608,0.00
196,5.85
107,5.71
191,5.80
661,5.72
230,5.80
257,5.78
753,0.00
534,0.00
984,12.35
970,12.32
3,5.94
140,5.93
903,5.76
386,5.86
65,5.66
359,5.78
110,5.60
884,0.00
285,5.73
438,5.61
762,5.51
687,0.00
709,5.58
507,0.00
452,5.70
117,5.75
873,5.56
694,0.00
422,5.83
9,0.00
784,5.81
555,0.00
143,5.87
528,0.00
104,5.81
320,5.77
235,5.70
831,5.62
912,5.71
480,0.00
855,18.56
702,5.74
138,5.75
729,5.93
559,0.00
351,5.87
673,0.00
200,5.97
893,5.89
618,5.99
504,6.03
280,6.06
544,0.00
196,5.97
236,5.86
796,0.00
253,6.00
459,6.09
918,0.00
346,6.22
976,0.00
57,6.10
922,0.00
635,12.35
933,12.48
906,12.59
137,6.40
768,6.54
566,12.68
137,6.45
186,6.43
265,6.57
605,0.00
707,6.53
339,6.52
979,0.00
111,6.46
956,6.59
259,6.65
131,6.56
78,6.50
655,0.00
986,6.49
212,6.52
22,6.39
710,6.39
863,0.00
821,6.57
210,6.59
397,0.00
631,0.00
355,6.78
811,0.00
333,6.56
282,12.38
297,6.51
977,6.59
574,6.55
657,0.00
537,12.27
276,6.50
685,6.50
590,6.56
150,6.59
261,6.42
44,6.51
274,6.46
5,6.44
528,0.00
231,6.18
514,6.18
971,6.29
297,6.27
496,6.20
900,0.00
323,6.35
966,6.37
332,6.46
693,6.36
835,0.00
105,6.31
927,6.40
235,6.48
659,12.04
35,6.29
202,6.22
866,0.00
441,6.22
631,6.29
524,6.37
240,6.17
895,6.12
73,6.18
957,0.00
902,6.26
88,6.25
909,0.00
238,6.23
533,0.00
594,6.22
765,6.29
656,6.30
770,6.24
795,18.60
643,6.12
872,24.91
70,6.13
547,12.55
77,5.94
391,6.11
769,5.97
196,6.07
65,6.04
73,5.99
901,0.00
732,6.01
563,0.00
26,6.12
298,6.02
234,6.02
339,6.03
268,5.97
235,5.95
589,5.98
249,6.07
799,0.00
565,5.74
286,5.87
616,12.38
77,5.75
54,0.00
68,5.67
97,5.61
622,0.00
726,12.29
673,5.76
620,5.58
470,5.61
125,5.69
471,0.00
882,5.64
367,5.64
646,5.66
936,5.68
760,0.00
779,5.80
199,5.79
295,5.87
895,6.00
386,0.00
725,12.34
577,6.06
290,5.91
374,0.00
495,5.89
525,0.00
656,5.89
806,5.90
140,0.00
812,6.08
113,5.97
254,5.99
349,5.96
60,5.93
749,0.00
739,12.26
510,0.00
994,0.00
21,5.88
141,5.91
463,5.87
342,5.87
536,5.79
274,0.00
260,5.75
10,5.80
177,5.67
862,0.00
906,5.60
524,5.69
88,5.56
83,5.66
713,5.60
744,5.74
36,5.58
549,0.00
613,5.55
418,0.00
557,0.00
591,0.00
905,0.00
236,5.50
318,5.48
699,0.00
267,5.42
426,0.00
943,5.42
969,0.00
617,5.63
275,5.74
560,0.00
609,0.00
909,5.92
44,5.90
846,0.00
909,5.97
504,6.05
465,0.00
983,11.78
6,6.24
942,6.19
259,6.22
992,11.94
399,6.19
818,6.30
782,6.35
643,6.30
758,6.44
723,6.46
290,6.51
484,0.00
710,12.25
272,6.43
214,6.33
146,6.38
501,0.00
800,6.33
827,0.00
463,6.25
74,6.32
848,0.00
807,12.29
535,6.30
561,6.39
990,0.00
706,6.52
706,0.00
905,6.50
492,0.00
480,6.45
160,6.43
997,12.42
567,6.69
118,6.56
414,6.57
48,6.47
133,6.47
560,0.00
272,6.47
116,6.60
769,0.00
744,12.39
740,0.00
877,6.73
695,0.00
363,6.81
71,6.86
338,6.75
696,0.00
606,12.35
325,6.71
358,0.00
899,6.75
371,6.63
436,6.64
39,6.74
550,6.68
676,6.57
952,12.11
994,6.66
592,6.69
383,6.62
367,6.78
687,6.79
797,0.00
197,6.75
275,6.66
818,0.00
487,6.70
725,6.72
713,0.00
457,6.60
729,0.00
100,6.63
162,6.51
593,6.60
760,6.65
702,0.00
805,6.66
336,6.66
563,0.00
810,6.55
127,6.56
742,6.54
587,6.70
340,6.57
288,6.58
34,6.45
830,0.00
910,13.02
686,0.00
621,6.65
150,6.45
333,6.57
258,6.53
713,0.00
720,6.54
529,6.45
598,0.00
689,0.00
286,6.49
969,0.00
999,6.38
627,6.43
425,0.00
619,6.36
752,6.46
930,6.47
904,13.05
683,0.00
346,6.48
762,6.48
38,6.59
75,6.61
558,6.47
86,6.56
733,12.98
993,6.45
40,6.55
589,6.42
455,6.44
319,6.49
884,6.33
217,6.40
173,6.45
986,0.00
491,6.53
405,6.49
493,0.00
616,13.26
884,19.03
208,6.69
386,6.75
585,24.96
785,6.75
280,6.73
272,6.76
718,0.00
912,13.39
304,6.59
343,6.54
785,6.55
704,0.00
322,6.35
920,6.28
590,6.29
483,6.24
224,6.19
33,6.31
290,6.16
899,0.00
869,6.22
830,0.00
626,6.31
608,6.24
326,6.26
610,6.37
925,6.31
199,6.40
67,6.25
161,6.15
232,6.26
211,6.26
987,24.94
305,6.31
314,6.17
800,12.75
104,6.30
554,6.23
374,6.16
405,0.00
411,6.25
17,6.24
854,6.25
206,6.25
860,0.00
732,6.15
160,6.14
671,0.00
217,6.19
859,6.19
504,6.20
68,0.00
826,6.11
640,6.04
870,6.13
422,0.00
526,0.00
435,0.00
368,5.92
900,0.00
775,5.86
269,5.94
69,5.96
651,5.95
597,5.96
386,5.87
412,5.81
289,5.90
8,5.77
663,5.76
80,5.85
477,0.00
712,0.00
590,5.46
495,0.00
326,5.65
492,12.34
970,12.38
545,5.66
507,12.39
465,12.31
559,5.83
195,0.00
618,5.78
537,5.96
779,12.39
772,5.91
135,5.82
1000,5.87
645,12.19
467,6.03
206,5.88
439,5.90
490,0.00
425,6.03
257,6.01
422,5.88
774,0.00
619,5.84
737,0.00
185,12.09
182,5.79
29,5.62
982,5.60
239,5.61
136,5.70
256,5.66
324,5.70
852,18.36
382,5.75
685,5.61
43,5.62
803,5.69
672,11.75
932,0.00
360,5.59
25,5.65
631,5.64
373,0.00
913,24.80
257,5.58
381,5.58
578,5.53
634,5.59
688,5.62
497,0.00
554,11.88
856,0.00
844,11.96
983,12.07
567,11.91
977,11.84
384,5.99
85,5.93
147,5.84
81,5.90
851,5.70
620,0.00
107,5.79
452,0.00
462,5.76
420,5.76
567,0.00
673,0.00
712,5.96
478,5.87
275,6.03
698,6.04
638,6.11
65,6.06
736,11.66
751,0.00
560,5.80
779,5.83
645,0.00
986,5.85
553,5.96
982,0.00
706,11.90
366,11.83
254,6.01
312,5.80
431,0.00
691,11.91
740,11.93
223,5.87
498,5.93
334,5.89
90,5.84
822,5.86
314,5.91
461,0.00
464,0.00
908,5.91
847,0.00
825,5.88
649,6.00
191,6.14
822,11.72
28,6.32
190,6.10
897,0.00
264,6.20
431,0.00
17,6.12
290,6.19
813,6.19
45,6.20
78,0.00
543,11.71
934,6.09
366,6.06
195,6.09
776,0.00
930,11.60
801,6.05
920,0.00
915,6.18
228,6.23
410,6.11
745,0.00
428,5.99
947,0.00
785,17.95
875,12.01
851,12.17
730,12.00
137,0.00
853,6.18
881,6.18
44,6.15
88,6.16
469,0.00
332,6.04
790,0.00
378,6.04
451,0.00
222,11.92
267,6.09
47,5.97
615,5.93
971,5.89
617,6.10
937,11.87
854,5.95
881,12.04
965,0.00
677,6.15
544,6.26
661,0.00
339,6.29
407,6.24
569,6.14
562,0.00
998,12.16
735,6.27
67,6.20
757,6.26
633,6.36
407,6.40
409,0.00
102,6.46
72,12.18
451,6.44
96,6.45
484,0.00
906,6.27
464,0.00
226,6.30
227,6.37
32,6.31
376,6.24
494,12.11
380,6.39
55,6.30
482,0.00
225,6.14
8,6.06
401,6.06
36,5.96
363,5.93
3,5.86
613,5.85
904,0.00
823,12.08
391,6.09
864,5.97
86,6.03
301,0.00
785,5.90
250,0.00
788,12.15
214,6.10
155,0.00
331,5.90
985,5.93
660,5.84
220,5.69
412,5.78
712,0.00
860,5.72
54,5.80
828,0.00
449,11.95
273,5.75
733,0.00
838,17.73
293,5.69
760,5.77
959,11.90
823,5.78
176,5.79
475,5.84
408,5.86
34,5.92
890,0.00
505,5.88
626,5.88
461,0.00
662,5.89
324,5.88
689,0.00
681,0.00
557,5.78
572,0.00
679,5.75
171,5.76
201,0.00
947,5.47
897,5.42
499,0.00
859,5.46
511,5.44
353,5.45
248,5.45
248,5.46
295,5.35
806,5.27
168,5.37
440,5.22
426,0.00
72,0.00
417,0.00
177,5.26
200,5.26
530,0.00
182,5.38
609,0.00
548,0.00
227,5.48
771,0.00
675,5.62
670,0.00
626,5.60
464,5.51
152,5.46
612,0.00
855,0.00
361,5.65
504,5.75
865,5.81
838,0.00
841,11.84
694,5.89
294,5.70
919,5.79
802,11.79
197,5.96
135,5.79
600,5.76
338,0.00
980,5.77
625,0.00
239,5.88
962,11.73
732,5.93
680,6.08
429,5.89
277,5.92
971,5.91
977,5.90
716,6.01
817,11.65
266,5.96
958,0.00
230,11.80
500,6.05
733,6.05
17,0.00
214,5.86
8,5.90
444,0.00
61,6.02
804,5.95
489,0.00
619,6.11
109,6.11
561,5.97
190,6.00
166,5.93
652,5.94
668,0.00
386,5.82
807,0.00
660,5.97
579,6.02
713,6.06
437,6.11
935,6.13
349,6.19
458,6.17
436,6.22
678,0.00
802,0.00
645,0.00
763,6.13
939,0.00
937,6.32
616,6.32
663,11.64
38,6.45
533,6.53
77,6.47
797,6.39
13,6.45
533,0.00
860,6.25
600,0.00
758,6.28
719,0.00
644,6.35
92,6.36
528,0.00
447,6.34
947,6.48
95,6.51
970,12.05
167,6.46
179,6.48
900,0.00
234,6.47
422,0.00
891,6.43
822,24.23
96,6.51
384,6.42
630,6.43
827,6.53
69,6.64
218,6.42
521,0.00
29,6.47
980,0.00
458,6.39
197,6.45
611,0.00
44,6.33
489,6.34
833,6.35
865,0.00
885,0.00
454,6.47
805,6.41
321,6.45
153,6.41
239,6.35
449,6.39
956,24.24
767,0.00
687,6.27
184,6.39
485,0.00
707,6.44
378,0.00
902,0.00
675,6.46
291,6.53
641,0.00
522,6.61
35,6.61
716,6.52
479,0.00
569,6.71
941,0.00
8,6.75
543,6.82
161,6.88
749,0.00
362,6.61
861,12.58
149,6.64
162,6.58
824,0.00
403,6.43
88,6.49
194,6.49
154,6.43
405,0.00
626,0.00
809,6.25
217,6.28
221,6.16
665,0.00
735,12.72
472,6.23
469,0.00
491,6.02
134,6.26
802,6.19
211,6.12
488,0.00
806,17.85
572,0.00
623,6.15
690,17.93
824,6.07
232,6.08
357,5.99
292,5.84
652,0.00
377,5.90
836,5.95
953,12.26
843,0.00
749,6.01
316,5.92
81,5.99
569,5.88
463,6.03
444,0.00
891,6.04
255,0.00
680,0.00
252,6.09
893,0.00
500,6.17
892,0.00
205,6.19
401,6.28
307,6.21
220,6.19
922,0.00
704,0.00
131,6.12
895,0.00
30,6.15
667,12.57
697,6.17
404,6.18
327,6.19
186,6.15
79,6.03
593,5.93
229,5.91
737,0.00
437,5.79
815,5.89
229,5.91
774,0.00
421,5.95
904,0.00
588,5.85
949,12.67
902,5.92
374,5.98
645,0.00
689,6.06
317,6.12
516,0.00
892,6.09
422,12.51
391,6.15
812,6.04
928,6.15
61,6.23
415,0.00
821,6.09
203,6.26
570,6.28
22,6.13
994,6.12
643,0.00
655,12.52
393,12.39
976,6.36
605,6.44
228,6.51
61,6.28
346,0.00
50,6.45
465,6.35
593,0.00
792,6.42
430,0.00
601,6.40
993,6.46
95,6.58
650,0.00
754,12.50
710,6.62
326,0.00
655,6.52
582,12.54
589,6.58
507,0.00
242,6.43
707,6.47
32,6.61
311,6.52
472,6.37
694,0.00
312,6.39
227,6.44
903,0.00
614,6.33
840,6.37
279,6.58
777,0.00
16,6.52
918,6.44
724,0.00
932,6.58
584,0.00
125,6.46
76,6.58
990,0.00
335,6.59
223,6.70
232,6.63
825,6.59
859,6.62
867,12.69
530,12.55
110,6.83
684,0.00
789,0.00
917,6.69
825,0.00
470,6.70
177,6.75
927,0.00
27,6.70
731,6.57
584,6.58
909,0.00
251,6.63
319,6.69
655,6.62
582,6.70
542,0.00
773,6.75
266,6.76
589,0.00
648,0.00
833,6.76
54,6.72
684,6.72
211,6.70
323,6.69
147,6.60
56,6.60
498,0.00
85,6.50
420,6.46
411,6.47
666,0.00
533,6.32
849,6.29
86,6.46
34,6.32
837,18.83
341,6.41
154,6.38
649,12.81
692,6.36
463,6.16
201,6.30
805,12.79
54,6.23
671,12.89
405,6.11
832,6.14
621,0.00
108,6.31
884,0.00
918,6.36
221,6.32
929,6.20
215,6.33
268,6.33
746,0.00
315,6.43
952,6.37
536,0.00
863,6.49
75,6.51
732,0.00
572,6.20
522,6.26
989,6.37
378,6.39
833,6.34
880,6.38
165,6.49
254,6.42
723,0.00
267,6.51
282,6.40
871,0.00
488,13.12
225,6.50
37,6.32
693,6.25
755,6.37
410,6.40
335,6.16
750,12.81
359,6.18
435,6.06
15,6.28
730,6.19
535,0.00
194,6.09
1000,5.98
841,5.89
622,0.00
964,6.02
529,0.00
431,6.05
12,6.09
918,0.00
570,12.64
760,6.03
791,6.02
450,5.99
160,5.99
382,5.99
445,6.10
893,0.00
423,6.09
715,6.08
118,0.00
237,6.23
626,0.00
847,19.01
115,6.41
641,6.33
58,6.38
28,6.21
385,6.29
525,0.00
445,0.00
768,0.00
2,6.25
718,0.00
365,6.26
430,12.42
604,6.38
870,19.11
950,6.43
706,6.49
58,6.53
346,6.48
262,0.00
679,6.38
58,6.39
795,6.34
771,0.00
558,0.00
580,6.33
374,6.22
446,6.31
198,6.36
29,6.12
530,6.11
804,0.00
833,6.23
801,0.00
915,6.25
124,6.29
16,6.20
594,6.15
341,6.19
34,6.09
534,0.00
312,5.90
397,5.84
9,5.92
833,0.00
627,5.83
656,5.87
833,5.97
1,6.05
836,0.00
983,18.97
500,6.04
608,6.15
786,6.24
24,6.26
1000,6.22
513,6.47
481,0.00
714,6.26
123,6.20
589,12.27
301,6.29
646,0.00
707,6.42
858,6.20
500,0.00
41,6.20
746,0.00
407,6.25
823,12.27
534,6.34
38,6.41
695,0.00
13,6.29
310,6.34
964,0.00
476,6.35
550,0.00
913,6.32
248,6.34
606,0.00
983,6.18
100,6.30
475,0.00
862,6.20
103,6.10
571,6.21
632,0.00
129,6.13
971,6.19
204,6.34
408,6.26
828,6.39
263,6.34
102,6.17
832,0.00
197,6.12
594,0.00
895,12.54
26,6.24
210,6.24
594,6.17
354,0.00
146,6.29
713,6.18
547,6.22
918,6.31
846,0.00
639,6.21
996,6.31
132,6.26
977,12.53
33,6.33
92,6.10
54,6.04
890,6.02
331,6.09
781,6.07
173,6.20
832,0.00
386,6.16
912,0.00
255,6.19
212,6.10
411,6.01
500,6.14
733,18.27
643,0.00
445,5.92
977,6.04
62,6.20
215,5.95
257,0.00
153,0.00
605,12.19
685,6.03
598,6.10
388,6.00
212,6.04
659,6.03
972,0.00
661,12.36
720,6.25
720,0.00
768,6.16
226,6.22
703,0.00
184,6.27
31,6.17
184,6.11
185,6.12
107,5.98
154,5.92
286,0.00
894,18.35
44,6.05
457,5.92
385,0.00
948,5.97
797,6.17
16,5.99
172,6.07
76,5.94
484,5.97
364,5.94
431,12.13
545,6.00
760,6.00
42,5.91
746,0.00
290,12.08
612,5.92
966,18.44
48,5.88
245,5.94
307,5.89
992,5.89
346,5.89
342,5.88
631,5.92
159,0.00
781,5.79
576,5.82
436,0.00
179,5.82
133,5.79
269,5.74
728,0.00
525,5.75
482,5.52
581,5.63
390,0.00
835,0.00
142,5.50
550,0.00
847,0.00
346,5.53
23,5.60
886,5.61
889,11.80
476,5.60
813,5.71
788,5.73
204,5.84
661,11.88
811,11.84
399,5.82
480,11.75
470,0.00
852,0.00
452,5.65
729,0.00
180,5.81
43,5.77
350,5.71
777,0.00
896,5.69
445,0.00
756,5.83
107,5.77
536,5.67
447,0.00
949,0.00
834,5.67
205,5.77
420,0.00
792,5.70
24,5.77
511,5.84
49,5.89
814,5.88
982,0.00
40,5.93
928,6.02
193,6.07
928,18.16
206,6.02
276,5.83
478,5.91
161,5.92
145,5.99
549,5.96
862,0.00
455,0.00
462,0.00
715,6.05
906,6.05
441,0.00
309,6.15
302,6.06
566,0.00
831,12.07
746,0.00
999,0.00
466,6.14
78,6.13
52,6.00
666,0.00
813,6.02
550,0.00
869,6.06
491,6.01
379,6.05
336,6.14
200,6.16
799,0.00
444,6.22
867,6.23
233,6.29
863,0.00
44,6.33
172,6.27
676,6.28
287,6.24
552,0.00
595,0.00
614,11.93
388,6.16
208,0.00
621,11.86
658,6.18
680,0.00
92,11.82
666,11.85
682,6.27
235,6.18
631,0.00
290,6.17
429,0.00
876,0.00
976,12.16
180,6.30
606,6.15
433,0.00
817,11.94
365,6.23
843,6.20
722,6.32
941,6.25
91,6.28
887,6.04
748,6.15
137,6.16
314,6.06
261,5.93
565,5.86
172,5.89
624,0.00
666,0.00
142,5.90
652,5.85
276,6.00
223,5.94
783,0.00
850,0.00
340,5.80
500,5.91
490,0.00
513,0.00
281,5.81
278,5.89
155,5.81
651,0.00
776,17.65
192,11.82
947,5.87
611,5.90
257,5.78
661,0.00
597,5.73
334,0.00
544,5.68
277,5.68
38,5.72
271,5.64
140,5.65
95,5.61
513,0.00
764,5.53
176,5.56
36,5.53
44,5.48
57,5.40
293,5.33
901,0.00
869,5.31
679,0.00
773,0.00
201,5.53
869,11.75
190,5.63
758,5.48
110,0.00
792,5.57
851,5.62
611,5.67
799,5.74
886,0.00
605,5.75
697,0.00
873,5.88
334,5.88
57,5.78
677,0.00
585,0.00
554,5.71
504,0.00
339,5.70
495,5.73
587,0.00
874,17.75
567,5.70
315,5.41
814,0.00
440,5.50
647,5.49
783,17.47
260,5.51
825,0.00
697,5.56
41,5.45
906,0.00
668,5.68
448,5.68
238,5.58
281,5.58
1,5.60
400,5.62
521,5.61
945,5.62
712,0.00
202,5.54
814,5.70
608,0.00
655,5.78
685,11.62
339,5.84
453,5.76
148,5.63
358,0.00
176,5.76
67,5.75
717,0.00
264,5.83
659,5.74
455,0.00
365,5.65
334,5.66
630,5.66
348,5.70
664,0.00
693,11.43
210,5.79
50,5.81
115,5.72
272,5.72
568,5.78
108,5.73
963,0.00
813,0.00
167,5.91
792,5.97
867,6.02
607,6.12
139,6.11
657,11.31
23,5.98
247,0.00
924,5.83
745,5.84
762,0.00
869,5.82
405,0.00
233,5.80
485,0.00
349,5.72
537,0.00
951,17.78
921,5.62
206,5.76
875,0.00
565,5.72
334,5.81
771,0.00
439,5.78
382,11.39
867,17.96
155,5.94
508,11.57
408,11.54
557,6.07
135,6.07
940,0.00
497,0.00
20,5.96
322,6.09
388,0.00
576,6.01
428,6.07
943,6.07
608,0.00
741,5.95
710,0.00
769,0.00
410,6.03
574,0.00
797,6.05
784,6.12
525,6.23
661,6.24
297,6.04
285,6.02
314,5.97
340,11.80
644,6.13
8,6.23
982,0.00
584,6.03
805,6.14
357,6.11
737,0.00
551,6.10
86,6.21
47,6.26
545,0.00
643,0.00
657,6.14
946,17.73
579,0.00
180,6.20
624,0.00
306,6.12
1,6.23
581,0.00
170,6.24
46,6.35
475,0.00
1000,6.13
784,0.00
795,6.19
530,6.19
736,6.20
466,6.32
668,0.00
902,6.15
552,6.25
409,6.38
405,6.32
788,6.30
34,6.37
175,6.27
193,6.27
266,6.18
994,0.00
986,6.23
964,12.09
791,6.48
181,6.42
414,6.39
584,0.00
902,6.26
240,6.27
208,6.28
710,6.27
656,6.35
689,0.00
11,6.23
730,0.00
93,6.29
808,12.28
265,6.22
433,12.38
951,6.22
420,0.00
981,17.72
635,6.29
259,6.39
285,6.26
258,6.23
860,6.18
683,6.29
510,0.00
351,6.17
932,6.31
34,6.33
538,0.00
197,6.18
962,0.00
100,6.28
926,0.00
807,6.11
904,6.24
912,6.43
898,6.52
46,6.55
413,0.00
158,6.55
958,0.00
439,6.53
880,12.69
935,6.66
215,6.67
343,6.57
724,6.49
118,6.57
243,6.44
894,6.52
413,6.47
98,6.57
806,6.62
965,6.74
92,6.58
869,6.53
315,6.62
430,6.52
106,0.00
949,12.88
15,6.65
308,6.67
7,6.61
164,6.65
336,6.58
619,0.00
426,6.70
847,6.55
906,6.60
994,6.48
40,6.54
453,0.00
178,6.45
482,0.00
421,0.00
877,6.34
193,6.27
875,6.37
822,6.51
875,0.00
939,12.91
644,6.64
94,6.51
195,0.00
552,0.00
480,6.52
105,6.53
246,6.54
980,0.00
43,6.57
671,6.49
581,6.36
563,6.38
570,6.31
754,12.51
945,6.53
391,6.51
915,0.00
962,6.42
823,6.58
432,0.00
252,6.60
551,0.00
127,6.63
898,6.47
206,0.00
556,0.00
803,6.64
341,0.00
994,6.44
545,0.00
96,6.49
232,6.29
820,0.00
463,6.16
321,6.24
817,6.10
42,6.15
469,0.00
148,6.08
373,6.01
98,6.12
68,6.08
171,6.01
541,6.01
524,5.97
76,6.12
309,5.85
677,0.00
697,5.88
436,5.75
945,5.76
654,5.70
372,5.70
325,5.51
212,5.47
6,5.49
736,5.44
147,5.61
710,0.00
195,5.55
795,18.12
705,12.19
743,5.54
35,5.61
783,11.98
819,5.57
117,5.58
466,5.44
854,5.55
683,0.00
61,5.81
471,0.00
680,0.00
579,5.61
755,0.00
15,5.64
478,5.56
478,5.56
443,0.00
866,5.55
639,5.52
670,5.59
177,5.74
71,5.83
307,5.68
915,5.69
221,5.70
466,5.76
606,5.82
297,5.75
507,0.00
816,12.22
815,5.68
957,5.65
867,0.00
117,5.60
508,12.08
317,5.63
967,12.09
670,5.47
5,5.47
838,11.97
746,5.55
323,5.48
384,5.51
235,5.58
223,5.34
954,5.40
846,5.38
18,5.47
288,5.38
914,0.00
503,0.00
199,5.47
119,5.56
69,5.44
658,0.00
893,5.37
527,0.00
2,5.55
561,0.00
693,5.53
954,5.51
603,0.00
817,5.64
824,0.00
997,11.56
567,11.34
423,5.79
94,5.77
124,5.68
203,5.61
402,0.00
894,11.34
216,5.86
906,0.00
447,5.90
235,5.92
329,5.87
164,5.85
933,0.00
22,5.80
605,5.82
712,5.81
517,5.82
256,5.71
345,5.53
234,5.50
279,5.62
873,5.55
276,0.00
163,5.48
467,5.48
580,0.00
905,5.61
831,5.58
364,5.59
467,0.00
45,5.53
656,5.44
597,0.00
8,5.59
846,0.00
500,5.40
601,5.32
825,0.00
522,11.14
164,5.46
95,11.05
605,5.42
760,11.07
898,17.30
111,5.34
930,10.82
377,0.00
746,5.37
899,5.44
649,5.53
146,5.57
262,5.32
524,5.43
984,5.54
710,5.50
314,5.62
560,0.00
706,0.00
838,5.68
2,5.74
87,5.67
34,5.67
936,0.00
262,0.00
275,5.63
218,5.63
678,5.73
735,5.74
518,11.22
998,5.86
547,5.69
902,5.91
390,5.91
42,5.89
736,0.00
335,5.92
507,0.00
886,5.82
977,0.00
809,11.70
709,11.77
145,5.97
816,11.86
230,6.07
241,6.01
29,5.87
533,0.00
204,5.84
569,5.84
182,5.84
669,0.00
323,11.81
90,5.97
343,17.28
522,6.01
798,11.68
84,5.90
743,5.92
214,6.12
803,0.00
874,6.14
535,6.21
222,5.99
273,6.11
684,0.00
553,6.12
640,0.00
198,6.13
513,6.03
697,6.03
628,6.13
89,5.97
399,6.03
67,6.02
631,5.99
816,5.98
966,0.00
747,6.21
173,6.23
249,6.17
463,0.00
285,6.18
751,0.00
107,6.20
579,0.00
846,11.70
208,6.25
681,11.40
232,6.44
11,6.26
341,6.24
96,0.00
633,0.00
602,0.00
239,6.15
259,0.00
979,0.00
682,6.15
506,6.18
326,6.07
4,5.95
158,5.98
875,0.00
435,0.00
125,5.79
384,5.79
884,0.00
907,5.97
492,0.00
45,5.84
94,5.75
599,5.83
803,5.84
17,0.00
628,11.57
281,5.68
156,5.73
246,5.64
157,5.50
575,0.00
765,5.53
35,5.49
910,5.43
102,5.43
52,0.00
793,0.00
29,5.57
390,5.34
787,5.33
534,0.00
762,5.37
965,0.00
333,5.41
688,0.00
467,0.00
258,5.46
198,11.51
589,5.51
548,5.52
206,5.42
139,5.39
63,5.41
709,0.00
888,5.32
63,5.33
263,0.00
711,5.19
282,5.31
111,5.16
170,5.16
888,0.00
750,11.13
564,5.11
450,0.00
512,5.19
431,0.00
970,5.22
258,5.31
872,0.00
61,5.17
822,0.00
341,5.11
16,5.11
53,5.16
82,5.06
857,11.44
923,0.00
700,5.12
428,5.13
514,0.00
944,16.93
914,5.41
256,5.26
386,5.26
530,5.28
893,0.00
326,5.22
522,5.25
205,5.37
789,0.00
499,5.45
403,0.00
68,5.52
56,5.53
819,0.00
190,5.46
798,11.30
765,11.39
203,5.52
184,0.00
286,5.48
141,5.51
761,5.43
616,5.55
807,11.39
163,5.53
69,5.47
802,5.59
773,5.69
490,5.77
997,5.71
62,5.73
535,5.65
769,17.25
360,11.22
822,11.24
120,5.67
160,0.00
211,5.82
853,0.00
942,5.73
119,5.84
38,5.80
199,5.73
128,5.73
210,5.72
249,5.63
790,0.00
930,5.65
59,5.65
389,11.18
413,5.74
747,5.65
589,5.76
168,5.82
390,5.82
880,11.09
7,5.97
525,0.00
795,5.86
40,5.97
528,6.02
407,6.03
830,6.07
149,6.09
447,5.95
230,6.02
736,5.84
936,0.00
843,5.91
841,5.98
185,5.95
126,5.87
518,0.00
957,6.00
436,0.00
261,5.99
698,6.02
130,6.08
385,0.00
984,6.07
395,6.07
298,6.08
818,6.19
435,0.00
376,5.99
142,5.85
277,5.98
456,5.89
518,0.00
617,0.00
563,0.00
8,5.87
465,0.00
208,5.84
307,5.85
157,5.84
896,0.00
131,5.83
118,5.85
747,5.79
691,0.00
161,5.79
546,0.00
180,5.73
193,11.35
821,5.72
897,5.73
517,5.74
595,11.30
332,5.74
200,5.74
106,0.00
429,0.00
889,11.28
255,5.66
631,11.41
467,5.84
618,5.85
16,5.70
668,5.68
493,5.66
624,5.63
72,0.00
277,0.00
274,0.00
572,0.00
29,5.61
682,5.61
662,5.64
2,5.70
989,5.61
107,5.61
124,5.59
711,0.00
824,11.44
137,5.60
544,5.53
273,5.76
317,5.57
824,0.00
795,0.00
11,5.70
804,11.47
60,5.77
413,0.00
93,5.65
125,5.61
615,0.00
239,5.56
591,0.00
573,5.72
436,5.71
425,0.00
412,5.67
530,5.62
238,5.61
381,0.00
596,5.55
956,5.55
460,5.59
474,5.59
462,0.00
133,5.62
625,0.00
242,5.54
832,0.00
888,11.46
234,5.50
709,11.39
342,5.41
488,11.42
904,5.52
76,5.53
307,5.59
84,5.48
69,5.43
426,5.38
358,0.00
957,5.34
905,11.22
241,5.47
477,5.53
466,0.00
407,0.00
250,5.53
596,0.00
792,5.52
174,5.47
370,0.00
439,0.00
135,5.59
186,5.52
600,0.00
420,5.57
714,5.63
670,5.51
453,5.53
742,0.00
903,5.56
83,5.48
888,5.54
393,0.00
953,5.58
186,5.63
242,5.64
303,5.46
756,5.59
888,5.59
247,5.69
875,0.00
469,0.00
812,5.76
633,0.00
709,0.00
499,5.63
600,5.66
752,5.49
171,5.58
329,5.65
996,0.00
262,5.61
995,5.69
746,0.00
479,5.70
230,5.72
824,5.72
210,5.73
710,0.00
312,5.78
224,5.79
536,5.71
837,5.84
458,5.88
294,5.81
950,5.78
43,5.82
614,5.82
923,5.93
662,6.04
139,5.88
630,5.96
830,11.32
595,6.00
566,6.15
297,5.96
146,5.91
186,11.41
367,5.99
726,0.00
222,5.92
778,5.84
152,0.00
984,5.99
822,0.00
724,5.83
270,5.82
596,5.85
980,0.00
955,5.98
995,6.18
898,0.00
609,6.12
205,6.27
589,0.00
817,0.00
476,6.37
815,6.42
689,6.54
478,0.00
848,6.66
52,6.60
621,6.57
799,6.58
594,12.12
294,6.58
27,6.60
452,0.00
621,12.09
465,12.13
131,6.62
192,0.00
889,6.58
774,6.72
560,0.00
625,6.58
438,6.63
997,12.32
464,6.75
26,6.62
487,0.00
871,12.44
570,6.66
366,6.71
888,6.66
422,6.67
368,0.00
664,6.86
617,0.00
431,6.74
936,0.00
855,6.89
118,7.00
800,0.00
451,6.84
970,6.90
618,0.00
976,0.00
595,0.00
590,7.25
132,7.23
980,7.10
555,7.21
282,7.31
611,0.00
582,7.16
780,7.18
374,7.10
685,0.00
638,7.13
632,7.21
22,7.13
980,0.00
788,0.00
674,7.14
715,13.15
415,7.23
782,7.30
627,7.22
696,0.00
794,7.48
848,7.46
631,7.53
597,7.54
232,0.00
988,7.54
719,7.68
811,7.64
630,0.00
831,7.73
974,7.79
117,7.68
327,7.86
846,7.66
817,7.80
506,0.00
699,7.69
262,7.77
227,13.82
194,7.78
486,7.59
394,7.67
369,7.71
508,0.00
394,7.51
327,7.40
79,7.33
852,7.24
770,7.35
661,7.44
839,7.46
89,7.23
682,0.00
855,7.26
1,7.29
253,7.19
698,0.00
777,7.23
67,7.16
78,7.12
146,7.06
367,7.06
454,0.00
737,0.00
865,13.77
204,7.04
513,7.04
195,7.10
391,6.88
653,0.00
57,6.86
405,6.72
621,0.00
762,13.58
756,6.58
5,6.70
320,6.67
67,6.60
296,6.46
857,6.39
764,0.00
424,6.29
861,6.32
492,6.41
937,13.62
798,6.42
120,6.35
505,0.00
275,6.28
547,6.39
523,6.35
51,6.43
158,6.36
971,0.00
736,13.77
384,0.00
876,0.00
594,6.14
687,6.24
304,6.11
578,6.09
897,19.58
659,6.26
248,6.06
776,0.00
825,0.00
893,6.18
64,5.99
4,6.09
529,5.95
560,5.95
366,5.92
119,5.82
163,5.83
976,0.00
994,5.91
243,5.86
32,5.90
226,5.80
747,5.81
73,5.99
313,5.85
380,5.93
766,0.00
405,5.79
931,5.88
81,5.88
771,13.21
594,0.00
331,6.03
830,13.32
700,6.08
513,6.18
392,6.02
485,6.12
92,6.08
968,6.06
614,6.22
977,13.21
30,6.27
232,6.27
304,6.40
679,13.47
952,6.44
823,0.00
145,6.57
531,6.67
671,0.00
773,6.70
636,6.80
777,13.42
399,6.81
914,6.91
351,6.91
53,6.91
141,6.76
371,6.70
682,6.68
357,6.80
790,6.82
684,0.00
966,13.26
866,6.91
126,6.84
842,13.11
819,6.81
801,6.96
599,6.97
777,7.02
717,6.97
795,7.09
205,7.02
941,7.00
556,7.04
358,7.11
716,13.55
918,13.53
273,7.24
228,7.08
103,7.02
293,6.95
951,0.00
46,6.93
66,6.93
502,7.01
831,0.00
491,6.85
22,6.78
388,6.82
814,0.00
492,6.91
862,6.93
888,6.89
841,0.00
612,0.00
575,7.02
123,6.93
531,0.00
290,6.92
818,0.00
391,6.93
378,0.00
118,6.92
921,0.00
835,12.96
519,6.81
152,6.92
381,6.82
794,6.83
209,6.86
290,6.78
759,0.00
946,6.76
138,6.80
137,6.75
399,6.76
542,0.00
933,6.55
531,13.00
289,6.58
723,6.51
216,6.29
751,0.00
115,6.32
521,6.25
967,6.31
78,6.29
444,6.21
376,6.15
420,6.28
560,0.00
734,6.45
839,0.00
425,6.40
50,6.42
796,13.23
908,6.40
677,6.31
604,6.32
717,0.00
68,6.50
205,13.29
649,6.38
418,6.39
896,13.22
247,6.25
148,6.24
393,6.16
112,6.18
123,5.99
626,6.01
606,6.12
678,5.89
375,5.96
906,5.86
742,5.88
821,5.95
79,5.96
358,6.00
334,5.99
541,0.00
204,5.95
381,5.98
879,5.94
426,0.00
78,5.92
890,0.00
815,12.67
511,5.93
191,0.00
240,5.92
40,5.83
925,12.64
792,5.92
132,5.93
255,5.85
81,5.89
515,0.00
460,0.00
980,5.87
63,5.76
522,5.83
371,5.84
393,5.97
29,5.88
975,0.00
611,12.95
950,5.94
234,0.00
151,5.99
172,6.00
137,5.87
316,5.84
659,5.85
527,12.74
462,6.13
246,5.88
476,0.00
602,0.00
108,5.84
676,5.86
550,5.87
839,5.95
472,0.00
31,5.83
417,5.80
878,12.30
664,5.99
370,6.01
681,0.00
890,0.00
194,12.24
175,6.00
581,0.00
760,5.96
185,5.92
670,0.00
851,5.82
179,5.92
58,5.82
112,5.80
740,0.00
582,5.79
975,18.98
22,5.67
103,5.63
470,0.00
745,5.54
79,5.63
784,5.63
729,5.64
90,0.00
888,0.00
178,5.69
429,0.00
627,5.69
943,5.64
146,5.68
915,0.00
185,5.69
717,0.00
951,18.65
803,11.80
400,5.67
812,0.00
502,5.80
216,5.80
22,5.78
51,5.74
430,5.68
426,0.00
471,5.72
970,0.00
837,5.83
43,5.96
17,5.95
656,0.00
309,6.00
320,5.87
507,0.00
937,18.63
415,5.91
56,5.86
505,5.87
14,5.89
258,5.87
122,5.84
705,5.71
912,0.00
898,24.46
729,5.72
210,5.58
105,5.52
136,5.69
229,5.79
783,0.00
542,5.59
462,5.63
655,5.67
61,5.76
767,0.00
913,0.00
942,5.78
762,0.00
604,5.93
729,0.00
164,5.88
168,6.02
245,5.96
841,11.94
823,6.04
62,5.94
588,0.00
508,5.92
53,6.07
363,6.01
426,5.86
921,0.00
14,6.00
701,5.89
618,0.00
385,5.90
627,5.95
289,6.01
958,0.00
115,6.00
951,11.81
381,6.06
453,0.00
723,6.10
838,0.00
833,6.11
721,6.22
212,6.18
711,6.05
501,6.13
471,6.29
702,11.89
275,6.32
910,6.20
366,6.19
611,0.00
669,0.00
777,11.93
433,6.17
216,6.15
638,6.23
31,6.12
345,0.00
299,6.22
708,6.31
536,6.44
312,6.57
110,6.59
142,6.53
779,6.41
637,0.00
36,6.34
326,0.00
131,6.33
652,6.32
646,0.00
270,12.27
732,6.39
929,6.34
738,0.00
314,6.52
736,0.00
543,0.00
445,6.60
51,6.59
954,12.21
528,6.63
360,6.64
338,6.71
697,6.71
698,6.51
375,6.66
835,6.67
594,0.00
418,6.62
422,0.00
514,6.71
33,6.81
342,6.60
276,6.66
474,6.43
389,6.44
54,6.47
454,6.33
701,0.00
505,0.00
585,6.19
174,0.00
214,6.22
361,6.31
232,6.25
586,6.24
85,6.32
945,6.35
894,6.14
950,6.37
751,6.38
359,6.47
232,6.39
301,6.34
170,6.29
329,6.30
739,6.28
514,12.30
940,6.33
198,6.30
585,0.00
977,12.53
719,6.42
661,0.00
737,6.41
492,12.60
148,6.56
966,6.38
328,6.39
514,0.00
989,6.42
765,6.37
963,6.38
858,6.37
634,0.00
811,6.59
631,0.00
978,12.61
647,6.39
137,6.34
450,0.00
406,0.00
691,6.15
424,6.23
624,0.00
103,6.15
106,6.22
320,6.10
807,0.00
839,6.16
875,6.23
486,12.46
54,5.99
249,6.04
444,0.00
37,5.88
903,5.96
273,5.98
444,0.00
762,5.92
712,6.01
85,5.88
230,0.00
491,5.96
792,12.48
819,6.00
284,5.94
430,12.66
549,5.98
780,6.12
369,6.04
99,5.96
225,5.90
1,5.98
720,0.00
279,5.98
386,5.99
442,5.95
410,0.00
779,6.01
187,6.06
620,6.03
551,0.00
731,5.94
481,0.00
452,0.00
801,6.19
406,0.00
424,0.00
350,5.92
199,5.96
999,0.00
306,6.08
833,0.00
252,6.05
98,6.08
535,0.00
635,0.00
299,6.00
641,0.00
822,5.96
745,0.00
973,0.00
514,5.96
999,6.07
762,6.29
744,0.00
884,6.21
929,6.33
358,6.17
838,12.72
185,6.22
952,12.64
137,6.26
83,6.05
803,6.00
199,6.13
627,6.18
130,6.22
650,6.23
40,6.24
676,0.00
744,6.13
258,6.22
106,6.30
72,6.23
705,0.00
679,6.14
173,6.27
908,6.31
962,6.37
242,6.31
779,12.56
359,6.32
625,12.45
850,6.45
398,0.00
189,6.45
819,0.00
578,12.49
711,6.61
40,6.57
3,6.52
799,0.00
566,6.46
23,6.58
111,6.51
561,12.51
859,6.52
32,6.58
174,6.46
175,6.45
410,0.00
794,6.45
799,6.46
255,6.33
913,6.37
786,6.39
292,6.47
428,6.47
704,0.00
320,6.49
170,6.50
938,6.46
208,6.64
400,6.65
126,6.56
92,0.00
372,6.63
149,6.63
896,0.00
664,6.60
509,0.00
92,6.54
179,6.55
374,6.42
179,6.42
553,0.00
476,6.34
151,6.37
856,0.00
679,6.32
109,6.43
986,6.34
491,6.43
448,6.28
79,6.35
661,0.00
709,6.29
698,0.00
364,6.33
584,0.00
920,6.28
93,6.39
37,6.43
580,6.38
712,6.45
369,6.23
386,6.27
182,6.17
872,0.00
219,6.05
145,6.19
363,6.19
74,6.12
915,12.14
148,6.10
822,6.17
486,0.00
23,6.04
453,6.03
248,6.12
75,5.95
294,5.88
382,5.79
303,0.00
794,5.83
496,5.94
103,5.96
437,5.85
180,5.85
889,0.00
359,5.83
938,0.00
432,5.65
474,12.23
81,5.78
465,5.57
636,12.19
170,5.64
675,0.00
267,5.60
822,0.00
963,0.00
320,5.71
842,0.00
111,5.76
484,0.00
594,0.00
371,5.75
97,5.79
405,5.78
991,5.79
482,5.72
760,0.00
666,0.00
47,5.66
196,5.66
533,0.00
898,0.00
294,5.59
877,5.51
90,5.50
264,5.50
906,5.58
928,0.00
855,12.23
670,0.00
580,5.70
249,5.66
856,0.00
929,5.80
211,5.91
392,5.84
111,5.79
495,5.76
898,0.00
693,5.78
111,5.71
415,5.87
56,5.75
75,0.00
507,5.70
644,0.00
860,0.00
304,5.64
942,5.68
503,5.71
606,5.63
565,11.89
859,11.97
162,5.68
510,0.00
575,5.66
494,5.68
131,5.72
336,11.73
718,5.79
588,5.80
826,5.66
138,5.82
492,0.00
618,0.00
628,5.93
56,0.00
442,5.92
168,6.02
473,5.90
498,0.00
9,5.97
158,5.92
705,0.00
251,5.83
839,0.00
876,11.70
991,0.00
93,5.85
571,5.94
429,6.06
406,0.00
171,5.92
835,11.47
123,6.04
167,6.05
874,0.00
367,5.86
806,0.00
759,5.94
765,5.87
186,6.09
187,6.01
901,0.00
480,6.01
998,12.02
530,6.21
844,0.00
403,6.23
92,6.20
636,6.15
198,6.22
779,0.00
756,6.25
508,6.49
777,6.27
136,0.00
73,6.21
602,0.00
538,6.21
810,12.03
913,6.35
705,0.00
469,0.00
403,6.28
578,0.00
571,6.31
956,0.00
588,6.42
273,0.00
716,6.36
885,6.39
648,6.45
917,0.00
668,6.52
491,6.42
345,6.50
233,6.55
390,0.00
742,6.44
577,6.47
174,6.55
302,6.48
934,0.00
171,6.61
138,6.54
55,6.68
161,6.64
831,6.66
116,6.55
682,6.63
643,6.64
492,0.00
909,6.53
352,6.51
44,6.43
749,0.00
731,6.43
594,6.49
278,6.62
145,6.50
24,6.50
39,6.58
495,6.50
621,0.00
964,12.41
646,6.53
849,6.68
81,6.59
422,6.53
219,6.42
196,6.51
251,6.45
658,12.32
86,6.53
233,6.34
4,6.44
548,6.42
229,6.43
438,6.32
152,12.21
713,6.34
890,6.21
884,0.00
826,6.24
850,12.33
757,12.37
575,6.26
26,6.15
469,0.00
865,6.15
229,6.23
575,6.26
754,0.00
556,12.58
461,12.53
900,12.64
389,6.44
906,6.29
212,6.10
447,6.23
204,6.09
928,12.54
585,0.00
594,12.53
928,6.19
215,6.23
270,6.23
331,6.22
481,0.00
480,6.22
632,6.08
288,0.00
372,6.20
231,6.16
848,5.98
117,6.00
999,5.91
400,5.92
385,5.90
183,5.82
777,0.00
737,5.76
37,5.78
158,5.84
893,0.00
934,5.91
211,5.75
912,0.00
803,5.96
966,12.33
797,6.05
148,5.81
870,5.81
536,5.89
434,5.89
180,5.77
612,0.00
652,5.80
938,5.85
56,5.97
111,5.97
422,5.82
851,5.84
527,5.95
652,0.00
201,5.97
847,0.00
450,6.03
439,0.00
760,6.02
724,0.00
590,5.96
465,0.00
323,6.05
781,6.11
505,6.11
913,6.10
572,6.11
778,6.05
102,6.06
308,6.11
256,6.04
964,6.00
165,6.05
102,6.06
730,6.05
313,6.04
279,5.98
37,5.91
535,5.81
296,5.86
971,5.75
630,11.93
223,5.79
693,5.90
391,5.67
377,5.67
426,0.00
972,11.93
243,5.70
552,0.00
665,0.00
537,5.50
339,5.71
700,5.71
308,0.00
950,18.21
275,5.75
892,5.79
45,5.80
279,5.88
700,0.00
934,5.84
788,5.90
697,6.04
89,6.01
650,6.03
997,0.00
447,6.18
983,6.19
199,6.23
509,0.00
860,0.00
879,6.03
586,6.04
705,6.00
745,11.92
533,6.06
419,0.00
706,6.08
400,6.04
433,6.13
444,0.00
575,6.03
556,6.02
549,0.00
42,6.06
402,0.00
902,5.96
926,5.94
319,5.98
477,0.00
841,12.10
85,0.00
803,6.00
272,6.05
487,0.00
858,0.00
581,6.12
746,6.14
603,0.00
655,6.29
775,6.19
943,6.32
854,0.00
686,6.45
342,6.34
130,6.43
302,6.40
145,6.30
568,0.00
814,6.31
256,6.43
15,6.41
307,6.42
62,6.37
823,0.00
89,6.42
584,18.41
119,12.21
953,6.56
883,6.57
241,6.33
467,6.40
650,6.52
66,6.38
133,6.39
710,0.00
967,11.95
216,6.46
524,0.00
249,6.34
675,0.00
252,6.26
318,6.31
350,6.23
704,6.32
906,6.14
877,0.00
425,6.18
111,6.19
239,6.13
242,6.03
644,0.00
226,6.12
10,6.09
67,6.06
912,0.00
804,12.22
872,6.23
692,6.22
785,0.00
9,6.13
617,6.17
849,12.31
149,6.18
980,12.28
133,6.25
686,6.18
462,0.00
313,6.17
598,12.20
13,6.19
469,0.00
433,6.32
843,0.00
295,6.16
574,6.14
177,6.24
520,12.21
735,6.18
65,6.25
375,6.02
6,6.16
960,6.01
601,11.97
303,6.05
122,6.00
854,0.00
517,5.82
450,0.00
372,5.82
555,0.00
788,12.10
394,5.78
657,0.00
561,5.64
540,5.65
652,5.45
346,5.61
125,5.61
844,0.00
470,0.00
483,5.66
861,0.00
652,5.81
167,5.89
177,5.83
374,5.77
350,5.68
35,5.71
921,5.75
675,12.14
234,5.77
493,5.91
80,5.74
631,5.65
259,5.74
540,0.00
780,5.70
65,5.57
899,0.00
465,5.68
119,5.66
140,5.57
487,5.62
49,5.63
824,0.00
106,5.60
760,0.00
131,11.58
227,5.58
159,5.47
265,5.33
493,0.00
129,5.33
548,0.00
166,5.37
414,5.31
276,5.34
728,0.00
881,11.49
283,5.25
822,11.44
487,5.23
507,5.14
86,5.11
94,5.07
844,0.00
867,5.12
488,5.22
486,0.00
854,11.44
764,23.31
280,5.24
325,5.12
309,5.17
428,0.00
785,5.07
765,0.00
945,17.29
290,5.09
224,11.14
923,5.23
603,5.32
665,5.30
731,5.27
610,5.29
636,0.00
63,5.26
280,5.34
346,5.23
890,0.00
671,5.34
823,5.28
356,5.41
567,0.00
475,5.29
990,5.27
876,0.00
73,5.32
202,5.29
781,0.00
380,0.00
648,5.16
30,5.36
480,0.00
15,5.39
547,0.00
972,11.20
761,5.37
982,17.67
571,0.00
687,5.51
958,5.58
425,0.00
882,5.62
943,5.79
725,5.91
600,5.89
654,5.91
195,5.91
827,0.00
146,5.96
374,0.00
808,6.16
518,6.01
537,0.00
516,6.07
47,6.06
644,0.00
604,6.13
310,6.20
727,6.20
536,0.00
557,6.18
579,0.00
480,6.17
735,11.46
593,6.33
776,6.28
825,6.40
535,11.57
665,6.34
729,6.27
66,6.39
213,6.50
642,0.00
939,6.39
307,6.39
827,11.58
167,6.40
165,6.35
365,6.46
86,6.41
837,0.00
681,6.42
560,6.33
732,11.73
654,6.42
793,6.55
5,6.56
336,6.53
952,6.55
90,6.66
682,0.00
125,6.48
792,0.00
904,6.58
673,11.94
461,6.71
108,6.81
414,0.00
487,6.69
820,6.66
778,6.77
835,6.83
188,6.73
995,0.00
369,6.65
298,6.75
821,6.75
98,6.82
324,6.62
105,6.70
689,6.68
463,0.00
824,6.73
290,6.78
574,6.81
660,12.14
240,6.80
393,0.00
485,6.70
818,6.64
870,0.00
687,12.48
826,6.69
136,0.00
371,6.70
112,6.61
192,6.53
211,6.54
286,0.00
113,0.00
1000,6.50
366,6.56
214,6.51
102,6.57
752,6.46
656,0.00
691,6.53
299,6.50
355,6.43
130,6.59
7,6.41
932,0.00
851,6.53
461,6.57
188,6.47
921,0.00
692,12.74
716,6.56
190,6.62
430,6.46
515,12.93
264,6.43
386,6.36
10,6.42
951,6.31
222,6.40
430,0.00
295,6.34
738,0.00
990,12.77
257,6.40
423,0.00
607,6.29
13,0.00
62,6.37
491,6.37
181,6.45
686,6.46
159,6.47
781,0.00
558,0.00
679,6.34
582,0.00
660,18.19
116,6.36
3,6.26
400,6.28
884,6.25
341,6.34
422,6.28
1000,0.00
344,0.00
720,12.80
522,5.99
46,6.11
682,5.96
818,6.02
463,0.00
335,6.03
744,6.00
100,6.03
528,0.00
839,0.00
309,5.97
60,5.88
278,5.91
213,5.83
334,5.80
863,0.00
914,12.64
398,12.60
322,5.77
201,5.73
839,5.67
693,0.00
502,5.80
34,5.81
669,0.00
721,5.56
468,0.00
787,5.64
993,5.71
385,5.72
18,5.85
835,5.81
941,5.94
26,5.69
96,5.73
580,0.00
505,5.76
367,5.89
719,5.69
184,5.79
921,5.80
14,5.91
380,5.75
994,5.84
861,0.00
278,5.84
369,5.85
318,0.00
534,5.77
936,0.00
124,5.73
963,12.21
277,5.84
264,5.85
924,12.45
337,5.87
784,5.94
238,5.96
950,0.00
472,5.99
662,0.00
142,6.13
549,0.00
887,0.00
422,6.08
570,6.16
597,0.00
710,0.00
144,6.17
764,6.08
189,0.00
262,0.00
564,0.00
742,6.19
724,0.00
525,0.00
981,0.00
45,6.13
365,6.09
944,6.13
696,6.06
14,6.09
92,6.06
246,6.12
952,6.00
635,6.05
736,0.00
457,6.04
897,0.00
712,12.23
759,6.27
20,6.08
746,0.00
119,0.00
915,6.26
27,6.44
673,6.30
181,0.00
247,6.38
446,0.00
829,6.37
380,6.46
977,0.00
492,6.53
194,6.43
232,6.41
297,6.38
766,6.31
986,6.39
670,6.48
503,12.10
181,6.57
339,0.00
134,6.46
249,6.38
970,0.00
40,0.00
937,0.00
47,6.41
891,6.40
578,12.13
106,6.48
308,6.39
658,0.00
407,0.00
156,6.41
77,6.31
527,0.00
935,6.26
132,6.33
393,0.00
577,6.23
85,6.26
183,6.19
824,0.00
233,6.32
169,6.27
320,6.17
539,0.00
48,6.05
977,24.63
98,6.07
765,0.00
929,6.18
432,5.95
921,5.78
243,5.87
287,5.86
245,5.75
649,5.67
996,5.77
802,5.70
126,5.70
92,5.89
810,5.64
652,11.88
784,5.80
152,5.66
995,11.90
66,5.85
548,5.81
611,5.84
913,5.84
548,5.97
49,5.96
777,0.00
340,5.92
382,0.00
838,5.91
910,6.07
603,18.39
77,6.19
278,6.11
942,0.00
780,6.08
373,0.00
659,5.87
786,0.00
560,6.00
900,0.00
660,6.07
468,0.00
551,6.09
329,12.45
821,0.00
753,6.29
240,6.17
223,6.30
872,0.00
147,6.29
587,0.00
704,6.18
948,18.42
843,6.13
806,6.17
25,6.14
581,6.14
549,0.00
4,6.16
555,0.00
341,6.20
871,0.00
380,6.12
827,6.23
146,6.30
438,6.30
860,0.00
629,6.36
51,6.37
43,6.36
269,6.42
22,6.36
45,6.33
995,0.00
584,0.00
797,6.37
189,6.48
524,0.00
885,6.58
184,6.49
768,6.56
632,18.62
154,6.58
808,6.60
872,12.48
789,6.68
125,6.53
133,6.54
760,6.53
927,6.62
389,6.55
836,6.68
138,6.55
252,6.66
951,6.54
833,6.61
67,6.61
236,0.00
308,6.52
894,0.00
525,6.55
261,6.54
901,6.59
287,6.69
932,0.00
747,6.32
141,6.54
834,0.00
403,0.00
998,6.48
295,6.51
612,6.26
287,6.32
407,6.28
655,12.40
779,6.17
286,6.23
307,0.00
812,6.10
241,6.17
809,0.00
512,6.00
138,6.00
676,12.10
183,5.97
227,5.96
313,5.91
797,5.90
489,5.96
898,5.75
681,5.78
26,5.80
416,0.00
403,5.78
547,0.00
911,11.93
828,5.90
659,0.00
654,5.89
318,5.84
206,5.76
268,5.89
931,5.83
178,0.00
2,5.88
396,5.76
559,5.64
92,0.00
565,5.79
103,5.76
229,5.73
303,5.67
31,5.61
217,5.66
296,5.66
649,0.00
643,0.00
598,5.48
970,5.43
969,12.09
996,0.00
386,0.00
931,12.30
187,5.53
128,5.58
361,5.46
988,0.00
970,12.30
54,5.68
59,5.55
959,17.85
61,5.61
978,0.00
526,5.58
579,0.00
504,0.00
961,0.00
119,5.54
8,5.45
208,0.00
755,11.82
972,11.91
599,5.51
298,5.51
304,5.42
641,0.00
217,5.35
956,5.38
66,5.48
588,0.00
689,5.41
948,5.40
510,0.00
344,5.38
291,5.31
839,0.00
8,5.66
908,5.60
323,0.00
833,5.78
871,5.86
213,5.85
872,5.89
627,5.82
204,5.89
536,0.00
858,5.99
357,5.94
37,5.92
798,0.00
616,6.09
963,0.00
795,11.87
262,5.97
815,6.13
846,6.10
494,6.11
554,0.00
819,6.13
580,6.30
334,6.11
559,6.21
533,0.00
689,6.18
999,6.25
897,6.22
34,6.32
923,0.00
616,6.48
433,6.55
185,6.59
89,6.61
370,0.00
466,6.49
802,6.53
807,11.99
200,0.00
962,12.09
642,6.63
624,6.55
266,6.53
466,0.00
940,12.08
101,6.55
482,0.00
64,6.54
984,12.11
304,6.44
324,6.38
922,0.00
843,6.57
403,0.00
979,18.63
432,12.23
886,12.06
168,6.63
587,6.65
763,0.00
989,12.28
545,6.82
229,6.89
714,12.11
636,6.90
96,6.79
48,6.74
861,6.64
650,0.00
933,6.76
381,6.80
571,0.00
994,6.92
124,6.91
600,6.67
214,6.80
897,0.00
211,6.78
970,0.00
965,0.00
292,6.79
686,0.00
945,6.77
739,12.69
156,6.68
393,6.68
366,6.75
918,6.53
957,6.58
398,6.64
632,6.68
884,6.68
478,6.47
642,6.44
844,6.56
346,6.62
672,6.48
93,6.60
3,6.44
577,0.00
991,6.35
94,6.48
876,0.00
542,12.63
6,6.53
412,6.47
312,6.38
730,0.00
83,6.26
512,6.23
840,6.32
40,6.39
36,6.32
549,12.90
121,6.27
231,6.26
15,6.22
869,12.78
826,6.17
71,6.03
56,6.11
19,6.09
514,6.09
714,0.00
636,6.14
399,6.28
380,6.10
447,0.00
943,6.16
309,6.12
781,12.70
501,6.07
761,12.55
117,6.24
261,6.06
139,5.93
903,12.72
870,5.86
62,5.92
339,5.80
719,0.00
260,5.78
750,12.60
668,5.76
403,5.76
834,5.80
617,0.00
930,5.85
335,5.90
612,0.00
754,0.00
913,5.64
466,0.00
265,5.60
378,5.61
650,0.00
948,12.34
440,5.61
709,12.48
748,5.77
221,5.78
430,0.00
482,0.00
845,5.73
163,5.67
178,5.86
43,5.79
477,5.81
979,5.92
382,5.89
524,0.00
339,5.86
972,5.86
82,5.99
238,5.80
328,5.87
899,0.00
398,0.00
517,0.00
751,5.76
520,0.00
208,5.87
15,5.89
650,0.00
881,5.74
768,5.67
640,5.80
657,5.88
490,5.91
423,5.75
131,5.94
662,0.00
984,5.84
624,5.93
510,0.00
670,6.07
493,0.00
550,6.03
598,12.30
55,6.13
884,0.00
587,6.18
448,0.00
61,6.09
279,0.00
220,6.19
191,6.08
489,6.06
554,0.00
832,12.37
716,6.13
399,0.00
622,0.00
302,0.00
857,0.00
135,6.24
826,12.14
322,0.00
7,6.16
174,6.20
302,6.11
620,6.10
497,6.12
936,18.68
124,6.03
945,18.51
440,11.79
854,6.10
437,5.94
458,0.00
121,5.93
637,0.00
114,5.91
116,5.90
752,0.00
558,0.00
469,5.78
68,5.85
417,0.00
743,5.59
350,0.00
864,5.62
101,5.43
796,0.00
54,5.54
588,5.40
426,0.00
187,5.45
768,0.00
748,5.32
880,5.35
92,5.34
348,5.43
684,5.44
333,5.52
27,5.44
166,5.43
536,0.00
30,5.40
513,0.00
613,5.38
872,5.42
718,0.00
820,5.44
299,5.24
663,5.38
183,5.44
572,0.00
537,5.39
613,0.00
814,5.44
184,5.56
105,5.43
448,5.43
854,5.44
500,5.35
373,5.55
346,0.00
909,5.40
201,0.00
419,5.41
824,0.00
386,5.43
394,5.47
833,5.40
571,5.49
637,5.57
524,0.00
526,11.70
124,5.54
380,0.00
924,17.65
989,12.00
451,5.73
334,5.82
268,5.79
648,0.00
587,12.05
803,5.87
543,11.93
859,11.97
50,6.06
858,6.17
378,5.90
687,12.07
390,6.00
80,6.08
416,5.87
203,5.94
449,5.87
758,5.96
899,6.06
795,0.00
523,6.03
762,6.03
838,11.78
614,6.24
761,6.23
609,6.31
99,6.46
665,6.33
51,6.49
344,6.37
128,0.00
858,11.78
483,6.43
709,6.45
841,6.44
195,6.50
361,6.38
504,6.51
447,6.48
544,0.00
446,6.46
43,6.33
523,6.44
791,6.49
55,6.53
149,6.46
612,11.69
81,6.44
828,0.00
171,0.00
314,6.49
499,0.00
586,6.30
866,6.26
68,6.38
819,6.30
247,6.38
264,6.25
144,6.14
287,0.00
144,6.14
335,0.00
943,6.26
306,6.28
833,6.23
536,0.00
508,0.00
895,6.23
612,0.00
240,6.28
889,6.35
988,6.36
149,6.12
614,6.19
824,6.21
883,6.31
765,6.32
82,6.24
583,6.17
469,6.00
501,0.00
860,6.08
679,0.00
673,0.00
913,24.18
135,6.21
132,6.17
656,11.94
93,6.20
888,6.19
709,6.35
949,24.13
404,6.36
385,6.35
928,6.37
875,0.00
263,6.42
389,6.40
561,0.00
907,6.40
80,6.45
925,0.00
893,12.58
723,6.45
161,6.46
101,6.36
642,0.00
582,0.00
741,6.09
880,6.23
189,6.25
992,0.00
803,12.82
665,0.00
234,6.38
820,0.00
157,6.20
103,6.34
617,0.00
400,0.00
819,12.88
494,6.30
90,6.42
856,0.00
673,6.43
927,6.56
10,6.68
296,6.44
895,0.00
942,6.58
439,6.60
742,0.00
931,6.61
673,0.00
544,6.75
717,6.76
119,6.87
997,0.00
500,6.85
51,6.92
852,0.00
870,18.49
645,13.20
285,6.96
349,13.11
287,6.88
300,13.09
729,6.86
971,6.97
109,6.98
41,6.91
44,6.85
433,6.86
210,6.87
879,6.84
952,6.89
126,6.85
138,6.90
167,6.80
648,6.81
481,0.00
269,6.88
991,13.02
799,0.00
467,6.81
360,6.79
281,6.71
363,6.66
366,0.00
212,12.79
133,6.74
550,0.00
103,0.00
549,6.51
783,6.49
122,6.67
811,12.76
219,6.40
687,12.89
394,6.52
902,0.00
407,6.45
381,0.00
112,6.41
288,6.44
348,6.32
554,6.38
549,6.21
525,6.28
113,6.32
801,0.00
779,6.42
383,6.44
938,6.29
774,6.31
864,6.32
494,6.24
553,6.20
220,6.26
99,6.20
680,6.18
635,6.18
78,6.15
433,6.03
361,0.00
674,0.00
719,12.63
904,6.15
505,0.00
626,0.00
20,6.04
601,0.00
77,5.92
373,5.85
322,5.73
97,5.71
183,5.61
909,0.00
101,5.71
496,5.63
225,0.00
8,5.71
607,0.00
578,5.64
523,0.00
305,5.63
720,12.60
374,5.75
511,0.00
699,5.57
190,5.39
270,0.00
291,5.48
505,0.00
851,0.00
195,5.49
609,5.48
899,12.24
111,5.53
749,5.34
665,12.24
868,0.00
941,0.00
497,5.55
117,5.60
899,0.00
387,5.71
664,5.64
185,5.72
837,0.00
736,12.15
260,5.66
117,0.00
583,5.70
462,5.81
692,5.75
23,5.85
721,0.00
417,5.70
887,5.71
420,5.75
368,5.81
11,5.82
947,0.00
751,12.30
601,0.00
731,12.28
811,6.01
761,5.79
644,5.88
90,5.78
664,0.00
412,5.76
255,5.82
880,5.72
911,5.73
167,5.91
224,5.70
135,5.65
990,5.64
343,5.64
355,5.54
301,5.63
46,5.70
721,0.00
276,5.49
199,5.65
727,0.00
605,5.39
10,5.54
385,5.61
350,5.59
381,0.00
798,5.68
589,0.00
742,5.87
533,5.67
221,5.79
194,5.84
60,5.69
825,0.00
394,5.71
515,5.74
638,5.87
651,0.00
47,5.75
89,5.79
677,5.83
773,0.00
614,5.93
116,5.94
925,0.00
927,5.72
133,5.94
704,5.88
856,5.89
660,6.01
144,6.06
544,11.47
791,5.72
208,5.72
938,5.67
192,5.72
554,0.00
829,11.45
973,5.81
222,5.79
644,5.90
664,5.83
107,5.93
382,11.45
656,5.83
499,0.00
180,5.75
410,0.00
386,5.68
290,5.54
255,5.45
642,5.44
876,5.50
342,5.57
990,11.30
952,11.42
736,5.44
591,5.41
35,5.56
769,5.50
162,0.00
89,5.50
694,0.00
63,5.52
502,0.00
961,5.43
58,5.57
689,0.00
221,5.67
959,0.00
371,5.82
262,11.32
781,5.68
806,0.00
546,17.37
857,11.40
332,5.89
774,5.77
332,5.77
153,5.80
976,0.00
704,5.72
48,5.79
329,5.75
949,5.78
735,0.00
656,0.00
853,5.89
721,5.90
493,0.00
548,5.75
285,5.71
448,5.71
764,11.70
38,5.82
14,5.63
607,0.00
841,5.68
436,0.00
644,17.02
643,11.56
333,0.00
909,11.41
335,5.70
317,5.66
650,5.73
298,5.75
333,5.63
698,5.55
285,5.71
264,5.57
24,0.00
971,5.58
112,5.61
134,5.57
60,5.57
15,5.66
776,0.00
883,5.53
454,0.00
578,5.63
393,0.00
616,5.62
320,5.79
6,5.67
942,11.12
947,5.76
131,5.76
421,5.79
984,11.24
422,5.72
45,5.56
194,5.56
651,5.60
154,5.64
696,0.00
286,5.64
704,0.00
393,5.49
696,0.00
949,5.49
558,0.00
459,11.33
662,5.56
301,5.57
335,5.48
685,0.00
253,11.42
898,11.27
795,5.60
247,5.71
638,5.61
211,5.72
666,5.57
810,5.61
659,0.00
603,5.53
766,0.00
172,5.57
301,0.00
874,5.58
756,0.00
420,5.57
631,5.65
877,5.64
892,5.77
898,22.93
402,5.87
320,5.72
589,5.84
979,23.15
96,6.11
758,11.82
429,5.99
874,0.00
498,6.06
224,6.08
965,0.00
472,6.20
757,0.00
941,6.15
558,11.87
846,11.84
471,0.00
83,6.18
381,11.71
240,6.21
477,6.22
611,11.77
87,6.14
620,0.00
733,6.09
777,11.62
563,0.00
707,6.19
621,6.25
937,0.00
220,6.22
332,6.21
512,0.00
325,6.17
399,0.00
327,6.21
250,11.98
864,6.15
250,6.31
223,6.11
688,6.07
703,12.00
960,6.21
349,6.13
163,6.23
789,6.13
788,6.22
737,6.28
283,6.27
326,6.27
686,6.24
56,6.33
487,0.00
978,0.00
49,6.34
486,0.00
873,6.19
581,0.00
765,0.00
832,0.00
889,17.60
76,6.20
860,0.00
780,6.07
757,6.15
575,6.27
260,6.14
151,6.25
414,6.16
650,0.00
99,6.21
94,6.22
239,6.05
897,0.00
939,5.98
481,5.99
137,6.07
699,0.00
317,5.92
611,0.00
619,0.00
792,0.00
896,5.84
130,5.84
261,5.91
726,0.00
324,5.83
435,0.00
479,5.88
629,0.00
449,5.92
209,5.93
654,0.00
947,5.86
89,5.91
384,0.00
580,5.87
403,0.00
268,5.94
590,0.00
340,5.92
532,5.92
943,0.00
941,12.09
624,6.00
46,6.08
487,0.00
799,12.30
616,12.19
961,5.97
400,0.00
34,5.93
161,5.90
257,5.83
865,0.00
731,0.00
416,5.92
94,5.98
981,0.00
103,5.98
741,0.00
5,5.98
511,12.18
455,5.97
932,5.94
573,12.21
249,6.08
366,6.04
760,5.87
21,5.88
210,5.90
39,5.88
43,5.78
191,5.78
731,5.70
943,5.75
130,5.75
226,5.65
105,0.00
760,5.77
832,5.85
452,5.93
479,0.00
460,5.94
537,0.00
276,5.86
589,0.00
738,5.79
684,11.99
730,5.75
434,0.00
861,0.00
111,5.93
814,5.93
235,6.01
874,0.00
97,6.05
583,0.00
673,6.08
646,6.10
897,6.17
93,6.17
748,6.11
373,6.11
837,6.18
46,6.17
178,6.14
572,0.00
706,6.13
794,11.81
188,5.89
479,0.00
213,5.88
559,5.88
199,0.00
374,0.00
81,5.90
11,5.75
60,0.00
17,5.76
55,5.74
773,0.00
721,5.59
356,5.63
484,5.68
797,0.00
47,5.64
401,5.55
631,0.00
156,5.55
636,0.00
915,17.81
616,11.90
662,5.91
478,5.94
690,5.77
387,0.00
19,6.00
628,0.00
509,5.97
353,5.94
377,0.00
292,5.97
943,5.88
753,0.00
363,5.92
274,6.05
545,6.02
192,5.90
975,5.98
486,5.99
774,0.00
899,6.23
753,6.27
225,6.26
471,6.30
70,6.38
758,6.38
273,6.41
654,0.00
642,6.31
611,0.00
888,6.27
63,6.21
822,0.00
677,6.14
916,6.17
557,0.00
866,6.31
404,6.28
184,6.33
36,6.22
5,6.10
242,6.04
265,5.93
842,5.94
176,6.02
55,5.76
661,0.00
862,5.84
778,0.00
695,5.83
136,5.88
356,5.81
728,0.00
730,5.88
22,5.81
813,5.72
125,5.89
475,0.00
972,11.90
941,6.02
526,11.94
553,6.04
489,5.89
660,5.99
237,5.99
83,6.07
585,6.04
415,6.04
174,6.13
538,6.21
783,0.00
592,11.90
832,6.27
8,6.24
741,11.97
907,6.31
293,6.30
600,6.30
808,6.42
258,6.33
846,12.02
155,6.00
789,5.95
553,0.00
338,6.07
311,6.03
439,0.00
614,5.94
515,5.95
91,6.09
495,5.97
198,6.03
37,5.93
924,5.88
239,5.89
890,5.83
755,5.81
302,5.61
108,5.53
171,0.00
492,5.53
52,5.59
573,5.48
926,5.49
80,5.57
321,5.53
714,0.00
551,5.45
648,5.55
891,5.53
346,5.54
540,0.00
708,5.55
837,5.59
537,5.46
153,5.62
492,5.67
748,0.00
185,5.77
49,5.70
93,0.00
241,5.75
543,0.00
904,5.68
977,5.70
405,5.68
815,5.69
130,5.70
364,5.72
227,5.64
569,5.65
66,5.51
707,5.52
899,11.50
215,5.57
961,0.00
357,5.71
959,5.64
451,5.78
764,5.78
196,5.72
770,0.00
18,5.70
894,0.00
871,5.57
678,5.69
257,5.69
247,5.67
760,5.64
22,5.64
720,11.68
155,5.50
464,5.41
209,5.42
673,17.39
370,5.41
574,0.00
635,11.66
620,5.52
819,11.61
211,5.57
749,5.48
93,5.50
420,5.42
471,5.62
813,5.58
613,0.00
603,5.59
879,0.00
158,5.58
30,5.67
203,5.67
232,11.46
714,5.67
740,11.34
646,5.75
669,11.30
458,5.60
330,0.00
716,5.74
19,5.82
745,0.00
664,5.81
22,5.67
771,5.62
276,5.63
436,5.63
538,0.00
933,11.21
444,5.62
716,0.00
58,5.62
227,5.47
432,5.40
696,0.00
552,5.45
963,0.00
584,5.51
59,5.59
762,5.42
52,5.43
112,5.39
144,5.38
785,5.39
43,5.51
916,0.00
925,0.00
273,5.42
923,5.31
279,5.32
18,0.00
11,5.37
537,0.00
961,16.97
185,5.28
94,5.14
227,10.82
853,5.28
129,5.32
470,5.09
650,5.12
960,5.07
4,5.10
182,5.06
876,0.00
958,5.19
635,5.27
68,5.33
493,5.30
643,0.00
795,5.40
676,5.57
280,5.40
534,5.40
172,5.55
651,5.35
310,11.00
262,5.48
418,0.00
344,5.49
192,5.49
421,0.00
400,5.27
798,0.00
920,5.26
708,0.00
498,5.33
468,0.00
504,5.32
845,5.41
553,0.00
788,5.47
724,5.56
949,22.93
419,5.58
869,16.86
586,5.59
689,11.30
51,5.73
461,5.66
705,0.00
954,5.76
874,5.77
146,5.87
220,5.77
209,0.00
340,5.84
445,5.81
544,0.00
957,11.51
658,5.91
536,5.95
585,6.03
971,6.09
872,0.00
360,6.07
547,11.59
639,6.18
72,6.18
838,0.00
868,6.18
16,6.21
544,6.17
502,0.00
540,6.22
482,0.00
558,6.39
384,6.23
569,6.36
183,6.42
543,6.25
620,0.00
718,6.32
262,6.32
713,0.00
117,6.29
963,0.00
533,6.44
874,6.40
307,6.57
307,6.51
84,6.46
311,6.42
212,6.38
254,6.33
266,6.28
501,0.00
814,11.57
383,6.25
286,0.00
263,6.10
481,0.00
473,0.00
749,6.04
272,6.05
186,6.15
140,6.02
417,6.02
124,6.12
838,0.00
291,6.07
413,0.00
914,11.37
483,6.16
709,0.00
998,6.12
829,6.25
875,0.00
715,0.00
466,6.31
528,0.00
469,0.00
247,6.27
679,11.85
968,6.26
802,0.00
796,6.36
340,11.92
190,6.39
415,6.15
429,6.27
123,6.37
305,6.25
430,0.00
537,6.21
427,6.21
800,6.28
140,6.10
638,6.19
135,6.32
462,0.00
917,6.22
419,0.00
505,6.02
784,0.00
451,6.10
483,6.09
736,6.13
247,6.14
233,6.07
762,6.06
818,6.25
412,0.00
361,12.21
611,6.15
37,6.10
326,6.16
265,6.05
222,6.11
955,5.87
203,5.93
84,5.86
6,5.80
53,5.81
848,0.00
473,5.78
444,5.77
941,0.00
341,6.01
680,5.89
458,5.77
852,12.27
297,5.89
727,5.74
762,5.82
174,5.94
263,6.01
380,0.00
32,6.02
797,0.00
324,6.06
873,5.98
524,6.13
223,6.11
35,6.11
774,0.00
210,6.26
63,6.17
503,0.00
400,6.04
895,0.00
259,6.10
672,0.00
65,6.09
608,0.00
812,6.00
755,6.01
868,0.00
850,5.93
524,5.83
354,0.00
2,5.81
194,5.82
601,5.69
614,5.73
307,5.85
799,12.09
605,5.82
417,12.05
754,0.00
360,5.77
941,5.80
170,5.80
288,5.77
532,5.70
184,5.79
699,5.73
99,5.81
451,0.00
906,5.76
816,5.66
934,5.78
731,5.85
87,6.01
692,5.92
735,0.00
800,5.83
869,0.00
236,6.15
31,6.03
50,6.07
244,6.02
744,0.00
816,11.95
193,5.95
671,5.96
288,5.91
13,5.99
415,6.03
126,6.04
171,0.00
75,5.92
542,0.00
326,5.93
841,0.00
168,5.98
118,5.91
630,0.00
569,5.91
79,0.00
590,6.06
618,0.00
654,6.14
693,0.00
692,12.04
198,6.19
210,6.15
139,6.08
536,0.00
635,0.00
796,5.80
102,5.86
409,0.00
749,5.85
392,5.87
784,5.89
920,18.20
241,5.83
86,5.74
154,5.74
173,5.74
583,0.00
438,5.76
311,5.88
640,0.00
97,5.84
318,5.86
212,5.78
312,5.85
952,5.80
385,5.88
166,5.89
846,12.02
753,5.87
380,0.00
139,5.84
992,17.93
155,5.96
545,11.70
10,5.90
830,5.80
430,5.87
20,6.01
434,0.00
184,5.86
762,5.93
216,5.94
785,5.80
22,5.96
599,0.00
864,5.84
95,5.84
981,5.83
162,5.84
980,0.00
705,5.86
328,5.86
975,0.00
590,6.00
501,5.88
642,5.98
224,5.86
686,5.71
153,5.80
154,5.81
528,0.00
393,5.61
410,0.00
721,0.00
408,5.61
294,5.56
100,5.57
353,0.00
42,5.70
27,5.60
748,0.00
965,5.64
240,5.65
214,5.60
734,5.50
866,5.66
544,5.70
867,0.00
492,5.76
273,5.76
13,0.00
320,0.00
808,5.78
639,0.00
271,5.63
137,11.68
924,11.68
452,0.00
634,0.00
43,5.60
754,5.64
502,0.00
924,5.74
378,5.77
846,5.84
960,6.00
21,5.97
714,0.00
624,11.94
563,5.95
531,6.00
457,6.13
785,6.13
829,6.12
121,6.25
758,0.00
194,6.12
50,6.27
68,6.20
789,0.00
639,6.23
533,0.00
494,0.00
298,6.30
664,0.00
365,6.28
540,0.00
207,6.24
155,6.12
42,0.00
35,6.22
665,0.00
684,6.12
706,0.00
869,6.09
501,6.17
341,6.16
959,0.00
531,6.06
164,6.07
334,6.11
124,6.01
577,0.00
671,6.02
841,0.00
188,6.05
155,5.97
178,0.00
773,0.00
994,12.03
842,6.03
562,6.17
552,5.98
696,5.90
281,6.02
56,6.11
234,5.99
334,6.00
129,5.94
322,5.87
790,5.89
870,0.00
532,5.95
57,6.01
311,6.04
266,5.98
12,6.05
197,5.95
687,5.99
232,6.00
806,11.52
340,6.03
174,6.04
137,5.91
485,0.00
906,5.80
235,5.93
940,5.94
303,6.07
976,5.90
44,6.04
733,6.00
4,6.04
657,11.77
199,6.08
750,0.00
827,11.63
136,6.04
107,6.06
902,0.00
743,5.94
488,0.00
977,5.98
196,6.06
387,5.95
249,0.00
246,0.00
456,0.00
889,5.97
4,5.94
434,0.00
926,5.65
593,0.00
814,5.67
30,5.80
805,11.96
228,5.81
82,5.72
623,5.76
10,5.81
254,5.68
14,5.73
759,5.63
863,0.00
287,5.64
639,0.00
724,5.78
206,0.00
414,5.72
862,5.71
367,5.78
949,11.96
681,5.90
753,5.93
513,0.00
464,5.82
151,5.79
440,0.00
287,5.68
646,5.75
853,5.69
806,5.63
47,5.70
499,0.00
74,5.52
88,5.52
490,0.00
337,5.73
578,5.71
551,0.00
779,5.69
535,0.00
497,0.00
204,5.75
593,0.00
676,5.80
70,5.83
262,5.72
136,0.00
522,5.68
67,5.73
129,5.72
589,5.71
28,5.63
412,5.67
3,5.57
573,0.00
960,11.62
428,5.46
122,5.42
30,5.37
867,0.00
674,5.38
471,5.43
707,5.43
315,5.44
53,5.44
924,0.00
665,5.26
421,5.26
518,5.37
15,5.27
802,0.00
45,5.37
839,17.25
880,11.44
534,5.65
155,5.57
785,0.00
843,0.00
730,5.45
54,5.60
657,0.00
616,5.59
403,5.62
442,5.67
761,5.69
624,11.39
233,5.60
984,5.54
385,5.60
224,5.64
612,0.00
310,11.50
933,11.38
127,5.63
252,5.51
90,5.41
716,5.59
628,11.29
578,11.30
615,5.62
174,5.77
284,5.54
608,11.35
974,5.52
493,5.61
957,5.61
86,5.61
558,5.47
331,5.60
760,0.00
750,5.52
427,5.62
822,5.55
428,5.58
218,5.57
757,5.45
346,0.00
845,5.52
257,5.57
648,5.55
405,5.56
99,5.61
476,0.00
865,5.59
227,5.62
430,0.00
528,5.72
710,5.79
495,5.90
483,5.96
604,5.99
442,0.00
458,5.87
661,5.93
453,0.00
513,5.68
483,0.00
553,0.00
556,5.71
109,5.61
422,5.57
773,5.67
546,11.04
291,5.51
505,11.18
605,11.21
651,5.65
489,5.55
461,0.00
614,5.71
302,5.62
83,5.42
757,0.00
438,0.00
933,5.46
917,5.44
477,5.59
52,5.48
736,5.59
322,5.70
537,0.00
561,0.00
648,5.59
317,5.63
747,0.00
833,5.66
687,11.14
14,5.69
847,11.14
755,11.27
254,5.83
244,5.69
943,0.00
702,5.86
679,5.87
189,0.00
58,6.00
655,11.58
517,6.08
346,11.54
787,6.13
226,0.00
3,5.89
720,11.37
756,6.06
281,5.95
401,0.00
254,5.94
679,0.00
717,5.83
841,5.89
867,0.00
756,5.99
643,11.66
477,6.14
497,0.00
599,6.24
172,6.15
980,0.00
743,6.13
252,6.12
891,6.28
557,6.39
676,6.46
221,6.51
180,6.45
551,0.00
876,6.43
84,6.52
582,0.00
183,6.33
90,6.28
701,6.29
359,6.41
641,6.32
894,6.40
121,6.43
213,6.43
902,0.00
645,0.00
114,6.57
287,12.15
238,6.54
258,6.52
314,6.37
412,6.32
870,6.33
750,6.38
81,6.25
29,6.23
508,0.00
658,6.27
662,0.00
815,6.35
846,6.35
921,11.92
111,6.46
512,0.00
524,6.31
495,6.16
136,6.33
244,6.26
695,0.00
397,0.00
800,6.16
715,6.36
780,0.00
872,6.52
744,6.59
508,6.61
798,12.38
298,6.44
642,0.00
110,6.42
661,6.48
578,6.32
183,0.00
894,6.36
14,6.26
167,6.39
738,0.00
722,6.34
465,6.34
99,6.43
773,6.29
625,6.35
306,6.16
343,6.29
246,6.24
442,6.24
790,0.00
297,6.25
188,6.20
537,0.00
725,12.18
994,6.18
765,6.00
221,5.94
179,6.05
558,0.00
67,6.00
34,5.83
121,5.75
810,0.00
486,0.00
451,5.71
933,0.00
423,5.68
494,5.55
462,5.69
356,5.78
437,5.84
841,0.00
924,5.87
279,5.92
116,5.86
553,5.78
45,5.91
329,5.75
408,5.85
19,5.85
204,5.77
769,5.62
677,5.72
335,5.67
378,0.00
103,5.73
791,12.13
598,11.97
796,5.87
565,0.00
791,17.98
914,0.00
945,6.02
905,0.00
13,6.10
795,5.98
698,0.00
566,6.17
744,6.19
525,6.14
281,6.13
76,6.08
91,6.10
183,6.04
635,0.00
222,5.90
74,5.79
29,5.71
347,5.63
158,0.00
903,5.64
170,5.78
789,5.62
360,5.77
414,5.90
669,5.86
127,5.98
242,5.78
87,5.78
863,0.00
24,5.73
283,5.73
246,5.58
337,5.64
991,5.55
765,12.04
971,18.00
775,0.00
999,12.23
420,5.91
168,5.76
89,5.89
523,0.00
932,12.12
310,5.96
74,6.03
760,0.00
595,5.96
981,12.05
521,6.04
456,6.22
598,12.10
908,0.00
327,6.03
457,0.00
661,6.08
352,6.23
205,6.22
901,0.00
707,6.37
116,6.33
272,6.24
94,0.00
340,6.35
853,6.22
610,6.23
130,6.22
272,6.17
349,6.10
482,0.00
646,0.00
319,6.08
705,0.00
568,6.04
547,5.94
182,5.99
794,0.00
767,6.09
576,6.05
952,6.13
91,6.23
832,0.00
134,6.16
47,6.20
633,12.05
367,6.14
76,6.02
96,5.92
161,5.72
205,5.72
150,5.76
678,0.00
958,5.61
359,11.73
661,5.64
142,5.70
343,0.00
555,5.58
985,5.70
194,0.00
856,0.00
267,5.88
812,5.85
578,5.85
468,0.00
257,5.97
721,5.97
185,5.92
644,5.78
79,0.00
497,0.00
786,0.00
273,5.95
89,5.81
910,0.00
943,5.96
940,5.99
858,24.10
544,5.97
922,11.74
770,6.05
700,5.86
148,6.04
390,0.00
929,5.89
649,6.05
36,5.99
510,0.00
255,5.97
789,0.00
998,5.95
171,6.00
795,5.97
92,6.03
239,5.99
851,0.00
105,6.06
243,5.90
421,5.91
778,5.92
228,5.76
92,5.76
676,0.00
777,5.82
959,0.00
84,5.80
802,0.00
390,5.81
759,5.91
495,0.00
839,6.18
854,6.18
54,6.33
530,0.00
522,0.00
381,6.17
155,6.27
780,0.00
954,6.29
826,6.38
590,6.26
100,6.39
464,6.20
100,0.00
284,0.00
527,6.25
228,6.25
497,6.32
420,18.32
858,12.24
108,6.38
161,6.32
503,0.00
325,6.43
604,6.39
48,6.48
213,6.45
566,0.00
756,0.00
726,12.15
64,6.45
348,0.00
28,6.40
6,6.47
144,6.27
569,6.18
715,0.00
287,6.16
668,0.00
540,6.18
680,6.08
504,6.02
538,6.09
648,12.03
261,6.39
465,0.00
581,6.22
7,6.23
597,6.18
453,6.25
928,0.00
311,12.24
752,6.26
970,18.03
473,6.28
484,12.30
404,6.30
831,12.21
349,6.32
486,6.14
248,6.29
567,0.00
811,0.00
405,6.14
290,6.21
787,6.15
600,0.00
924,0.00
298,6.21
269,6.15
655,0.00
247,6.16
632,6.16
533,6.16
520,12.00
831,6.40
685,6.41
532,6.37
429,6.47
113,6.40
594,0.00
233,6.37
137,6.45
494,0.00
196,6.28
365,6.17
616,0.00
342,5.95
976,6.01
262,6.10
146,6.13
142,6.02
787,0.00
683,0.00
767,12.33
200,5.95
676,5.81
506,5.82
943,5.97
380,6.04
237,5.94
430,5.84
889,0.00
962,12.55
906,6.05
467,0.00
988,6.25
693,6.37
96,6.37
649,0.00
470,6.30
36,6.32
81,6.30
732,6.32
755,6.39
353,6.45
119,0.00
761,6.37
770,6.46
194,6.63
505,6.64
725,0.00
901,12.92
508,6.73
138,6.83
491,0.00
756,6.80
326,6.78
440,0.00
814,6.59
382,6.59
314,0.00
543,0.00
170,6.63
538,0.00
898,6.47
710,0.00
944,12.69
233,6.39
935,12.57
980,12.70
115,6.51
397,6.37
515,0.00
221,6.33
869,6.29
1,6.37
207,6.38
733,0.00
590,6.27
992,0.00
995,6.39
269,6.36
104,6.36
511,0.00
826,6.35
586,0.00
852,6.36
189,6.36
848,6.31
880,6.32
53,6.41
820,0.00
506,6.20
153,6.36
585,0.00
700,6.41
485,0.00
780,6.44
552,0.00
103,6.44
355,6.43
116,6.36
645,0.00
663,6.33
101,6.52
275,6.44
933,0.00
514,0.00
328,0.00
453,6.66
826,0.00
599,6.50
734,6.62
603,6.53
305,6.47
307,6.35
433,0.00
765,0.00
299,6.18
805,6.18
166,6.30
446,6.29
461,6.36
51,6.27
575,6.14
738,0.00
128,0.00
388,6.13
267,5.96
120,5.94
77,5.97
556,0.00
35,5.87
268,5.77
707,0.00
947,12.53
844,5.81
590,5.91
757,5.83
636,5.89
445,5.91
887,5.97
577,5.95
63,6.00
385,0.00
851,18.76
868,6.05
375,0.00
207,5.89
577,12.40
298,5.98
38,5.82
647,5.93
997,12.28
52,6.01
634,0.00
134,0.00
618,6.02
992,6.07
122,6.10
408,0.00
673,12.34
568,6.08
613,6.13
554,6.02
382,6.12
448,6.22
472,6.11
126,6.06
147,5.98
785,0.00
122,0.00
159,6.05
629,6.07
78,5.87
280,5.96
306,5.81
162,5.86
370,5.88
241,5.88
710,5.86
649,0.00
284,5.74
964,5.74
547,0.00
368,5.72
203,5.72
886,12.24
339,5.80
488,5.64
918,0.00
464,5.88
511,0.00
620,0.00
811,5.87
441,0.00
914,5.93
976,5.93
84,6.01
290,5.89
596,5.92
644,5.97
506,0.00
836,5.87
779,5.84
911,5.99
66,5.95
119,6.00
567,0.00
159,6.01
673,0.00
268,6.05
496,6.05
346,6.14
645,11.80
621,6.08
428,6.07
846,6.08
864,6.05
486,5.94
151,6.03
645,0.00
398,6.10
357,6.12
359,6.13
28,6.07
754,6.02
883,12.25
737,6.14
232,6.14
481,0.00
145,6.00
507,5.93
494,6.09
404,6.20
383,6.13
934,0.00
390,6.21
758,6.18
917,6.18
248,6.16
244,6.26
950,0.00
395,6.19
608,0.00
636,0.00
530,6.13
703,6.21
322,6.21
690,0.00
874,0.00
667,12.43
551,6.35
395,12.31
167,6.44
510,18.79
122,6.38
582,0.00
44,6.47
109,6.44
932,0.00
789,6.41
379,6.51
668,6.43
546,6.53
255,6.28
232,6.45
597,0.00
920,6.48
163,6.21
74,6.33
653,0.00
709,6.17
896,12.18
873,12.19
190,6.43
543,0.00
582,6.27
441,6.37
726,0.00
759,6.36
876,6.37
841,12.28
595,6.39
302,6.24
724,6.17
492,6.22
484,0.00
301,6.29
175,6.29
465,6.23
592,6.29
572,6.36
862,6.37
34,6.18
344,6.39
533,12.41
177,6.36
382,0.00
417,6.31
261,6.31
864,6.21
680,6.12
261,6.25
814,6.31
913,6.35
472,0.00
68,6.36
596,6.38
949,6.38
804,6.46
107,0.00
277,6.46
162,12.52
579,0.00
325,6.26
18,6.29
683,0.00
133,6.06
614,0.00
79,6.07
61,5.97
107,6.02
667,5.97
854,5.97
955,6.02
759,0.00
154,6.03
530,0.00
119,5.93
80,6.08
961,0.00
917,5.93
132,5.83
54,0.00
353,5.88
513,5.93
631,5.94
598,0.00
965,0.00
244,5.94
44,5.95
607,0.00
638,5.92
748,0.00
444,6.17
707,0.00
952,6.17
628,6.14
95,6.21
640,6.18
658,6.23
490,6.14
815,0.00
302,6.16
870,0.00
654,6.14
659,6.15
144,6.19
468,0.00
680,6.07
877,0.00
961,6.20
659,6.09
700,12.49
946,18.32
988,12.64
742,6.24
634,6.30
63,6.44
406,6.29
884,0.00
88,6.30
732,0.00
299,6.43
257,6.37
192,6.34
116,6.35
386,6.12
647,6.08
531,0.00
319,6.26
373,6.14
452,6.17
951,6.27
363,6.35
983,0.00
693,0.00
367,6.27
771,0.00
204,6.46
754,6.39
665,0.00
64,6.36
751,6.41
703,6.34
118,6.37
954,6.42
605,6.51
906,6.62
140,6.72
112,6.59
347,0.00
112,6.67
904,6.64
246,6.69
603,6.75
359,6.79
179,6.57
249,6.63
239,6.45
949,0.00
959,6.65
270,6.50
552,0.00
508,6.50
709,6.55
257,6.45
161,6.54
555,18.75
697,6.65
633,0.00
697,6.46
50,6.50
299,6.52
46,6.30
861,0.00
426,6.32
257,6.25
978,0.00
278,6.29
259,6.44
772,0.00
866,6.46
174,6.56
526,6.43
785,0.00
602,6.47
856,6.38
318,6.33
947,12.45
199,6.39
519,0.00
661,6.34
477,12.54
643,6.29
648,0.00
38,6.19
9,6.07
331,6.00
503,5.91
437,5.93
723,5.93
17,6.00
755,6.05
161,6.11
607,0.00
836,0.00
470,12.26
48,5.98
424,0.00
763,5.73
113,5.79
324,5.69
516,0.00
765,5.74
785,5.53
70,5.75
1000,36.81
691,12.08
169,5.77
296,5.71
154,5.67
409,5.62
57,5.55
812,5.44
946,0.00
230,5.52
507,0.00
129,5.56
229,5.53
167,5.56
613,0.00
15,5.60
24,5.39
602,0.00
743,5.43
756,11.93
993,5.43
626,11.93
165,5.46
172,5.46
762,5.47
343,5.48
639,0.00
825,17.81
704,12.00
240,5.59
90,0.00
184,5.36
462,5.39
955,5.40
982,11.71
234,5.46
428,0.00
898,0.00
234,5.22
471,0.00
792,5.25
878,11.52
714,5.33
703,5.21
219,5.37
133,5.29
74,5.24
483,5.22
824,0.00
935,17.84
444,5.47
574,5.44
76,5.50
88,5.32
514,0.00
619,5.33
840,11.48
264,5.36
382,5.33
387,0.00
812,5.49
650,5.58
109,5.65
544,0.00
228,5.62
611,5.55
661,0.00
739,5.57
823,5.70
813,5.74
748,11.60
150,5.85
795,0.00
734,5.95
189,5.76
493,5.89
703,0.00
247,5.82
307,11.54
532,5.89
49,5.81
701,11.64
251,5.82
636,24.42
7,5.83
421,0.00
399,0.00
741,5.90
781,5.83
76,5.83
217,5.92
674,5.77
533,5.77
254,0.00
8,5.84
391,0.00
136,5.84
440,5.81
988,11.32
701,5.90
700,5.96
349,6.10
955,11.38
337,11.42
911,6.04
786,0.00
281,6.00
922,6.04
329,6.05
52,0.00
117,5.99
690,5.96
441,11.32
959,6.03
610,6.14
85,6.16
13,6.16
892,0.00
294,6.10
62,6.11
399,0.00
967,11.40
97,6.21
472,6.18
997,0.00
987,6.14
492,0.00
423,0.00
761,11.50
217,6.26
690,0.00
332,6.26
84,6.25
930,6.25
518,0.00
845,18.02
207,6.14
563,6.08
748,6.15
650,6.20
904,17.62
409,6.30
593,0.00
238,6.21
362,6.29
277,6.28
966,0.00
232,6.19
124,6.18
989,0.00
720,6.19
677,6.28
107,6.29
533,6.20
241,6.26
273,6.14
949,0.00
902,6.07
3,6.07
84,6.11
463,6.11
640,6.17
462,6.29
912,12.08
499,6.31
473,6.24
125,6.18
557,0.00
113,6.34
685,0.00
788,6.25
297,6.29
314,6.22
442,0.00
338,6.26
448,6.19
148,6.18
267,0.00
206,6.14
783,0.00
50,6.20
676,6.19
720,12.00
514,6.21
736,6.31
120,6.17
438,0.00
552,6.12
303,6.28
194,6.19
737,6.19
970,12.29
738,6.40
40,6.23
91,6.12
615,6.12
530,6.33
515,6.09
620,6.08
573,0.00
181,6.15
726,0.00
465,6.12
75,6.12
24,6.13
336,6.09
515,0.00
109,6.09
664,0.00
204,6.13
75,6.05
395,6.02
537,6.04
308,5.90
819,5.88
64,5.88
446,5.78
372,5.75
875,0.00
704,5.79
119,5.79
60,0.00
647,5.93
767,5.78
878,5.80
440,0.00
124,5.74
258,5.69
433,5.69
161,5.81
816,0.00
809,17.32
425,5.81
880,5.76
405,0.00
69,5.78
271,5.80
57,5.73
417,0.00
445,5.67
37,5.72
812,5.62
93,0.00
694,0.00
361,5.68
683,5.69
340,5.63
419,5.62
324,5.68
877,11.71
256,5.67
573,0.00
576,5.61
70,5.62
517,5.42
852,5.53
460,11.82
739,5.65
309,5.66
492,5.61
534,0.00
187,5.65
904,5.75
552,0.00
767,5.81
620,0.00
624,5.82
985,5.87
180,5.88
21,5.87
517,0.00
268,0.00
47,5.71
418,5.71
514,0.00
515,12.02
57,5.74
248,5.60
160,0.00
934,11.82
446,5.75
507,5.65
670,5.75
499,0.00
969,5.70
279,0.00
245,5.65
598,5.56
963,5.64
146,5.65
523,5.52
691,5.60
253,5.76
349,5.74
424,5.79
713,0.00
449,5.81
130,5.81
614,5.83
586,5.91
517,5.84
551,5.84
757,0.00
552,5.90
747,0.00
439,5.83
618,0.00
534,5.97
248,6.07
197,6.04
80,6.06
434,5.95
765,0.00
76,5.88
859,5.91
416,5.95
354,5.80
95,5.82
227,5.85
296,5.82
450,5.79
459,5.82
982,5.88
387,5.93
759,0.00
374,5.99
653,0.00
797,0.00
350,6.01
571,11.66
211,6.00
270,5.94
526,0.00
825,5.83
338,5.94
852,6.05
914,6.06
20,6.03
131,5.94
405,11.50
408,6.04
203,0.00
984,0.00
463,5.90
630,5.98
138,6.08
284,5.93
972,0.00
679,11.71
849,5.91
927,6.02
114,6.11
434,6.01
672,6.01
455,6.18
627,0.00
760,6.05
467,6.27
831,6.09
736,6.20
672,6.22
607,0.00
544,6.26
584,6.23
197,0.00
56,6.15
747,11.92
13,6.26
134,6.29
92,6.24
945,6.25
286,6.32
89,6.33
355,6.24
972,6.08
471,0.00
423,6.26
835,0.00
950,6.22
83,6.37
961,0.00
810,6.36
90,6.46
812,6.32
25,6.33
768,0.00
79,6.37
107,6.28
754,12.13
276,6.18
145,6.11
963,0.00
837,6.17
290,6.33
825,6.41
466,0.00
620,0.00
490,0.00
788,6.40
389,6.49
720,6.44
963,0.00
949,0.00
945,6.37
534,6.47
929,18.10
320,6.63
326,6.51
796,0.00
482,6.34
854,12.30
874,0.00
228,6.50
366,6.56
669,6.48
613,6.49
746,6.51
868,12.54
671,6.76
235,6.77
199,6.67
10,6.59
374,6.53
990,0.00
318,6.60
481,6.56
370,6.63
733,0.00
562,6.45
173,6.54
731,6.55
118,6.66
448,6.43
922,0.00
798,12.67
1000,6.65
808,12.74
715,6.82
315,6.83
706,6.75
739,6.55
670,6.62
584,12.70
140,6.58
457,6.53
190,0.00
841,0.00
872,6.57
269,6.65
188,6.51
145,6.42
60,6.46
192,6.36
140,6.23
657,0.00
820,6.25
249,6.28
509,0.00
787,6.27
816,6.27
334,6.25
663,0.00
886,6.35
853,0.00
370,6.38
165,6.51
828,6.32
986,6.42
63,6.38
842,6.27
269,6.42
265,6.25
532,0.00
434,6.21
263,6.19
108,6.20
547,0.00
865,12.64
754,6.14
733,6.24
430,6.29
717,0.00
400,6.11
842,6.07
801,6.16
967,12.71
265,12.63
432,6.15
522,0.00
140,6.01
220,6.12
993,6.12
218,0.00
711,6.23
496,5.94
931,6.02
722,6.13
96,6.04
77,6.04
240,6.03
419,0.00
794,6.02
841,0.00
348,6.12
322,6.16
459,0.00
224,6.01
991,0.00
129,6.02
7,6.02
691,0.00
488,6.10
553,0.00
698,0.00
896,12.66
115,5.89
93,5.79
564,5.71
744,12.43
979,12.49
243,5.97
425,12.54
892,5.94
346,5.95
94,5.90
442,0.00
824,5.87
660,5.95
743,5.93
433,0.00
573,6.10
864,6.23
178,6.37
855,0.00
177,6.44
246,6.39
147,6.41
252,6.31
796,12.45
981,6.29
94,6.16
833,0.00
843,6.37
861,0.00
881,19.08
914,0.00
644,12.79
432,0.00
848,12.76
955,6.57
80,6.58
212,0.00
159,6.45
718,0.00
595,6.54
983,0.00
44,6.57
611,0.00
604,0.00
697,6.53
1000,0.00
846,0.00
70,6.63
88,6.61
993,0.00
931,12.97
789,19.33
761,6.63
853,0.00
303,12.72
615,6.75
164,6.76
563,0.00
657,12.83
713,6.51
884,6.64
271,6.66
122,6.58
591,0.00
140,6.53
618,0.00
522,6.54
116,0.00
670,6.48
708,6.47
133,6.51
448,0.00
811,6.53
415,18.94
885,6.51
562,12.27
358,6.64
632,12.33
982,12.40
123,6.48
111,6.48
577,0.00
183,6.39
621,0.00
563,12.22
111,6.32
911,6.30
145,6.35
529,6.25
934,12.29
338,6.26
302,6.11
986,0.00
809,0.00
499,6.01
430,6.14
908,12.59
254,6.18
284,6.29
957,6.11
348,6.01
688,6.00
628,12.32
225,6.12
963,12.42
783,6.01
378,6.00
811,0.00
733,5.96
513,12.49
509,6.18
6,6.19
188,6.08
907,6.09
912,6.15
463,0.00
719,6.29
662,0.00
930,6.24
719,0.00
258,6.44
621,6.24
765,0.00
275,6.38
275,6.35
848,0.00
279,6.33
778,13.03
593,13.15
94,6.50
645,6.22
682,6.56
68,6.39
64,6.32
887,6.35
36,6.36
700,6.50
398,6.24
715,6.36
483,6.44
315,6.31
573,6.32
406,0.00
711,6.31
635,0.00
95,6.42
39,6.43
357,6.36
440,0.00
676,6.33
508,0.00
768,6.43
527,6.48
408,0.00
300,6.39
766,6.37
686,6.46
669,12.97
786,6.44
116,6.35
918,6.43
675,6.56
990,6.56
155,6.77
843,6.60
929,0.00
32,6.84
32,6.83
621,6.84
938,12.80
225,6.91
832,6.77
327,6.89
318,6.92
478,0.00
786,12.94
672,6.75
466,0.00
314,6.91
604,6.92
561,6.78
961,12.86
130,6.79
507,12.80
2,6.87
504,0.00
547,0.00
451,0.00
805,12.65
901,6.63
479,0.00
79,6.62
536,0.00
690,0.00
895,0.00
777,6.54
675,0.00
15,6.40
162,6.38
978,0.00
842,6.26
412,6.38
172,6.34
835,0.00
578,6.26
49,6.28
21,6.24
757,0.00
884,12.67
260,6.25
134,6.13
411,0.00
18,6.10
859,6.13
30,6.14
426,0.00
407,6.07
839,12.29
462,6.22
297,6.01
971,0.00
795,6.09
819,6.01
962,6.10
356,6.13
480,6.23
509,0.00
148,6.18
458,12.38
55,6.11
858,12.44
504,6.07
706,12.48
97,6.02
175,6.02
758,0.00
261,12.61
766,6.20
491,12.54
303,6.32
103,6.35
889,0.00
624,0.00
888,12.69
177,6.09
870,0.00
307,5.84
116,5.93
922,5.91
78,6.01
886,0.00
105,6.00
972,5.91
199,6.03
828,0.00
55,5.93
392,5.84
221,5.94
20,5.86
664,12.63
536,5.94
121,5.95
490,5.87
665,0.00
239,5.91
430,5.92
207,5.88
293,5.85
774,0.00
818,5.87
166,5.84
639,5.84
934,5.79
441,5.85
34,5.79
24,5.91
753,5.91
928,6.01
70,5.89
450,0.00
407,5.84
924,0.00
561,5.90
775,0.00
685,0.00
206,5.92
962,5.97
268,6.08
307,6.09
427,12.26
328,6.08
375,6.03
813,6.04
16,6.05
419,6.02
892,0.00
577,6.16
559,12.21
815,6.29
152,6.14
174,6.25
681,12.21
347,6.20
220,0.00
908,6.32
31,6.21
673,6.30
468,6.07
725,0.00
772,6.16
338,6.11
852,0.00
705,6.12
401,0.00
312,6.30
478,0.00
103,6.39
47,6.28
164,0.00
268,0.00
584,6.17
550,0.00
344,6.18
791,0.00
142,6.12
877,6.18
250,6.19
183,6.16
974,0.00
987,0.00
614,6.20
94,6.21
477,0.00
839,0.00
121,0.00
476,0.00
415,0.00
311,6.09
474,0.00
824,6.08
372,6.17
374,0.00
908,6.09
437,6.23
942,0.00
908,6.30
327,6.21
47,6.36
172,6.24
92,6.28
913,0.00
745,6.37
452,12.27
350,6.40
315,6.41
391,6.31
904,6.35
475,6.22
737,0.00
483,6.12
61,6.10
420,0.00
664,5.99
292,6.12
244,6.06
453,0.00
967,0.00
222,5.93
157,5.98
69,5.92
473,0.00
819,5.97
624,6.04
553,6.05
50,5.82
460,5.93
148,5.90
612,0.00
980,18.16
455,5.96
285,5.97
228,5.92
204,5.87
949,5.89
294,5.96
592,0.00
645,5.95
185,6.11
855,0.00
793,6.14
342,6.16
56,6.03
433,6.21
133,6.05
964,0.00
798,5.81
303,6.03
823,6.04
765,6.10
414,0.00
377,6.16
650,0.00
261,6.05
584,0.00
536,6.17
12,6.23
581,0.00
552,6.24
696,6.25
158,6.35
860,0.00
461,12.49
680,6.36
832,6.42
40,6.22
276,6.32
440,6.23
679,12.40
372,6.39
901,6.17
166,6.25
168,6.15
485,0.00
958,6.25
614,6.28
760,6.31
242,6.14
726,0.00
854,6.16
359,6.11
244,6.24
832,6.18
467,6.23
657,6.12
787,0.00
679,6.32
49,6.25
718,12.61
963,6.31
873,6.39
9,6.44
559,6.44
40,6.49
914,12.52
909,6.52
33,6.39
121,6.57
58,6.41
621,6.41
361,6.41
574,6.35
68,6.34
976,6.27
291,6.36
509,0.00
358,6.37
152,6.37
739,18.54
153,6.36
671,0.00
409,0.00
889,6.23
290,6.25
656,0.00
623,6.24
156,6.37
669,6.14
986,6.07
125,6.13
358,6.01
297,0.00
972,6.04
306,6.08
131,6.01
439,0.00
651,18.30
712,0.00
114,6.05
261,6.06
931,5.96
40,6.02
946,0.00
321,5.83
744,0.00
39,5.95
387,12.05
711,5.98
880,5.72
541,0.00
550,0.00
586,5.81
120,5.72
219,5.77
129,5.70
75,5.62
418,0.00
297,5.61
48,5.61
628,0.00
898,5.56
776,0.00
919,11.74
562,5.76
909,5.67
49,5.68
256,0.00
717,5.84
744,5.74
678,5.86
292,5.80
617,0.00
170,5.79
248,5.73
622,5.65
383,5.53
610,0.00
434,5.69
336,5.66
354,5.62
905,5.63
373,12.06
43,5.50
380,5.62
986,5.51
241,12.18
4,5.69
940,5.61
32,5.63
306,5.52
552,5.60
547,5.64
548,0.00
456,5.74
559,0.00
481,5.66
992,0.00
930,5.77
99,5.78
152,0.00
894,5.91
803,18.19
452,12.28
363,6.03
839,6.15
177,6.06
7,5.96
139,5.99
372,5.75
954,5.83
919,5.92
275,6.06
999,0.00
548,6.07
877,5.97
91,0.00
22,5.98
397,11.97
651,5.95
77,6.10
503,12.13
676,6.05
785,5.97
503,5.94
431,0.00
71,6.10
773,6.15
575,6.29
303,6.14
905,0.00
659,6.20
387,6.32
949,0.00
790,0.00
895,6.42
752,6.25
734,0.00
178,6.35
980,6.36
776,0.00
870,6.42
14,6.54
49,6.60
147,6.60
95,0.00
710,0.00
163,6.60
236,6.55
681,0.00
259,6.51
563,6.39
991,0.00
563,6.56
493,0.00
842,18.43
568,6.51
523,0.00
621,6.50
347,6.53
996,6.63
140,6.63
534,0.00
207,6.76
740,0.00
533,0.00
356,6.70
479,0.00
281,6.61
742,12.27
101,6.71
955,0.00
872,6.65
788,0.00
682,6.66
236,6.61
48,6.57
479,0.00
616,6.50
736,0.00
85,6.58
206,6.51
635,6.42
799,6.38
686,0.00
594,0.00
763,6.49
350,12.36
547,12.40
76,6.50
300,6.34
811,6.47
621,6.64
217,6.62
471,0.00
792,0.00
517,6.47
527,6.37
318,6.53
256,6.63
551,0.00
670,6.71
895,6.75
645,0.00
478,12.78
498,6.79
436,6.84
704,6.62
627,0.00
189,6.59
481,6.45
115,0.00
97,6.46
215,6.48
294,6.34
712,6.35
577,6.29
937,6.35
666,6.44
357,6.32
771,0.00
77,6.37
671,0.00
809,6.34
244,6.39
688,0.00
930,12.89
37,6.28
623,6.29
239,6.33
30,6.20
413,6.21
601,6.21
372,6.05
230,6.24
903,6.10
227,6.16
406,5.94
934,0.00
114,6.18
962,6.00
10,6.00
387,0.00
64,6.00
595,0.00
870,5.98
70,5.95
104,5.88
568,0.00
130,6.07
916,0.00
695,5.95
57,6.02
797,5.98
659,5.95
916,12.44
130,6.00
447,6.01
20,6.08
317,6.06
367,6.02
789,5.98
340,6.04
813,6.11
552,6.12
342,6.16
869,0.00
906,6.16
601,0.00
298,6.12
504,0.00
663,0.00
471,5.96
262,6.01
13,6.07
592,0.00
131,6.00
543,0.00
928,0.00
949,5.84
501,5.93
863,6.02
564,5.87
906,5.87
469,5.99
677,0.00
111,5.99
410,5.99
657,0.00
552,6.02
874,6.09
498,6.20
812,6.24
72,6.33
716,6.12
993,6.22
481,6.30
129,6.23
749,6.21
951,6.34
215,6.52
776,6.38
966,0.00
601,6.43
455,6.50
620,12.65
892,12.74
526,6.54
247,6.50
293,6.59
860,0.00
56,6.67
448,0.00
204,6.54
339,6.49
606,6.50
611,6.56
503,6.42
643,6.40
662,6.45
253,6.33
16,6.34
196,6.49
313,6.47
975,6.47
373,0.00
139,6.67
704,6.43
390,6.60
56,6.62
889,12.50
775,12.60
766,6.66
737,12.53
365,6.76
907,12.58
276,6.59
896,6.74
517,0.00
970,0.00
869,6.86
148,6.82
790,0.00
654,6.78
508,0.00
726,6.87
312,6.83
729,12.94
834,7.07
509,7.02
563,7.03
476,6.94
676,0.00
468,7.06
187,7.17
308,7.20
73,7.14
427,0.00
586,0.00
928,6.94
965,7.01
460,7.13
616,7.14
120,6.89
722,0.00
627,7.08
332,6.99
587,6.92
409,6.93
844,6.82
176,6.99
544,0.00
681,7.00
288,6.86
156,6.82
863,0.00
799,6.86
297,6.79
556,0.00
991,6.69
361,6.72
451,6.53
932,13.09
876,6.78
842,13.12
69,6.64
258,6.75
493,6.65
989,6.66
780,6.69
250,6.79
455,0.00
933,0.00
623,6.88
192,7.06
474,0.00
758,0.00
122,6.85
620,13.35
24,6.89
981,6.75
685,6.85
181,0.00
86,6.85
584,6.86
689,6.89
437,0.00
7,6.79
190,6.78
355,13.40
822,6.79
449,6.87
98,6.72
286,13.30
658,6.84
328,6.63
906,13.28
981,6.53
335,6.62
109,6.51
565,0.00
707,6.44
67,6.52
142,6.44
167,6.47
545,0.00
888,6.32
764,6.27
244,6.26
205,6.08
442,6.13
201,6.06
939,0.00
895,6.05
58,6.15
348,6.19
414,6.16
397,6.18
17,6.04
149,5.92
320,0.00
491,5.96
334,6.00
563,5.94
400,5.80
94,5.68
247,5.69
322,5.71
845,5.54
24,5.66
963,12.58
832,5.60
743,5.68
420,0.00
212,5.53
368,5.62
146,5.54
973,0.00
380,12.21
788,5.70
371,5.71
657,12.33
480,0.00
135,5.56
120,5.44
954,0.00
744,5.47
776,0.00
676,5.53
626,5.64
189,5.73
567,0.00
337,5.67
219,5.50
822,5.45
412,5.54
191,5.51
828,5.58
754,5.67
521,0.00
132,5.54
455,5.44
102,5.44
295,5.42
262,5.48
664,5.30
63,5.40
205,5.39
360,5.39
941,0.00
955,5.44
37,5.32
296,5.35
474,0.00
594,12.12
911,5.55
315,5.56
701,5.41
808,5.57
943,0.00
514,5.62
658,5.74
420,5.78
797,5.80
277,5.89
929,19.08
885,12.20
188,5.95
380,11.96
619,5.95
40,5.97
492,0.00
115,5.72
721,5.66
478,0.00
473,5.70
918,5.73
965,0.00
578,11.84
515,5.98
958,18.70
278,0.00
947,6.00
94,6.07
451,6.10
329,6.12
766,6.16
602,0.00
301,6.10
756,0.00
451,11.79
916,11.70
935,6.25
848,6.16
60,6.32
452,6.24
609,6.24
576,0.00
479,6.25
491,0.00
701,6.09
949,11.89
702,11.99
401,6.29
254,6.29
163,6.36
83,6.30
27,6.21
715,6.06
290,6.18
614,5.98
308,0.00
444,5.93
89,6.01
522,6.01
712,6.05
528,6.01
404,6.02
53,5.94
156,0.00
2,5.98
580,0.00
498,5.95
660,0.00
170,5.95
479,0.00
604,0.00
752,5.93
328,6.02
981,6.04
727,0.00
466,0.00
730,6.02
39,6.17
683,0.00
953,11.57
240,6.02
580,0.00
845,6.05
857,0.00
819,5.87
975,0.00
757,5.92
61,6.00
453,0.00
278,5.89
327,5.84
419,11.69
823,11.71
236,5.91
863,17.94
473,11.70
382,6.00
175,5.94
28,5.92
352,5.95
762,0.00
915,5.99
105,6.00
818,5.93
31,6.11
476,0.00
672,11.93
343,0.00
784,0.00
748,0.00
576,5.94
613,0.00
441,5.98
181,6.06
424,5.96
462,5.98
93,5.99
621,0.00
905,12.03
919,5.81
590,5.87
116,5.96
889,0.00
505,6.07
406,6.02
304,6.12
629,6.07
298,6.08
955,0.00
623,12.36
847,5.96
47,5.97
297,5.95
474,6.01
57,6.09
518,0.00
921,6.13
385,6.14
364,6.18
447,0.00
605,6.13
77,6.13
733,6.16
731,6.17
318,6.15
506,6.06
76,6.16
48,6.12
540,0.00
353,6.23
845,0.00
917,6.25
918,0.00
880,0.00
24,6.37
607,6.44
79,6.49
19,6.38
570,6.24
251,0.00
978,0.00
505,6.22
40,6.18
982,12.13
376,12.26
15,6.39
405,0.00
186,6.18
612,0.00
633,6.06
10,6.14
38,6.06
88,6.07
509,0.00
759,6.03
5,6.11
793,6.11
286,6.12
346,0.00
281,11.88
119,6.03
213,6.02
230,12.06
9,6.05
129,5.96
476,0.00
787,6.04
278,6.19
16,6.18
550,0.00
618,6.13
579,0.00
672,11.88
318,6.22
302,6.05
793,12.12
646,6.07
442,6.15
821,0.00
701,6.10
77,6.16
917,0.00
688,6.06
481,6.18
514,0.00
348,6.27
260,6.17
987,0.00
511,6.00
188,6.04
965,5.94
258,6.03
585,6.07
876,0.00
95,6.07
625,0.00
774,6.12
618,6.12
77,6.00
552,0.00
310,6.03
567,5.99
237,6.10
836,6.02
197,6.15
697,0.00
820,6.18
57,6.16
544,6.06
843,6.22
214,6.22
2,6.17
516,6.14
541,12.44
961,6.24
145,6.26
222,6.14
479,12.46
847,6.12
301,0.00
819,6.20
485,0.00
749,6.19
472,6.33
106,6.40
334,6.33
646,0.00
43,6.18
91,6.18
940,0.00
364,6.26
27,6.28
346,6.16
321,6.11
635,6.16
143,6.25
598,0.00
631,0.00
645,6.28
320,6.23
554,6.29
758,0.00
412,6.42
256,6.33
955,0.00
287,6.27
385,0.00
288,6.25
714,6.15
957,6.22
969,12.39
968,0.00
442,0.00
996,6.48
479,6.44
56,6.46
194,6.26
216,6.33
352,6.27
564,6.24
445,6.12
791,12.20
884,6.19
627,0.00
418,6.06
755,12.12
930,6.02
722,6.05
584,0.00
802,6.29
245,6.22
878,12.30
473,6.35
173,6.21
284,6.20
779,6.21
787,6.22
907,6.21
336,6.42
514,6.20
777,0.00
280,6.36
380,6.41
753,6.36
406,6.41
332,12.46
645,6.37
146,6.30
309,0.00
811,6.46
75,6.47
128,6.32
61,6.28
312,6.26
305,6.18
330,6.27
446,6.08
176,6.15
78,6.14
542,0.00
96,6.14
765,6.16
839,6.02
849,5.97
216,5.95
657,6.02
542,0.00
608,0.00
579,0.00
921,18.84
56,6.11
322,6.13
665,0.00
867,0.00
367,6.15
246,6.17
922,0.00
686,0.00
580,6.15
533,6.24
364,6.16
978,6.25
801,12.69
521,6.41
190,6.36
929,6.38
247,6.45
750,6.33
549,6.46
320,6.38
216,6.27
103,6.22
732,12.63
980,6.25
516,6.26
144,6.15
35,6.14
431,6.18
789,12.49
12,6.32
494,6.30
241,6.25
332,12.29
851,6.36
342,6.29
4,6.23
192,6.29
41,12.41
402,6.28
542,6.14
671,0.00
73,6.04
752,0.00
927,12.29
510,5.95
810,12.12
729,6.01
287,6.08
61,12.24
227,6.20
543,0.00
819,0.00
916,6.04
953,0.00
184,5.93
137,5.88
867,5.84
118,0.00
513,12.25
337,5.91
177,5.75
471,5.77
233,5.78
221,5.79
182,5.88
245,5.79
278,5.83
858,5.73
604,0.00
991,5.89
235,12.17
244,12.01
659,5.95
650,6.15
437,5.89
433,0.00
937,0.00
511,6.11
818,0.00
776,5.98
92,6.08
752,0.00
742,5.95
276,6.07
669,6.05
173,0.00
576,6.14
109,6.26
559,6.18
495,6.20
437,0.00
648,6.02
766,6.13
150,6.04
705,12.48
764,6.15
520,6.22
844,0.00
975,0.00
619,6.20
816,0.00
398,6.40
770,0.00
921,6.46
212,6.46
114,6.55
675,0.00
594,6.52
921,12.88
138,6.64
354,6.51
134,6.62
926,0.00
904,13.04
389,6.68
605,0.00
191,6.66
215,6.69
844,6.67
574,0.00
651,6.77
254,6.67
724,0.00
562,0.00
731,6.87
807,12.81
325,6.82
691,12.89
113,6.69
344,6.71
37,6.64
183,6.72
770,0.00
904,6.61
930,6.60
771,6.56
171,6.67
551,0.00
885,12.63
309,6.79
507,0.00
89,6.70
491,6.66
718,6.67
894,6.68
806,6.81
386,6.90
136,6.97
734,6.86
704,6.87
9,6.97
277,6.84
744,12.87
210,6.86
522,6.95
764,6.85
387,12.78
653,12.69
565,6.77
912,18.86
266,6.81
766,6.76
982,6.65
359,6.80
309,6.80
987,6.67
701,6.79
254,6.91
529,0.00
690,0.00
403,6.66
716,6.84
525,0.00
603,0.00
344,6.68
696,0.00
470,12.63
396,6.67
499,0.00
983,12.75
658,6.57
339,6.57
64,6.47
352,6.49
851,6.45
296,6.46
255,6.38
982,12.91
56,6.46
52,0.00
99,6.48
777,0.00
759,6.31
310,6.46
899,6.47
694,6.36
528,6.48
239,6.40
397,6.49
797,6.53
796,6.47
542,6.58
855,6.64
453,0.00
569,6.65
671,6.79
307,6.67
106,6.60
577,0.00
471,6.57
465,0.00
572,6.62
990,6.63
281,6.64
316,6.74
615,0.00
785,0.00
997,13.51
480,6.81
641,13.38
224,6.95
14,6.90
19,6.79
443,0.00
838,6.60
621,0.00
803,6.65
999,6.82
294,6.86
719,0.00
349,6.69
3,6.72
625,0.00
308,6.69
852,0.00
215,6.64
591,0.00
961,13.38
135,6.63
507,6.64
506,0.00
931,6.60
344,6.71
96,6.87
906,6.68
243,6.73
159,6.59
877,0.00
819,6.64
113,6.64
316,6.52
101,0.00
345,0.00
794,6.51
991,13.30
228,6.65
169,0.00
623,6.40
908,6.52
643,0.00
247,6.54
127,6.54
36,6.60
50,6.39
131,6.31
90,6.27
7,0.00
446,0.00
223,6.21
927,6.14
621,6.15
348,6.09
713,12.51
258,6.09
736,0.00
769,0.00
730,0.00
195,6.06
989,12.49
164,6.00
670,6.04
742,6.11
13,6.02
419,5.90
475,5.83
435,0.00
467,5.81
445,0.00
874,0.00
782,5.75
211,5.90
453,5.88
152,5.96
158,5.85
450,0.00
663,5.74
155,5.54
206,5.63
466,0.00
286,5.63
552,0.00
710,5.57
998,5.57
390,5.65
817,5.74
209,5.87
868,0.00
456,5.73
386,5.74
627,5.72
75,5.85
807,12.39
515,5.78
220,5.79
255,5.82
5,5.70
929,0.00
922,5.75
984,5.81
835,5.83
611,5.84
164,5.79
498,0.00
677,12.46
625,12.39
690,5.81
441,5.77
8,5.83
833,0.00
682,5.67
63,5.74
933,0.00
440,5.77
656,5.79
672,12.31
451,5.85
345,0.00
511,5.82
355,5.71
287,5.79
218,5.72
661,0.00
706,5.79
617,5.88
993,5.94
270,5.95
138,6.16
797,6.06
590,12.27
21,6.12
486,12.07
402,6.06
481,0.00
240,6.20
765,6.06
284,12.10
229,6.18
230,0.00
271,6.09
511,0.00
973,12.17
699,6.08
411,0.00
806,0.00
345,6.07
284,6.09
58,6.07
248,6.04
896,6.06
731,6.18
235,6.16
190,6.17
646,0.00
621,0.00
741,6.06
437,5.97
454,6.13
217,6.16
392,0.00
709,12.05
164,6.28
548,0.00
43,6.18
537,6.24
438,0.00
875,6.21
857,6.29
463,6.34
97,6.29
180,6.18
681,6.05
516,6.15
123,6.25
284,6.01
916,0.00
24,6.10
124,6.05
354,6.03
823,0.00
67,6.04
592,6.04
783,0.00
449,6.12
569,6.14
660,11.99
312,6.16
929,11.97
778,6.20
843,6.21
787,6.14
328,6.28
36,6.25
20,6.14
943,0.00
520,6.03
684,0.00
473,6.21
997,0.00
603,6.20
23,6.34
270,6.23
711,0.00
804,6.14
977,12.13
645,0.00
408,6.44
834,0.00
526,6.43
600,0.00
22,6.54
375,0.00
484,0.00
556,6.49
837,6.28
814,0.00
885,6.46
531,6.43
638,6.52
139,6.52
59,6.41
288,6.53
554,6.30
10,6.36
911,0.00
28,6.47
999,6.37
435,6.37
729,0.00
714,0.00
826,6.50
706,0.00
961,6.48
499,6.63
183,6.46
986,6.62
86,6.69
908,6.71
366,6.65
136,0.00
982,6.67
246,6.81
244,6.76
217,0.00
339,6.78
170,6.70
809,6.69
374,6.76
74,6.59
487,0.00
496,0.00
848,0.00
13,6.63
686,0.00
86,6.64
60,6.64
948,0.00
796,6.79
705,6.65
395,0.00
463,6.71
895,6.71
987,6.80
102,6.74
580,6.80
361,6.70
845,6.61
371,6.74
159,6.65
908,12.60
667,6.71
701,6.83
552,6.85
357,6.66
582,0.00
26,6.72
685,0.00
893,6.79
437,0.00
190,6.76
718,0.00
879,18.79
346,6.81
481,6.79
700,0.00
516,6.88
493,13.23
389,6.95
346,6.90
26,6.76
41,6.76
343,6.60
835,0.00
254,6.55
255,6.55
877,0.00
683,6.51
652,0.00
899,6.65
237,6.62
344,6.65
232,6.57
472,6.58
841,0.00
456,6.64
813,6.65
456,6.68
259,6.67
203,6.55
893,6.57
743,6.58
428,6.65
616,6.75
320,6.68
869,0.00
641,6.67
2,6.58
72,6.66
545,0.00
297,6.50
792,6.51
229,6.41
841,6.44
107,6.58
586,6.40
529,6.53
858,6.62
567,0.00
374,6.44
895,0.00
549,13.22
811,6.66
681,6.76
158,6.64
753,6.57
320,6.66
30,6.68
748,0.00
744,6.52
47,6.54
473,6.61
763,13.24
677,6.69
438,6.47
574,0.00
27,6.47
521,6.50
306,6.51
777,13.15
178,6.48
431,0.00
968,6.40
770,6.48
344,6.37
770,6.30
719,6.40
270,6.55
857,0.00
255,6.32
680,6.33
914,0.00
119,6.21
549,0.00
574,6.23
903,6.20
559,0.00
581,6.12
825,0.00
893,13.06
261,6.25
596,0.00
512,6.12
914,0.00
352,6.10
356,6.23
558,6.33
328,6.14
842,0.00
948,6.25
856,6.34
743,0.00
788,0.00
555,6.29
142,6.30
738,6.35
841,0.00
531,25.54
5,6.30
915,12.83
487,6.33
431,6.37
179,0.00
572,0.00
164,6.20
57,6.09
751,0.00
910,0.00
273,6.25
359,6.17
477,0.00
479,0.00
253,6.28
817,0.00
576,0.00
622,6.18
587,0.00
369,6.00
492,6.00
868,6.05
218,5.91
838,0.00
216,5.98
319,5.90
323,5.93
3,5.84
970,5.83
133,0.00
135,5.96
193,5.95
432,0.00
717,5.80
456,12.35
632,5.86
850,0.00
125,5.86
549,5.83
589,0.00
991,5.85
666,0.00
311,6.04
780,5.98
604,5.98
843,6.05
9,6.07
780,5.92
678,0.00
821,12.35
660,12.49
351,12.22
131,6.11
187,5.93
191,6.10
420,0.00
396,6.00
207,5.92
871,5.86
55,6.03
444,0.00
344,5.85
401,0.00
276,5.86
613,11.87
216,5.87
527,0.00
735,5.79
701,0.00
409,5.65
104,5.72
49,5.72
48,5.55
521,0.00
938,5.40
645,0.00
270,5.54
1000,12.03
53,5.73
549,5.52
718,0.00
316,5.69
421,5.82
748,5.89
643,5.67
964,5.83
613,5.84
723,0.00
902,5.98
498,5.87
905,5.90
176,5.91
294,0.00
791,5.87
284,5.85
295,5.84
8,5.77
898,0.00
459,5.87
379,5.87
951,5.77
8,5.86
27,5.77
194,5.77
971,0.00
647,5.58
188,5.73
70,5.81
276,5.62
534,5.62
940,11.38
270,5.68
933,11.50
359,11.45
153,5.75
748,5.58
115,5.68
656,0.00
106,5.64
808,0.00
541,11.52
710,5.69
217,5.45
260,5.53
896,0.00
451,5.59
631,0.00
148,5.54
579,0.00
784,5.61
243,11.48
337,5.61
12,5.55
461,0.00
964,11.67
761,5.65
314,5.49
78,5.62
50,5.52
696,5.58
454,5.65
908,11.43
106,5.61
434,5.50
423,0.00
892,5.45
193,5.54
837,11.46
226,5.60
633,5.43
684,5.57
22,5.67
41,5.59
348,5.52
481,5.59
655,0.00
330,5.70
547,0.00
61,5.49
761,0.00
999,5.48
144,5.43
982,0.00
341,5.44
772,5.52
471,11.16
257,5.24
752,0.00
563,5.36
666,5.43
806,0.00
956,5.29
407,5.36
872,0.00
177,5.43
671,5.43
370,0.00
751,0.00
871,5.56
181,5.63
470,0.00
646,5.68
639,5.66
825,5.85
287,5.87
140,5.71
923,5.78
796,5.89
942,5.97
608,6.06
714,6.07
644,11.74
513,0.00
730,6.08
119,6.03
147,6.04
139,5.97
968,0.00
891,6.01
125,6.02
408,5.93
68,5.92
440,0.00
596,5.81
667,0.00
151,5.84
229,5.85
854,5.77
302,0.00
900,5.84
560,0.00
143,5.93
890,0.00
854,6.01
94,6.03
152,5.99
498,0.00
829,5.97
417,0.00
679,0.00
769,11.56
441,6.18
327,6.04
655,11.59
972,6.17
362,6.18
909,6.09
840,0.00
810,6.19
122,6.29
415,6.21
567,6.15
474,0.00
921,6.18
648,6.33
940,0.00
736,6.53
103,6.69
382,6.52
302,6.62
298,6.52
352,6.49
674,0.00
895,12.04
570,6.54
222,6.49
91,6.75
904,0.00
590,6.52
461,11.85
533,6.57
269,6.58
31,0.00
101,6.38
17,6.31
828,6.32
217,6.35
393,0.00
509,6.10
169,6.20
242,6.01
641,0.00
788,11.78
95,6.04
764,17.44
591,6.10
898,6.10
697,17.66
332,6.13
851,6.09
624,0.00
332,6.15
30,6.17
731,12.09
615,6.04
808,6.07
296,6.09
867,6.04
609,6.17
726,6.26
475,6.33
864,0.00
123,6.21
774,6.39
195,6.25
229,6.33
979,17.73
632,6.21
188,6.33
954,6.36
146,6.50
87,0.00
749,6.29
820,0.00
589,6.28
107,6.36
678,0.00
636,6.32
679,12.26
584,6.40
40,6.32
478,0.00
516,0.00
3,6.21
404,0.00
83,6.08
810,6.13
673,6.23
454,6.18
625,6.18
490,0.00
177,0.00
390,6.17
369,6.29
735,6.03
943,0.00
645,6.22
384,0.00
108,6.05
574,0.00
812,0.00
502,5.85
462,0.00
158,5.76
299,5.72
152,0.00
230,5.77
717,0.00
883,17.91
530,5.86
789,0.00
507,5.64
377,5.69
411,5.73
704,0.00
832,17.53
495,0.00
1,5.86
849,0.00
617,5.80
443,0.00
795,5.79
268,5.83
691,5.71
432,0.00
978,5.72
555,5.73
15,5.74
639,5.64
507,5.73
159,5.51
790,5.49
820,5.59
829,5.68
334,5.69
351,5.47
596,0.00
700,0.00
549,5.43
123,5.49
874,5.49
601,5.58
701,5.69
586,11.78
688,5.59
521,0.00
351,0.00
802,5.73
769,0.00
740,11.95
936,0.00
322,5.66
946,12.07
310,5.83
183,5.70
21,5.61
728,0.00
785,5.59
619,5.64
593,5.60
307,0.00
226,5.71
479,0.00
894,5.71
776,5.69
699,0.00
345,5.93
316,5.88
935,5.81
208,0.00
955,0.00
953,0.00
391,5.93
118,5.95
930,0.00
124,5.83
517,0.00
889,5.88
506,5.85
814,5.88
484,5.85
817,0.00
628,5.81
491,0.00
498,5.92
713,0.00
896,11.64
478,6.05
936,6.14
642,0.00
727,6.01
975,6.10
379,0.00
821,18.56
924,12.11
17,6.29
732,0.00
397,6.29
888,6.41
378,6.57
483,6.42
377,0.00
384,6.45
196,6.41
767,12.08
187,6.50
125,6.36
199,6.50
508,0.00
911,6.42
38,6.46
853,0.00
328,6.51
204,6.43
883,0.00
384,6.53
481,6.49
710,6.55
11,6.61
744,0.00
250,6.50
187,6.52
933,0.00
951,6.31
789,6.19
548,6.25
572,6.26
589,0.00
333,6.16
772,11.83
704,6.20
430,6.31
673,6.13
987,6.16
875,6.18
707,6.25
332,6.30
640,0.00
715,11.92
576,6.24
621,11.85
916,6.18
6,6.19
345,6.02
381,5.90
540,5.92
148,6.02
844,0.00
349,6.03
579,5.94
942,5.97
764,0.00
937,6.10
464,6.11
46,0.00
438,6.13
199,6.14
304,0.00
269,0.00
853,5.99
337,5.99
867,6.02
425,0.00
741,6.01
637,6.04
605,0.00
668,12.08
304,5.81
31,5.72
635,12.16
932,5.78
563,0.00
654,5.80
859,5.74
217,5.84
615,0.00
744,5.96
514,0.00
693,6.02
233,6.02
265,5.96
13,6.00
293,5.83
24,5.84
444,0.00
364,5.79
106,5.80
218,5.70
893,5.69
589,5.84
401,0.00
381,0.00
504,5.66
334,0.00
550,5.77
600,12.16
597,5.86
993,5.87
973,5.86
281,5.96
727,0.00
191,5.86
800,0.00
374,5.76
339,0.00
781,5.84
564,0.00
800,5.86
636,5.78
485,5.83
415,5.71
465,0.00
723,5.69
778,5.72
537,12.03
685,5.78
124,5.88
870,11.87
512,5.83
811,5.90
866,6.02
392,5.98
372,5.92
990,5.93
438,0.00
476,0.00
98,5.86
561,5.83
554,0.00
607,5.86
1000,5.87
587,5.87
547,6.05
788,6.03
367,6.12
41,6.13
688,0.00
69,6.07
543,0.00
341,6.10
158,11.93
963,6.09
322,0.00
268,5.98
530,6.06
945,6.07
711,6.17
754,6.15
514,6.23
481,6.02
770,6.00
283,6.23
727,0.00
247,6.20
660,0.00
752,6.13
717,0.00
62,12.10
637,6.27
720,6.28
390,0.00
235,6.25
690,6.24
578,0.00
643,6.37
837,6.37
383,0.00
671,6.47
21,0.00
377,6.69
766,6.56
568,0.00
843,6.59
652,6.73
363,0.00
716,6.73
182,6.85
688,0.00
297,6.82
462,0.00
694,12.85
434,0.00
672,12.81
804,12.71
508,6.96
719,6.80
473,0.00
838,6.95
240,6.89
251,6.96
220,6.96
976,0.00
866,7.10
305,7.09
96,7.05
293,7.10
520,0.00
602,0.00
141,7.10
19,7.10
302,12.84
935,7.03
771,7.04
725,12.83
325,7.00
803,12.96
463,6.98
524,7.04
216,7.14
478,0.00
651,12.84
140,7.09
610,7.13
48,7.18
200,7.00
523,0.00
787,0.00
243,6.94
543,6.99
687,7.00
754,6.74
93,6.99
29,6.89
812,0.00
770,6.85
681,0.00
373,6.87
544,6.87
658,13.06
352,6.99
121,6.93
218,6.85
146,6.92
486,0.00
391,0.00
263,6.76
524,6.85
486,0.00
80,6.66
903,0.00
430,6.65
18,6.64
731,0.00
104,6.56
245,6.51
361,6.54
624,12.55
535,6.55
298,6.50
522,6.48
10,6.48
544,0.00
225,6.46
149,6.37
603,6.25
644,0.00
38,6.13
909,6.22
90,5.98
396,0.00
785,0.00
664,5.92
484,0.00
926,5.90
85,6.03
296,5.93
701,0.00
543,5.85
540,0.00
754,18.69
410,12.72
397,6.00
275,5.81
323,0.00
202,6.10
437,5.85
837,5.82
788,5.89
581,5.75
379,5.76
639,0.00
973,5.85
414,5.81
208,5.95
374,5.89
586,5.82
182,5.96
454,0.00
603,0.00
303,12.94
619,5.98
550,5.96
681,6.04
402,5.75
446,12.94
917,6.02
84,5.89
640,6.01
447,6.11
621,0.00
334,6.05
423,6.05
196,6.12
849,0.00
610,5.95
67,6.03
623,5.78
432,0.00
193,5.84
827,0.00
937,5.95
310,5.93
487,5.82
315,0.00
421,0.00
812,0.00
948,5.91
175,5.92
946,5.98
220,6.05
876,0.00
246,6.16
805,5.96
431,0.00
812,6.11
947,6.20
412,0.00
32,6.19
159,6.16
663,6.16
53,6.18
524,5.99
323,6.12
578,0.00
125,6.18
477,6.17
906,0.00
932,6.38
522,6.39
924,0.00
707,6.48
381,6.51
164,6.58
632,0.00
187,6.50
245,6.41
376,0.00
695,6.39
692,6.46
174,0.00
65,6.40
996,0.00
18,6.37
55,6.37
760,6.40
348,6.40
881,6.41
119,6.46
926,6.39
306,6.48
637,6.49
518,6.54
44,6.33
177,6.44
806,12.13
361,6.48
342,6.40
991,0.00
473,0.00
269,6.28
226,6.15
863,0.00
400,6.22
290,6.28
778,0.00
608,12.25
811,6.38
494,0.00
311,6.37
211,6.30
170,6.34
192,6.23
834,6.13
569,0.00
290,6.13
664,6.15
551,6.14
390,6.12
461,0.00
833,6.17
914,0.00
961,6.29
470,0.00
844,6.24
569,6.25
402,6.17
542,0.00
651,12.12
365,6.33
560,6.34
366,6.14
446,6.23
283,6.27
903,12.32
862,6.26
822,0.00
556,6.52
559,0.00
693,12.35
793,6.30
94,6.37
900,0.00
907,0.00
606,6.45
666,6.42
370,0.00
545,6.50
262,6.58
675,6.38
966,6.39
262,6.31
733,0.00
893,6.26
28,6.32
32,6.32
263,0.00
796,0.00
970,0.00
184,6.25
706,0.00
758,6.35
383,6.43
727,0.00
177,6.39
169,6.51
224,6.36
246,6.37
397,0.00
835,6.34
560,6.39
714,0.00
879,6.35
300,6.25
209,6.37
222,6.44
191,6.32
414,0.00
980,6.25
57,6.41
400,0.00
898,6.38
651,0.00
190,6.49
827,12.68
892,6.32
942,6.41
985,12.81
620,0.00
769,6.36
856,6.45
295,6.56
704,0.00
523,0.00
834,6.55
623,0.00
467,0.00
832,6.62
213,6.69
123,6.83
52,6.78
548,6.79
764,6.67
995,6.81
540,6.68
490,6.79
749,0.00
129,6.73
456,0.00
536,0.00
872,6.66
973,6.65
596,6.47
234,0.00
376,6.33
760,6.36
258,6.53
748,6.48
601,6.51
568,6.30
271,6.50
766,6.47
591,6.48
546,6.48
845,6.64
151,6.40
170,6.61
982,0.00
57,6.60
529,12.93
812,6.71
149,6.82
924,6.59
34,6.62
851,6.54
648,6.56
64,6.56
170,6.67
263,6.56
654,6.54
154,0.00
668,0.00
822,6.45
113,6.44
979,12.96
143,6.54
628,6.54
196,6.53
857,0.00
119,6.60
760,6.57
25,6.69
855,0.00
387,6.55
930,0.00
607,6.53
301,0.00
947,6.64
498,6.58
991,0.00
187,6.76
182,6.73
803,6.49
294,6.57
212,13.01
323,12.72
139,6.50
521,0.00
575,12.80
530,6.21
766,6.69
667,0.00
63,6.32
135,6.26
553,6.16
268,0.00
882,12.72
132,6.27
73,0.00
393,6.19
515,0.00
663,6.16
380,6.29
752,0.00
592,6.22
868,0.00
592,6.05
754,12.86
123,6.35
595,0.00
64,6.22
201,6.22
425,12.82
286,6.30
485,0.00
676,6.17
475,6.19
311,6.21
299,6.02
992,0.00
975,12.57
88,6.04
414,0.00
475,0.00
885,5.91
328,5.69
491,0.00
656,0.00
78,5.77
742,0.00
980,5.82
247,5.86
263,5.78
557,0.00
739,5.80
176,5.75
70,5.82
935,5.83
373,5.91
111,5.87
617,0.00
599,0.00
824,5.81
396,5.76
947,5.84
601,0.00
753,0.00
871,5.76
489,0.00
411,5.90
182,5.97
649,0.00
526,5.87
1000,0.00
826,5.96
750,0.00
578,5.75
255,5.99
37,5.91
421,0.00
878,5.92
797,6.03
367,6.01
84,5.97
186,6.05
409,6.05
851,0.00
576,6.13
715,6.14
791,6.23
576,12.34
34,6.25
492,0.00
949,6.10
728,6.23
139,6.24
616,6.17
183,6.18
24,6.28
149,6.15
458,0.00
761,6.00
350,5.97
472,6.04
237,6.14
9,6.15
291,5.85
552,0.00
530,12.02
428,0.00
621,0.00
917,5.93
977,18.93
210,12.20
715,6.14
321,6.15
570,0.00
693,5.98
299,6.07
327,6.17
283,12.19
534,6.07
659,6.08
279,5.88
425,0.00
557,12.44
443,6.11
965,6.22
853,6.29
311,6.32
987,6.23
558,6.19
104,6.17
601,0.00
450,6.12
792,0.00
160,6.13
768,0.00
34,6.16
359,6.08
644,6.01
457,6.11
272,6.18
675,6.04
744,6.04
371,5.90
973,5.90
187,5.89
357,5.69
166,5.69
945,0.00
458,5.60
848,0.00
765,0.00
475,5.55
750,0.00
990,5.70
923,5.79
805,5.80
517,11.83
485,11.88
374,5.77
609,0.00
629,5.59
354,5.43
492,0.00
477,5.44
946,5.44
877,5.43
862,5.64
609,5.65
872,0.00
560,5.69
943,5.70
276,5.71
310,5.74
463,5.54
788,5.70
952,5.50
745,5.62
701,5.63
967,5.73
223,5.80
956,0.00
123,5.73
32,5.71
32,5.71
118,5.70
266,0.00
293,5.72
865,0.00
242,5.59
795,5.70
86,5.79
503,0.00
871,0.00
992,11.90
52,5.53
540,11.56
373,5.57
533,5.46
861,0.00
814,5.50
417,0.00
791,5.55
984,5.64
38,5.65
793,5.70
91,5.83
43,5.80
52,5.80
803,11.88
745,5.84
857,11.84
361,11.67
531,5.88
862,5.92
194,5.86
228,6.04
732,11.54
679,6.02
9,5.99
109,5.89
845,0.00
501,5.88
870,0.00
395,5.72
784,5.82
934,11.59
243,5.96
124,5.86
62,5.81
651,5.81
635,6.01
816,0.00
863,11.64
441,5.95
442,0.00
763,5.97
338,6.03
812,0.00
547,0.00
401,11.54
987,5.95
31,6.01
417,5.74
747,0.00
957,5.86
486,5.90
895,5.92
117,6.02
753,6.01
410,6.03
344,5.89
648,0.00
180,11.62
436,5.92
899,5.67
30,5.71
390,5.65
31,5.68
682,5.80
376,5.86
761,0.00
201,5.82
923,0.00
598,5.83
36,5.91
367,5.83
675,0.00
878,11.45
678,11.47
265,6.02
603,11.43
953,6.04
184,5.89
993,5.97
707,6.08
645,0.00
788,6.09
650,0.00
921,6.18
6,6.16
1000,5.95
872,6.04
845,0.00
760,23.75
393,6.21
321,0.00
737,12.21
456,6.40
590,6.41
693,12.24
743,12.30
419,12.30
601,6.38
707,6.42
268,6.48
480,12.51
892,6.49
652,6.51
974,6.64
593,0.00
966,6.68
571,0.00
858,18.16
988,12.54
347,6.81
487,6.59
806,18.06
498,6.55
734,0.00
374,6.56
261,6.56
47,6.60
642,0.00
498,6.51
137,6.60
362,6.52
191,6.52
878,6.49
656,6.54
305,6.58
29,6.64
645,0.00
959,6.59
276,6.58
311,6.52
101,6.47
757,6.47
906,12.30
738,6.71
890,6.48
216,6.58
981,0.00
934,6.74
843,0.00
330,6.77
970,6.65
340,6.57
437,6.71
378,6.80
496,6.57
888,0.00
724,6.64
495,6.74
382,0.00
406,0.00
760,0.00
623,0.00
526,6.76
999,12.88
930,6.93
666,7.02
345,6.89
382,6.78
788,0.00
325,6.82
332,6.64
618,6.55
3,6.51
878,0.00
786,6.33
785,6.48
166,0.00
439,0.00
506,6.36
944,6.41
285,6.39
539,12.74
10,6.21
648,6.36
339,6.52
110,6.31
50,6.25
609,6.31
153,6.22
633,12.61
623,6.10
533,5.98
483,0.00
650,6.00
632,0.00
798,5.93
602,0.00
388,6.04
743,12.73
350,12.81
953,12.89
481,6.26
277,6.11
242,6.09
230,6.14
123,6.04
115,6.05
380,6.03
25,5.96
924,5.95
265,6.00
986,0.00
481,12.66
828,6.11
502,5.97
388,0.00
536,5.95
982,0.00
49,6.14
782,0.00
988,12.61
522,0.00
867,6.15
236,6.29
340,6.07
608,0.00
214,6.07
330,6.03
915,6.01
514,6.13
161,6.06
310,6.01
390,6.07
669,6.14
690,0.00
245,5.92
908,0.00
822,5.98
584,6.03
11,6.08
320,0.00
207,5.98
466,0.00
512,0.00
397,0.00
976,5.84
427,0.00
776,5.75
558,5.92
602,0.00
113,6.02
228,6.03
905,0.00
51,5.95
708,0.00
954,5.92
766,0.00
761,0.00
187,6.02
936,0.00
935,12.56
514,6.05
905,0.00
313,6.11
18,6.25
666,6.22
322,6.32
693,6.35
827,6.43
746,6.21
158,6.34
781,24.73
392,6.36
200,0.00
605,6.28
496,0.00
726,0.00
970,0.00
680,12.46
704,19.23
827,12.40
347,6.33
220,6.27
542,0.00
650,6.42
564,0.00
616,6.43
178,6.53
984,6.40
603,6.45
701,6.29
507,6.12
763,6.20
538,6.26
403,6.27
241,6.33
511,0.00
126,6.15
12,6.18
141,6.06
957,12.09
816,6.11
209,6.07
571,18.80
946,12.22
175,6.22
367,0.00
358,6.12
138,6.16
9,6.10
791,0.00
487,6.09
700,6.19
637,0.00
739,6.05
445,0.00
889,6.10
226,6.18
304,6.18
737,0.00
467,6.14
984,6.22
408,0.00
960,6.24
162,6.16
233,6.29
85,6.14
923,0.00
552,6.22
41,6.36
208,6.25
613,0.00
822,6.24
365,6.25
582,6.18
780,0.00
424,6.16
723,6.07
956,6.07
92,6.23
850,6.09
304,6.10
346,5.95
383,0.00
774,0.00
140,6.14
811,6.07
586,6.11
196,5.87
640,6.07
37,0.00
913,5.96
50,5.99
936,18.33
720,6.02
422,0.00
413,6.04
114,6.01
755,12.35
522,12.28
301,5.78
806,5.76
129,5.87
881,0.00
581,0.00
350,5.94
261,6.00
948,12.42
651,12.36
830,6.15
447,6.17
342,6.09
719,6.01
300,6.09
286,6.04
689,5.98
70,0.00
987,6.03
794,6.17
248,6.29
993,12.38
767,6.27
203,6.36
325,6.31
139,6.32
309,0.00
701,6.26
410,6.33
412,0.00
616,6.22
325,6.34
333,6.21
508,6.11
595,6.20
765,6.26
512,0.00
119,6.26
4,6.21
629,6.12
881,0.00
912,12.34
113,0.00
624,6.04
573,0.00
199,5.93
522,0.00
143,5.87
315,5.87
491,0.00
377,5.88
752,5.89
46,5.92
448,5.79
128,5.94
817,5.89
365,5.92
466,0.00
54,5.79
752,0.00
791,5.86
475,5.96
309,5.94
281,5.94
39,6.01
140,5.94
93,5.71
149,5.70
736,0.00
727,11.82
120,5.65
192,5.72
484,5.70
660,5.71
526,5.56
628,0.00
357,5.55
844,0.00
1,5.50
795,0.00
355,17.80
389,11.62
557,17.86
587,0.00
637,11.76
78,5.64
335,5.77
55,5.69
853,0.00
614,5.59
804,0.00
689,0.00
265,5.61
772,5.65
824,11.88
984,11.79
892,5.90
451,0.00
633,5.82
298,5.88
928,5.83
522,5.89
232,5.81
103,5.73
307,5.74
149,5.68
768,5.73
364,0.00
854,5.53
765,5.68
525,5.56
299,5.72
854,5.79
511,0.00
869,5.88
355,5.89
992,5.86
777,0.00
116,5.84
48,5.87
50,5.85
392,5.85
940,0.00
457,5.85
759,5.93
399,5.97
560,6.01
301,5.94
570,0.00
784,6.04
557,5.97
694,6.07
351,6.17
364,0.00
884,0.00
585,6.36
315,0.00
435,0.00
440,6.29
161,6.38
516,6.28
13,6.43
730,0.00
76,6.27
636,0.00
881,6.24
562,6.21
872,6.32
184,6.48
872,6.55
739,6.62
909,6.63
963,12.27
93,6.66
559,6.66
352,6.81
658,6.90
544,6.91
570,6.81
61,6.91
776,18.46
421,6.93
527,0.00
779,0.00
903,12.69
32,6.90
177,6.75
982,0.00
218,6.79
314,6.80
933,0.00
928,0.00
769,0.00
452,12.63
924,12.53
444,6.86
777,6.70
137,6.87
53,6.77
276,6.75
102,6.79
908,0.00
893,0.00
151,6.74
12,6.70
303,0.00
949,12.20
971,6.76
882,6.71
297,6.72
76,6.74
409,0.00
127,6.58
272,6.68
128,6.46
825,6.50
602,6.55
279,6.34
975,6.41
539,6.55
383,6.49
765,6.49
709,0.00
817,6.66
686,12.57
54,6.79
673,6.76
620,6.62
199,6.72
134,6.61
577,0.00
523,0.00
233,6.53
829,6.45
302,6.52
97,6.40
475,6.32
474,0.00
124,6.21
631,6.27
76,6.19
108,6.11
51,6.16
234,6.00
894,0.00
690,0.00
179,6.00
312,6.05
959,0.00
664,0.00
285,5.81
333,12.56
69,5.77
517,0.00
453,0.00
68,5.62
663,0.00
445,12.36
220,5.66
825,5.76
609,0.00
95,5.68
355,5.64
271,0.00
319,5.64
678,12.64
762,12.39
451,5.59
302,5.78
845,5.79
614,5.70
954,6.00
793,5.82
10,5.94
304,5.98
594,0.00
453,5.89
46,5.88
215,5.70
117,5.64
58,5.70
865,0.00
474,0.00
86,5.65
742,0.00
484,5.56
212,0.00
589,5.60
371,5.72
829,0.00
769,5.73
876,0.00
994,5.88
611,5.87
441,5.84
771,0.00
80,5.88
765,0.00
539,0.00
801,5.90
704,5.94
667,6.00
58,5.87
508,5.78
259,5.85
752,0.00
172,5.60
434,0.00
940,5.56
89,5.72
118,5.72
958,12.14
267,5.54
329,5.67
244,5.70
98,5.66
685,0.00
323,5.69
404,5.62
886,5.68
832,0.00
381,0.00
544,5.85
740,5.90
135,5.85
955,5.85
552,11.95
238,6.07
757,5.96
957,5.97
211,6.05
873,6.00
16,6.07
440,0.00
207,5.91
191,5.97
513,0.00
895,5.95
195,6.07
359,6.02
108,5.95
161,5.94
784,5.73
464,0.00
127,5.84
269,11.50
787,11.57
283,5.90
191,11.48
571,5.79
753,11.48
399,5.89
829,5.66
861,0.00
487,5.62
550,5.68
233,5.73
788,5.64
950,5.73
914,5.83
353,5.78
951,5.91
475,5.85
554,5.85
595,5.96
656,6.07
414,5.85
978,11.59
728,5.98
663,0.00
431,5.85
371,0.00
131,5.76
571,0.00
668,5.83
740,0.00
784,5.84
136,5.90
396,0.00
570,11.87
704,5.81
480,0.00
678,5.84
64,5.87
990,0.00
27,5.85
51,5.85
738,11.50
413,5.89
212,5.88
763,5.76
195,5.84
84,5.87
543,5.76
114,5.84
771,5.77
545,0.00
715,5.82
8,5.95
854,0.00
799,5.92
44,5.96
591,0.00
485,0.00
451,11.80
839,11.66
122,5.86
508,11.76
447,5.85
133,5.76
16,5.79
157,5.79
243,5.82
518,5.76
708,0.00
881,5.73
999,0.00
903,11.78
472,5.97
738,6.02
310,6.11
265,6.01
921,0.00
137,5.94
275,6.02
79,6.01
181,5.93
126,11.64
972,5.97
656,6.01
621,5.90
442,0.00
47,5.82
781,0.00
975,0.00
806,5.74
118,5.94
953,5.99
657,6.04
634,0.00
640,0.00
2,5.94
843,0.00
742,11.79
761,5.68
727,5.82
449,5.86
412,5.91
170,5.98
286,5.80
518,5.71
817,0.00
823,5.83
656,0.00
307,11.57
848,5.85
954,11.63
40,5.83
680,5.74
768,0.00
812,5.76
571,0.00
680,0.00
847,0.00
328,5.99
802,5.94
206,6.00
170,6.00
570,5.97
487,0.00
747,6.03
402,5.97
377,5.82
455,0.00
541,0.00
856,5.82
554,0.00
531,5.84
898,5.98
82,6.13
652,0.00
251,6.19
241,6.09
192,6.05
526,6.02
322,6.06
101,5.91
152,5.92
357,5.88
726,5.86
510,5.89
424,0.00
798,11.73
362,5.80
840,0.00
393,5.80
15,5.91
119,5.93
138,5.90
592,5.81
717,5.82
807,5.80
777,6.15
151,6.02
278,6.01
795,12.03
122,5.95
264,11.90
736,6.06
689,6.02
510,6.03
399,6.10
805,0.00
400,0.00
577,11.99
385,5.98
444,5.83
880,0.00
839,11.65
731,0.00
676,11.75
676,5.84
680,5.75
521,5.68
835,0.00
80,5.89
313,5.94
86,5.95
151,5.87
798,5.78
971,11.64
458,5.98
735,0.00
859,11.80
187,5.88
956,5.87
641,0.00
963,11.67
450,5.87
961,5.85
365,6.07
210,6.03
811,0.00
127,6.05
182,5.97
406,0.00
110,5.98
832,0.00
311,5.88
394,5.88
597,0.00
727,5.78
710,0.00
52,5.90
134,5.93
5,5.83
769,5.66
956,0.00
165,5.86
597,0.00
377,5.91
279,5.86
333,5.83
900,11.85
725,6.05
848,6.06
583,0.00
586,6.10
887,6.17
177,6.17
417,6.18
76,6.13
588,0.00
541,6.02
942,0.00
153,6.19
205,6.26
120,6.24
671,0.00
957,6.04
236,6.11
524,6.17
617,6.22
709,6.12
731,6.25
888,0.00
68,6.13
653,0.00
937,6.22
703,6.22
364,0.00
173,6.16
189,0.00
993,12.14
950,6.35
856,12.02
703,6.47
324,6.44
341,6.34
431,6.40
819,18.20
860,6.43
454,6.49
29,6.52
349,6.43
357,6.37
797,6.18
340,6.30
47,6.28
578,0.00
821,6.40
98,6.35
442,6.22
891,12.07
31,6.29
503,12.12
931,6.25
116,6.30
616,6.10
711,6.12
959,6.22
901,6.06
241,6.15
49,6.15
700,6.05
778,0.00
21,6.16
703,0.00
836,6.12
199,6.23
971,6.37
49,6.53
228,6.44
595,12.18
116,6.37
267,6.34
995,0.00
656,6.36
554,0.00
846,6.26
103,6.30
46,6.29
987,12.12
379,6.33
751,0.00
382,6.23
89,6.21
531,0.00
819,6.07
974,0.00
670,12.46
557,6.29
148,6.28
167,6.16
276,6.18
426,6.22
844,0.00
308,6.18
635,0.00
192,6.20
221,6.20
354,6.19
821,0.00
919,12.42
718,6.21
712,6.13
221,6.07
767,6.08
881,6.03
19,6.13
116,5.97
581,0.00
381,6.07
974,12.35
466,0.00
573,12.40
372,5.99
669,0.00
365,0.00
986,12.42
297,6.01
262,5.93
93,0.00
937,0.00
490,0.00
888,6.12
843,0.00
50,6.07
160,6.14
558,0.00
985,6.17
150,6.20
903,0.00
998,6.25
485,0.00
555,12.60
236,12.42
239,6.37
463,0.00
510,6.19
149,0.00
784,6.35
734,6.36
913,0.00
351,6.32
428,6.27
172,0.00
311,6.36
535,0.00
699,12.51
657,0.00
13,6.31
217,6.26
66,6.10
529,0.00
743,6.12
224,6.18
498,6.25
644,6.20
281,0.00
846,6.21
703,6.31
561,0.00
512,6.26
658,6.24
509,6.36
34,6.44
956,6.41
205,6.42
1,6.37
944,18.77
30,6.26
737,0.00
355,6.19
309,6.28
809,6.26
229,6.30
648,6.20
530,6.23
232,6.28
551,6.09
154,6.19
393,6.26
392,0.00
490,6.28
340,6.12
630,12.30
198,6.08
407,6.25
679,12.26
980,6.08
820,6.37
76,6.21
187,6.13
905,6.13
418,0.00
877,6.15
568,6.17
620,6.24
204,6.24
876,6.18
96,6.19
768,6.21
781,12.13
672,6.02
522,6.19
273,6.26
762,0.00
961,0.00
862,6.14
470,6.22
428,6.13
619,0.00
877,6.19
129,6.31
567,0.00
112,6.23
582,6.21
238,0.00
558,0.00
803,18.81
190,6.33
285,6.34
924,6.37
585,6.38
212,0.00
357,6.38
936,6.23
601,0.00
501,12.53
977,6.26
737,6.38
866,0.00
744,6.44
614,0.00
845,0.00
585,6.53
46,6.53
754,0.00
67,6.44
717,0.00
618,6.37
850,6.31
276,6.36
649,6.28
512,6.38
486,6.45
805,6.46
720,12.73
370,6.48
991,0.00
724,6.78
420,6.74
291,6.68
435,6.72
655,0.00
560,0.00
600,6.68
1,6.65
458,6.60
263,6.69
306,6.59
63,6.52
553,0.00
415,6.60
846,0.00
389,6.63
585,0.00
634,6.79
233,6.61
975,12.82
243,6.70
173,6.67
628,0.00
489,0.00
834,6.73
252,6.89
582,12.93
673,6.77
55,6.79
517,6.67
794,0.00
23,6.61
86,6.61
861,0.00
468,6.56
954,12.81
236,6.65
64,6.57
705,0.00
522,12.73
722,6.66
150,6.67
561,6.53
935,6.64
591,6.56
949,6.57
918,0.00
615,6.52
99,6.52
636,12.86
295,12.81
4,6.45
854,0.00
698,6.40
309,6.47
660,0.00
130,6.28
479,12.42
717,6.26
233,6.32
373,6.22
198,6.42
722,6.16
379,0.00
882,6.04
435,6.24
887,0.00
857,6.17
482,6.07
885,6.23
874,6.27
37,6.31
457,0.00
846,6.23
898,0.00
653,6.38
103,6.39
354,6.33
537,0.00
498,6.28
874,6.29
214,6.30
19,6.23
648,0.00
129,6.19
292,6.07
984,0.00
792,12.75
384,6.07
803,0.00
988,13.07
344,6.39
71,6.40
869,6.30
797,6.38
901,0.00
80,6.50
431,6.56
220,6.60
772,0.00
796,0.00
888,0.00
432,6.73
652,6.73
483,13.24
346,6.67
218,6.55
476,6.50
824,6.59
768,6.66
173,6.67
32,6.53
96,6.64
116,6.56
662,0.00
669,13.33
706,13.42
704,6.85
344,6.73
574,6.78
97,0.00
945,13.54
424,6.66
455,6.76
48,6.83
80,6.73
538,0.00
574,6.59
275,6.66
796,0.00
651,13.15
834,6.69
836,6.62
133,6.63
996,13.15
510,6.66
399,6.67
218,6.70
831,0.00
698,0.00
52,6.94
757,0.00
873,0.00
207,6.83
560,0.00
310,6.82
223,6.63
149,0.00
92,6.69
360,6.57
92,6.58
802,6.44
339,6.55
944,12.66
510,6.39
31,6.58
261,6.49
231,6.42
956,6.30
294,6.39
384,0.00
40,6.37
810,0.00
319,6.30
218,6.37
787,0.00
324,6.45
839,0.00
276,6.40
904,12.42
751,6.19
305,6.11
569,0.00
2,6.10
360,0.00
24,5.95
532,5.83
445,0.00
526,5.72
259,5.74
991,5.64
68,5.80
596,12.56
743,5.79
33,5.94
146,5.77
854,0.00
148,5.78
731,5.84
576,0.00
777,5.91
435,0.00
111,5.93
756,0.00
14,5.97
101,5.89
589,5.80
119,5.86
415,0.00
299,5.76
684,0.00
798,12.63
632,12.57
195,5.90
337,5.94
630,0.00
3,5.75
67,5.83
754,5.86
709,0.00
443,6.01
972,0.00
924,5.96
905,6.04
264,6.04
352,6.04
547,0.00
835,6.14
107,6.04
404,6.07
481,6.07
158,6.17
283,5.96
399,0.00
828,12.69
221,6.06
785,0.00
741,5.89
62,5.90
537,0.00
939,19.25
462,6.01
77,6.00
195,6.13
877,6.12
762,6.21
267,6.27
919,6.27
790,0.00
683,0.00
9,6.54
669,12.95
167,6.52
892,13.04
653,6.56
929,6.57
24,0.00
209,6.57
121,6.56
943,0.00
102,6.53
351,6.64
280,6.59
880,0.00
994,6.73
281,6.77
483,6.70
878,12.99
471,6.62
897,0.00
866,6.96
683,13.06
552,6.86
657,6.99
489,6.76
61,6.77
640,0.00
864,6.79
147,6.91
40,6.83
408,6.81
743,0.00
963,12.48
8,6.79
730,6.64
993,0.00
641,6.81
25,6.64
946,6.64
808,6.72
78,6.57
322,0.00
278,6.57
436,6.73
589,0.00
128,6.68
873,6.65
235,6.76
135,6.61
574,0.00
948,12.54
20,6.82
192,6.70
390,6.63
382,6.60
175,6.71
299,6.52
987,0.00
766,0.00
961,6.58
356,6.46
998,6.47
824,6.50
383,6.53
939,6.53
93,6.56
160,6.56
930,0.00
880,0.00
337,6.57
454,6.41
152,0.00
795,0.00
823,6.60
407,0.00
940,6.38
369,6.33
605,0.00
264,6.21
486,0.00
698,6.22
153,6.15
958,12.55
50,6.07
991,0.00
447,0.00
119,6.05
92,0.00
186,6.13
314,5.93
357,5.78
908,0.00
371,5.88
825,12.67
227,5.86
267,0.00
216,5.88
699,0.00
735,5.64
665,5.72
930,12.67
731,5.80
932,12.68
405,5.89
802,12.61
448,5.93
39,0.00
782,0.00
771,5.94
918,0.00
495,6.17
384,6.34
997,13.02
36,6.25
527,0.00
835,6.24
313,6.25
779,6.18
212,6.40
682,12.77
258,6.25
480,6.33
874,6.25
148,6.24
375,12.71
445,6.17
184,5.96
916,0.00
448,0.00
11,6.05
256,6.05
642,0.00
815,5.94
87,6.01
101,5.91
828,5.92
9,5.96
786,0.00
697,12.46
640,12.41
932,5.88
39,5.92
146,5.92
11,6.01
974,12.43
881,6.04
933,5.75
848,5.73
858,5.85
996,0.00
599,5.78
32,5.92
298,5.92
648,0.00
703,11.97
699,5.96
63,5.97
449,5.85
583,5.96
557,5.84
702,5.89
66,5.93
154,5.94
575,0.00
448,5.90
825,5.84
947,11.86
191,6.01
519,0.00
465,0.00
753,5.85
365,5.73
714,5.81
472,0.00
79,5.67
383,5.53
595,0.00
492,0.00
805,11.77
571,0.00
877,11.68
673,11.75
304,5.34
940,5.48
306,5.40
829,5.50
355,5.57
781,0.00
445,11.72
359,11.68
701,5.66
701,0.00
437,11.96
758,0.00
511,5.75
562,5.68
224,5.72
22,5.73
438,0.00
173,5.75
623,5.67
416,5.78
1000,0.00
235,5.84
330,5.77
665,11.73
754,5.74
738,11.60
201,5.72
672,5.74
128,5.77
462,0.00
756,11.56
788,11.64
485,5.87
388,5.84
950,11.69
610,5.84
20,5.88
583,5.77
202,5.87
363,5.60
86,5.65
223,5.66
275,5.61
458,5.58
995,5.61
708,11.41
448,5.61
15,5.64
867,5.66
127,5.76
620,0.00
803,5.62
422,5.73
877,5.86
786,5.94
944,11.73
526,5.91
135,5.76
287,5.88
81,5.95
983,11.78
765,5.95
853,17.73
415,6.17
648,17.76
637,11.93
148,6.18
388,6.15
68,0.00
650,0.00
954,6.11
467,6.21
811,11.70
845,6.26
618,6.23
854,11.60
176,6.16
462,6.07
715,0.00
438,6.22
517,17.93
650,17.96
378,0.00
944,11.68
895,6.33
14,6.20
905,11.89
402,6.11
512,0.00
891,6.11
911,0.00
784,6.30
521,6.30
117,6.44
544,6.32
738,0.00
696,6.38
554,6.52
958,0.00
895,12.28
259,6.54
927,6.61
586,6.62
301,6.56
88,6.51
452,0.00
981,6.56
393,6.56
382,6.57
90,6.45
884,12.32
511,6.41
807,6.34
383,6.53
27,6.51
882,0.00
698,6.58
477,6.58
597,12.29
153,6.68
894,0.00
515,0.00
850,0.00
540,6.52
475,0.00
988,6.63
566,6.78
150,6.66
831,12.54
870,6.62
183,6.59
946,0.00
122,6.61
181,6.59
369,6.61
186,6.64
699,0.00
666,12.66
832,6.58
696,6.73
465,12.63
901,6.70
605,0.00
725,6.55
623,6.60
433,6.62
787,0.00
231,13.08
680,6.73
695,6.74
938,6.71
397,6.66
163,6.66
904,6.69
139,6.70
731,6.63
109,6.86
781,12.97
196,6.72
266,6.64
369,12.78
814,6.80
25,6.81
249,6.60
201,6.58
119,6.58
922,0.00
271,6.46
832,6.47
488,0.00
867,0.00
873,6.52
483,6.56
769,13.06
154,6.53
446,0.00
455,6.53
109,6.46
428,0.00
130,6.57
692,0.00
664,6.44
432,0.00
975,6.55
263,6.59
551,6.62
384,6.63
907,19.03
543,6.41
579,0.00
799,6.44
549,6.46
998,6.50
255,6.59
515,6.59
711,13.41
112,6.73
854,0.00
828,6.67
384,6.76
30,6.84
191,6.61
14,6.47
350,6.35
986,0.00
609,13.02
657,6.51
115,6.48
717,0.00
806,0.00
371,6.47
449,0.00
476,6.39
771,6.40
661,6.42
559,12.95
745,12.82
382,6.39
459,6.45
702,0.00
674,6.29
917,6.35
187,6.41
785,0.00
425,0.00
918,19.31
932,6.47
820,13.23
150,13.23
443,6.42
306,6.56
406,6.51
874,0.00
818,6.54
871,0.00
216,6.44
320,6.50
139,6.42
808,19.20
106,6.50
198,0.00
383,13.03
635,6.56
800,6.59
122,6.49
367,6.60
892,6.48
245,6.59
338,6.69
630,0.00
603,6.56
797,6.57
76,6.50
657,6.51
380,6.51
676,6.58
379,6.66
892,0.00
858,6.61
136,6.73
138,6.64
637,0.00
724,6.59
127,6.62
857,0.00
440,0.00
826,0.00
402,6.68
806,6.76
105,6.72
219,6.77
777,0.00
658,6.61
568,0.00
173,6.78
386,6.80
37,6.66
738,6.66
905,6.71
112,6.78
909,0.00
288,6.54
827,6.70
574,6.78
666,0.00
768,13.30
385,13.17
394,6.87
72,0.00
469,6.69
304,6.77
576,0.00
456,6.66
7,6.76
624,0.00
634,0.00
182,6.84
351,13.10
980,6.83
229,6.64
978,19.55
200,6.73
337,6.71
518,6.60
256,6.59
551,6.47
135,6.49
721,6.42
737,0.00
601,6.48
446,12.77
620,6.36
25,6.29
600,6.25
964,0.00
485,6.18
646,0.00
487,6.26
815,6.27
325,6.27
223,6.39
737,6.32
345,6.44
800,19.65
552,6.55
578,0.00
860,6.45
215,6.49
31,6.39
6,6.38
998,6.28
409,6.39
179,6.13
715,12.74
535,6.09
185,6.20
770,0.00
855,12.52
622,6.09
222,6.07
486,0.00
568,5.89
320,5.98
498,0.00
177,6.01
113,5.99
438,5.96
995,0.00
406,6.05
508,12.55
554,6.00
341,6.04
878,5.87
356,6.05
460,0.00
135,5.84
769,5.86
845,5.92
819,5.97
320,5.81
71,5.84
458,5.76
675,5.68
822,0.00
446,0.00
549,0.00
802,5.82
77,5.82
168,5.91
671,5.83
452,0.00
166,0.00
117,5.77
72,5.76
540,0.00
343,5.67
420,5.67
765,12.59
185,5.76
967,5.79
360,12.41
677,5.73
322,5.71
456,0.00
34,5.79
65,5.71
8,5.74
681,0.00
607,5.62
488,5.72
774,0.00
990,18.57
336,5.81
961,12.26
217,5.97
429,6.06
24,5.91
303,5.82
524,5.84
490,0.00
111,5.89
837,0.00
36,5.79
27,5.71
455,0.00
36,5.50
985,5.61
204,5.64
933,0.00
665,5.70
72,5.78
271,5.66
308,0.00
178,5.73
48,5.62
487,5.63
959,11.78
450,5.54
252,5.56
255,5.64
851,5.53
956,5.64
605,5.48
277,5.69
471,5.59
90,5.58
108,5.58
738,0.00
447,5.64
424,0.00
698,0.00
198,5.55
388,5.66
795,5.75
287,5.54
541,0.00
632,0.00
34,5.62
844,11.57
877,5.60
297,5.70
806,5.72
608,5.78
373,5.69
704,11.38
283,5.80
262,0.00
243,5.79
316,5.65
345,5.57
738,0.00
798,5.57
952,0.00
401,5.69
931,5.79
554,0.00
389,5.90
197,5.91
746,11.74
139,5.95
664,0.00
543,5.92
196,5.98
619,5.88
818,5.93
827,5.93
83,6.16
472,6.04
199,0.00
358,6.09
138,5.91
898,0.00
649,11.90
318,5.94
32,5.85
519,0.00
607,11.65
179,6.04
361,5.81
391,5.73
759,6.01
106,6.05
613,6.01
958,11.83
971,11.79
814,6.18
500,6.03
802,6.03
539,0.00
193,6.13
119,6.14
483,6.12
748,11.79
577,6.23
652,6.24
600,11.70
258,6.25
958,6.24
611,6.36
422,6.37
822,0.00
300,6.24
595,6.33
754,0.00
474,6.32
484,6.41
59,6.48
777,0.00
470,6.40
619,0.00
424,6.29
900,6.24
372,0.00
998,11.87
950,6.37
161,6.38
971,0.00
174,0.00
959,6.33
671,6.29
336,6.34
332,6.34
929,11.84
636,11.97
466,6.54
442,6.62
407,6.35
148,6.32
843,0.00
936,6.22
547,0.00
938,6.30
563,0.00
955,6.52
600,0.00
672,6.51
101,6.59
725,0.00
962,6.41
616,6.57
914,6.38
694,0.00
878,6.52
528,6.55
771,6.40
384,6.50
579,12.41
677,6.64
380,6.47
163,6.47
421,6.52
453,6.58
121,6.35
186,6.26
182,6.38
473,12.44
622,6.33
343,6.34
77,6.15
76,12.32
904,6.32
478,6.44
659,6.32
251,6.20
505,0.00
305,6.24
876,6.27
186,6.34
524,0.00
62,6.30
499,12.49
758,6.25
138,6.26
444,0.00
713,12.39
106,6.16
727,0.00
774,12.57
771,6.01
113,6.18
283,6.04
781,0.00
948,5.87
358,5.96
468,12.22
544,5.95
457,5.75
450,0.00
735,0.00
108,5.97
912,23.68
162,12.29
633,6.06
800,6.17
1,5.93
675,0.00
668,12.28
970,6.14
540,6.20
822,6.07
439,6.08
412,0.00
349,5.88
470,12.35
352,6.04
577,6.14
909,6.34
170,6.12
444,0.00
108,6.13
117,6.05
752,6.00
659,0.00
96,5.86
809,30.76
469,5.99
302,0.00
111,5.93
741,5.86
640,0.00
777,5.99
179,6.12
868,6.07
915,6.04
944,12.64
282,6.24
1,6.16
778,12.55
154,0.00
235,6.17
684,0.00
206,6.21
240,6.13
97,6.13
867,12.67
370,6.17
367,6.23
28,6.18
498,0.00
347,6.30
298,6.19
462,6.15
997,6.27
425,6.34
94,6.36
226,6.40
703,0.00
975,6.41
709,6.28
222,6.43
663,6.52
557,0.00
766,0.00
587,6.38
473,6.43
512,6.45
503,6.47
274,6.53
909,6.53
221,6.54
206,0.00
68,6.40
590,6.47
491,0.00
936,0.00
951,12.88
566,6.61
948,6.74
72,6.68
557,6.77
723,12.71
993,6.93
81,6.96
618,0.00
566,0.00
726,12.94
994,7.06
222,7.11
287,7.08
203,6.96
846,0.00
799,0.00
714,7.08
131,6.94
677,0.00
312,6.98
251,6.92
635,6.91
941,12.85
24,6.98
873,6.84
324,6.93
459,6.94
184,6.95
193,6.90
30,6.88
941,0.00
284,6.71
451,6.65
609,6.60
472,0.00
840,6.59
494,0.00
23,6.56
853,6.58
557,6.59
946,0.00
962,6.40
755,6.51
728,6.55
175,6.53
393,0.00
303,6.45
654,6.42
626,6.32
314,6.39
401,6.42
768,6.23
328,0.00
200,6.33
270,6.36
420,6.24
720,12.55
845,6.20
297,6.08
263,6.16
64,6.20
27,6.06
92,5.97
588,0.00
940,6.01
406,0.00
433,5.99
30,6.05
554,0.00
154,6.05
739,5.98
422,6.08
676,6.09
457,6.12
170,6.15
740,6.08
323,6.17
165,6.22
886,0.00
316,5.95
248,5.86
731,0.00
377,5.85
881,12.72
304,5.92
328,5.75
2,5.79
389,5.80
881,12.65
291,5.67
293,12.67
7,5.74
194,5.61
906,0.00
57,5.55
262,5.55
357,5.47
561,5.39
381,0.00
917,12.51
930,5.64
511,0.00
20,5.57
414,5.51
390,0.00
65,5.55
554,0.00
533,5.43
312,5.53
950,0.00
743,5.49
866,12.24
713,12.43
253,5.65
542,5.68
320,5.73
731,0.00
703,12.58
728,5.74
666,5.73
142,5.78
910,5.87
931,5.95
31,5.95
35,5.78
501,0.00
525,0.00
861,5.61
781,0.00
135,5.73
533,12.09
834,5.78
798,12.31
741,5.82
640,0.00
965,12.36
661,6.01
865,12.69
281,6.28
335,6.29
624,0.00
513,0.00
896,6.22
435,6.30
184,6.20
245,6.20
91,0.00
524,6.20
672,0.00
145,6.47
632,6.38
556,0.00
940,6.45
441,6.49
641,6.40
316,6.44
459,6.45
100,6.52
630,0.00
712,0.00
125,6.43
207,6.44
29,6.36
296,6.22
929,24.77
418,0.00
43,6.18
779,0.00
119,6.07
266,6.08
453,0.00
165,6.07
874,0.00
818,6.09
4,6.12
940,6.08
231,6.09
80,6.11
188,6.18
638,6.15
890,0.00
574,6.27
308,6.18
319,6.22
699,0.00
741,6.18
909,6.22
269,6.37
564,6.33
890,0.00
942,6.50
347,6.51
143,6.61
233,6.47
411,0.00
704,0.00
499,6.35
333,6.36
140,0.00
322,6.47
214,6.37
601,0.00
556,6.35
529,6.37
179,6.17
870,6.23
706,6.40
627,6.34
141,6.35
3,6.36
523,0.00
618,6.19
159,6.26
703,11.95
965,6.16
69,6.07
336,0.00
456,0.00
654,5.70
924,11.96
8,5.83
812,11.93
663,12.05
214,5.93
176,0.00
474,5.78
899,5.82
30,5.82
666,0.00
911,5.73
410,5.80
737,0.00
928,0.00
894,0.00
85,5.94
827,5.92
223,5.84
720,5.77
366,5.91
491,0.00
802,5.90
106,5.87
382,0.00
718,6.03
120,6.11
419,0.00
774,6.24
575,6.39
126,6.40
954,18.72
827,12.60
49,6.58
908,6.39
145,6.51
293,6.45
208,6.43
49,6.52
118,6.46
862,0.00
752,6.57
237,6.61
175,6.43
432,6.49
562,0.00
578,6.42
315,6.48
861,0.00
197,6.54
786,0.00
118,6.46
27,6.49
682,0.00
165,6.17
970,6.19
924,6.20
574,6.06
913,6.17
466,6.23
284,6.22
970,0.00
53,6.23
27,6.23
590,0.00
42,6.14
748,6.11
626,12.52
382,6.16
15,6.16
532,0.00
489,6.18
826,6.33
762,6.34
106,6.34
576,0.00
384,6.32
359,0.00
860,6.26
481,6.31
341,6.35
29,6.32
278,6.26
540,0.00
895,6.27
160,6.43
535,18.26
767,6.48
546,0.00
980,6.48
784,0.00
462,6.50
161,12.47
358,6.64
795,6.46
984,18.67
727,6.54
92,6.51
692,6.45
898,6.66
614,0.00
503,6.55
215,6.63
390,6.45
750,0.00
210,6.38
801,0.00
852,6.39
66,6.25
684,6.24
566,0.00
193,6.20
510,0.00
877,0.00
623,6.09
261,6.09
694,5.97
137,6.05
993,5.93
629,0.00
552,6.12
352,6.03
58,0.00
468,6.14
310,0.00
599,0.00
276,6.05
923,0.00
210,6.19
549,0.00
443,6.16
191,6.25
548,6.17
851,0.00
529,6.26
617,6.23
552,6.20
634,6.26
134,6.42
240,6.39
978,6.40
199,6.48
7,6.38
644,0.00
552,6.24
779,0.00
414,6.24
957,6.24
364,6.34
749,6.46
83,6.55
334,6.38
345,0.00
107,6.46
208,6.39
42,6.23
974,0.00
4,0.00
319,6.13
397,6.29
173,6.09
155,0.00
947,6.12
307,6.20
302,6.12
517,6.07
365,6.13
53,6.18
585,6.17
838,0.00
598,6.17
561,0.00
575,6.13
988,12.75
667,6.24
108,6.24
504,6.13
732,6.18
379,0.00
366,6.13
713,0.00
259,6.02
390,6.03
807,6.04
270,5.87
233,5.83
282,5.90
217,5.90
712,0.00
551,5.80
840,5.82
626,5.87
732,6.01
509,5.87
599,6.01
194,6.19
722,5.97
474,0.00
507,6.10
857,0.00
280,6.18
357,6.05
42,6.10
248,6.01
102,6.07
492,5.96
714,5.88
923,5.88
310,6.09
123,6.00
440,6.09
273,0.00
960,5.96
571,0.00
280,6.09
16,5.98
654,5.98
11,5.92
889,5.86
165,5.87
879,5.85
555,5.87
309,5.82
166,5.86
398,5.79
914,5.68
649,5.72
593,0.00
706,5.76
757,5.88
665,5.89
739,12.24
448,5.87
366,0.00
614,5.80
737,5.85
691,5.85
258,0.00
621,5.88
564,0.00
271,5.94
473,5.93
269,5.88
129,5.89
174,5.87
891,0.00
335,5.92
896,0.00
783,5.84
379,5.96
939,5.89
773,18.66
455,0.00
266,5.98
743,0.00
155,5.97
594,0.00
979,12.05
877,12.07
149,6.16
738,0.00
823,18.90
434,0.00
545,6.25
968,6.36
782,6.11
229,6.28
20,6.32
951,0.00
312,6.39
207,6.40
913,0.00
9,6.27
841,0.00
715,12.39
451,6.29
442,6.19
246,6.19
913,6.27
20,6.28
339,6.29
37,6.07
640,0.00
363,6.16
558,6.19
317,6.24
963,6.28
754,6.29
775,0.00
709,6.20
454,6.11
265,6.24
824,6.04
878,0.00
228,6.28
214,6.23
787,0.00
879,6.18
117,6.33
513,11.94
238,11.99
499,6.36
850,6.12
401,6.25
413,6.38
996,11.98
549,6.40
280,6.36
261,6.32
677,0.00
961,6.29
311,6.37
76,6.20
503,6.25
29,6.26
979,6.17
989,6.23
872,6.28
29,6.50
588,6.35
897,0.00
426,6.37
298,6.42
506,0.00
330,6.39
158,6.37
840,6.28
975,12.17
448,6.33
764,6.31
833,12.45
598,6.41
392,6.49
95,6.33
569,0.00
866,6.36
129,6.42
942,0.00
508,12.37
793,6.43
427,6.21
335,6.24
612,0.00
759,18.52
812,6.51
940,6.30
99,6.39
328,6.34
15,6.27
387,0.00
467,0.00
869,6.29
312,6.32
329,6.34
259,6.27
301,6.22
322,6.22
778,6.27
563,6.38
35,6.24
125,6.34
850,6.25
937,6.35
115,6.47
140,6.40
652,0.00
372,6.30
531,6.31
730,6.39
993,12.37
671,6.36
569,6.37
130,6.43
711,6.38
244,6.30
405,6.17
872,6.17
612,0.00
833,6.20
815,0.00
527,0.00
24,6.45
148,6.46
574,0.00
82,6.29
534,0.00
964,12.54
387,6.44
852,6.29
876,0.00
462,6.28
963,18.17
93,6.37
95,6.25
564,0.00
236,6.31
457,0.00
166,6.09
639,6.01
858,0.00
665,5.97
466,0.00
928,6.06
208,6.19
743,6.24
225,6.25
228,6.23
437,6.05
109,5.96
486,5.99
890,5.99
542,5.94
910,5.82
429,5.85
804,5.97
854,6.03
408,5.88
543,0.00
963,12.29
556,5.92
446,6.09
628,0.00
824,0.00
538,5.99
34,0.00
593,6.03
517,0.00
726,6.10
571,6.10
626,0.00
297,6.05
454,0.00
191,0.00
267,5.94
855,0.00
323,5.92
157,5.82
193,5.75
404,0.00
814,5.91
989,18.55
101,5.96
811,5.99
150,6.06
783,0.00
718,6.04
785,5.94
228,6.09
724,0.00
485,6.14
229,6.26
782,6.10
97,6.17
221,6.11
777,0.00
424,5.96
808,5.96
519,0.00
699,6.14
910,6.28
18,6.35
946,6.25
45,6.36
831,0.00
576,6.32
992,0.00
795,12.67
990,6.48
556,6.49
648,0.00
759,6.49
59,6.54
104,6.48
850,0.00
794,6.58
319,6.65
883,12.52
720,6.62
557,6.80
63,6.58
366,6.46
64,6.40
305,0.00
74,0.00
918,6.44
465,0.00
242,6.51
385,0.00
629,6.52
463,6.53
464,6.43
818,6.44
316,6.57
140,6.58
579,0.00
978,6.34
771,12.53
75,6.50
25,6.39
434,0.00
892,6.23
80,6.29
679,0.00
274,6.10
603,0.00
734,6.04
667,6.05
554,6.11
633,6.03
541,5.98
56,6.06
941,0.00
767,6.08
522,0.00
812,6.18
158,6.16
826,0.00
636,6.08
187,6.09
536,0.00
430,6.02
639,0.00
785,5.93
818,12.12
385,0.00
440,5.90
782,6.01
176,6.08
331,6.11
80,5.98
743,5.99
684,0.00
510,0.00
333,5.72
846,0.00
125,5.73
979,0.00
372,5.72
967,0.00
914,5.66
945,5.76
596,5.77
645,18.56
370,0.00
191,5.70
779,0.00
729,5.72
192,5.76
302,5.70
338,12.25
694,5.72
762,5.80
864,5.66
621,5.67
70,0.00
145,5.73
773,0.00
699,12.27
340,5.78
7,5.79
792,0.00
825,5.76
940,30.57
175,5.87
129,5.74
830,12.36
437,5.79
788,5.91
351,12.28
942,12.30
646,0.00
937,5.84
344,11.99
835,6.00
176,5.83
474,5.89
665,11.99
660,5.94
851,5.95
39,5.96
624,5.89
655,0.00
560,5.91
874,0.00
438,6.04
989,12.14
45,6.07
188,6.08
781,0.00
794,6.00
894,6.12
194,6.23
887,6.13
442,0.00
520,6.21
788,12.29
932,6.17
279,6.21
331,6.10
467,0.00
412,0.00
230,5.95
95,5.88
809,5.85
232,5.94
121,6.03
429,0.00
851,18.06
421,5.99
336,6.01
55,6.02
73,5.91
230,5.91
639,5.82
861,5.90
454,0.00
471,0.00
182,5.83
193,11.44
781,5.76
489,5.77
232,5.66
990,5.63
774,0.00
85,5.66
31,5.65
24,5.66
759,0.00
423,5.46
635,5.56
583,5.57
600,5.76
575,5.57
468,5.58
663,5.58
484,0.00
993,5.74
239,5.71
885,5.72
549,5.78
180,5.78
370,5.73
3,5.88
889,5.67
331,5.70
635,0.00
528,5.71
393,11.55
214,5.71
797,5.67
125,5.66
578,11.50
981,5.75
307,0.00
889,17.56
902,5.76
739,5.84
664,5.85
101,5.83
153,5.69
81,5.69
672,0.00
225,5.59
387,5.67
129,5.47
980,0.00
160,5.56
109,5.45
703,5.33
350,0.00
796,5.41
896,11.74
434,0.00
586,5.45
979,0.00
434,5.52
16,5.52
514,0.00
869,17.76
943,11.64
59,5.76
30,5.83
397,5.84
422,0.00
446,5.67
205,5.73
342,5.75
712,5.72
799,5.74
206,5.73
131,5.82
86,5.82
571,0.00
451,0.00
255,5.87
879,5.73
792,0.00
208,5.76
579,0.00
230,11.35
514,5.90
699,5.95
705,5.84
164,5.76
658,5.76
980,0.00
519,5.98
890,5.96
87,6.01
788,0.00
477,5.92
456,0.00
810,6.03
112,5.92
336,5.93
733,5.82
995,5.82
648,5.84
223,11.51
622,5.95
825,6.05
303,5.93
97,5.79
282,0.00
792,5.94
954,0.00
736,17.59
818,11.86
110,6.20
425,0.00
955,11.92
81,6.06
709,6.09
367,6.09
995,11.81
421,6.07
853,6.15
817,11.86
191,6.04
99,5.97
96,6.04
905,11.84
830,6.10
787,6.07
680,0.00
27,6.23
766,6.15
686,6.25
239,6.32
430,6.10
975,6.18
689,6.20
13,6.08
469,0.00
356,6.12
727,0.00
762,5.98
66,5.89
857,0.00
276,5.94
301,5.77
934,5.69
843,5.82
225,5.96
685,0.00
458,5.94
288,6.01
863,0.00
556,5.87
913,5.93
336,5.93
94,5.95
561,0.00
915,5.99
913,6.02
274,0.00
737,6.07
463,0.00
904,11.96
382,6.10
1,5.96
644,0.00
935,5.88
589,0.00
818,5.91
660,5.99
949,11.92
705,6.00
778,11.88
579,0.00
228,6.13
626,6.14
890,0.00
610,6.09
124,6.13
201,6.13
668,0.00
744,6.00
896,6.08
407,6.00
157,5.95
48,5.94
406,5.89
385,0.00
861,0.00
11,5.97
461,0.00
964,17.72
524,6.05
73,6.08
410,0.00
148,12.19
746,6.14
100,6.20
294,5.99
513,12.04
710,5.99
593,0.00
717,12.02
358,6.03
758,5.96
646,0.00
625,6.02
478,5.98
966,0.00
642,6.04
137,6.10
670,12.28
561,6.18
127,6.19
21,6.05
982,6.09
212,6.11
29,6.22
113,6.08
833,0.00
568,11.98
814,6.22
740,6.37
163,6.17
880,6.31
982,6.27
537,0.00
951,6.16
436,6.12
849,0.00
823,6.34
540,0.00
213,6.27
690,0.00
302,12.35
831,6.39
527,6.40
604,6.49
918,12.42
777,12.36
754,6.53
208,6.30
137,6.43
293,6.37
229,6.36
780,0.00
823,6.30
906,6.40
663,6.45
928,12.45
593,6.42
231,6.38
500,0.00
260,6.39
455,0.00
215,6.21
374,6.24
307,0.00
769,6.31
84,6.32
171,6.18
836,6.19
668,6.29
298,6.24
873,6.16
152,6.36
327,6.22
353,0.00
29,6.32
33,6.25
739,0.00
845,12.29
340,6.03
77,0.00
571,0.00
947,0.00
240,6.16
865,12.24
449,6.27
864,6.40
166,6.50
827,0.00
818,6.34
841,6.54
321,6.48
28,6.46
135,6.39
492,0.00
314,6.21
491,0.00
480,6.22
785,0.00
170,6.40
439,12.42
194,6.42
593,6.26
627,6.31
948,12.27
298,6.19
425,6.12
960,0.00
848,6.19
633,12.36
842,6.30
863,6.40
619,6.33
12,6.33
432,6.36
619,0.00
502,6.29
630,12.56
587,6.33
873,0.00
196,6.31
426,6.31
190,6.32
209,6.21
835,0.00
110,6.20
216,6.19
182,12.53
784,6.23
817,6.12
960,18.44
298,6.24
592,0.00
591,12.63
453,6.25
25,6.24
714,0.00
814,0.00
942,12.43
590,6.13
545,6.21
480,0.00
224,6.15
204,6.31
65,6.21
354,6.30
46,6.25
856,0.00
71,6.22
537,12.32
357,6.17
696,6.18
583,0.00
376,6.01
516,6.04
763,6.19
58,6.18
317,6.09
776,5.98
383,6.03
135,5.92
192,12.18
928,18.10
760,5.82
289,5.81
510,5.62
709,5.71
497,0.00
941,0.00
429,5.69
396,5.69
11,5.80
199,5.70
936,5.69
844,5.89
125,5.71
675,0.00
187,5.65
314,5.71
956,5.72
406,5.81
673,5.83
102,5.88
292,0.00
552,0.00
621,0.00
136,5.62
524,5.52
328,5.58
697,5.45
720,5.49
638,0.00
935,5.40
264,5.41
972,11.64
676,5.51
907,5.59
490,5.44
678,0.00
685,5.59
184,5.66
184,5.63
501,0.00
85,5.62
797,5.66
28,5.67
831,5.51
424,0.00
462,0.00
106,5.40
291,5.42
996,17.92
245,5.40
61,5.34
986,11.62
25,5.35
737,11.61
481,5.30
879,5.45
24,5.50
79,5.34
240,0.00
492,0.00
478,5.43
326,5.43
183,5.60
606,0.00
760,5.50
107,5.64
704,11.61
851,5.72
338,5.75
679,5.85
315,5.88
390,0.00
879,5.91
362,5.75
605,5.88
544,0.00
838,11.92
838,6.00
512,6.11
315,5.97
132,5.91
573,0.00
332,5.86
187,5.81
397,0.00
62,5.67
102,5.77
5,5.66
278,5.65
662,5.70
205,5.71
783,0.00
982,5.59
746,5.67
891,5.87
734,5.88
954,0.00
107,6.00
862,5.94
285,11.65
813,6.05
113,6.06
203,6.00
417,0.00
929,5.87
543,0.00
648,5.98
662,11.54
160,6.04
623,11.38
283,5.98
729,6.11
627,6.11
571,6.17
321,5.94
448,5.93
382,0.00
581,5.83
291,5.88
845,5.70
73,5.76
606,0.00
938,0.00
701,5.84
828,11.49
863,5.97
83,0.00
51,5.88
969,0.00
190,6.10
998,6.06
13,6.06
92,5.96
402,0.00
28,5.95
220,6.03
189,11.32
194,5.97
648,5.83
256,0.00
379,5.81
287,5.86
210,5.69
813,0.00
740,5.59
16,5.75
863,0.00
748,11.50
341,5.63
468,0.00
908,5.56
372,0.00
471,5.49
760,0.00
192,5.50
730,5.50
719,11.55
770,23.71
457,5.69
814,5.58
184,5.67
437,0.00
445,5.76
752,5.80
43,5.69
550,0.00
570,5.69
200,5.93
318,5.88
839,5.93
496,0.00
990,0.00
751,5.76
663,0.00
759,5.67
721,0.00
141,5.69
856,0.00
443,5.81
186,5.88
215,5.77
421,0.00
335,5.60
676,0.00
582,5.68
406,0.00
823,5.74
777,5.55
105,5.67
652,0.00
562,5.66
496,0.00
611,11.61
829,5.70
130,5.64
706,0.00
649,5.66
254,0.00
580,5.56
872,11.49
522,5.73
85,5.59
175,5.56
595,0.00
772,11.43
474,5.46
282,5.52
662,5.61
434,5.58
868,0.00
797,0.00
64,5.75
883,5.69
511,11.62
810,5.79
322,5.79
217,5.73
38,5.80
427,5.80
595,0.00
292,5.83
296,5.76
814,0.00
72,5.76
81,5.74
470,0.00
324,11.35
568,5.85
369,5.65
653,0.00
682,5.72
116,5.73
533,0.00
314,5.71
715,0.00
110,5.75
106,5.67
737,22.94
730,5.66
319,11.14
280,11.17
211,5.63
634,0.00
405,5.46
836,5.57
109,5.70
308,5.76
196,5.52
47,5.53
853,5.47
564,5.62
884,0.00
718,5.66
867,11.32
845,11.35
518,5.60
556,5.68
544,0.00
857,5.66
173,5.59
156,5.55
424,5.55
649,0.00
408,5.55
895,5.67
777,5.73
526,0.00
461,0.00
41,5.68
18,5.69
621,5.66
83,5.67
610,0.00
577,11.29
754,5.75
714,5.75
9,5.76
294,0.00
542,0.00
578,5.75
279,5.70
312,5.70
801,0.00
647,5.88
123,5.96
646,11.39
225,5.90
328,0.00
914,5.94
93,6.08
437,0.00
516,0.00
424,5.92
726,0.00
924,5.95
172,6.04
881,0.00
756,6.26
848,0.00
731,0.00
776,6.17
835,6.30
833,6.16
487,6.30
594,0.00
790,6.32
739,6.45
578,6.48
699,0.00
950,6.58
785,6.65
390,0.00
935,17.94
625,6.85
405,6.63
327,6.68
861,0.00
806,6.74
10,6.91
571,6.94
451,6.95
843,0.00
686,12.37
392,6.96
900,0.00
144,6.87
665,6.87
274,6.97
658,7.02
605,7.05
51,6.89
923,0.00
311,6.80
782,12.61
676,6.83
413,6.84
35,6.95
909,6.85
999,0.00
827,7.02
431,0.00
446,6.95
293,7.04
389,0.00
442,6.88
729,6.86
354,6.92
170,6.94
488,6.83
205,6.83
134,6.90
712,6.89
347,0.00
788,0.00
947,24.02
643,6.88
244,6.81
634,0.00
615,0.00
431,6.87
538,0.00
824,0.00
457,6.76
294,6.93
79,6.73
46,6.78
582,0.00
681,6.58
532,6.54
749,6.61
522,6.60
678,6.42
410,6.38
294,6.44
600,6.45
606,6.45
582,6.45
438,6.46
64,6.51
969,6.40
550,6.52
782,0.00
823,6.40
429,0.00
668,6.31
238,6.44
979,6.42
30,6.44
471,6.22
354,6.35
46,6.37
742,6.23
607,6.25
700,6.33
575,6.46
793,6.40
9,6.53
704,0.00
496,6.23
841,6.32
821,13.25
969,6.45
52,6.32
865,6.36
316,6.27
386,6.35
866,6.36
992,6.46
35,6.57
526,0.00
583,6.50
130,6.43
538,0.00
701,6.56
153,6.32
636,6.35
323,6.42
995,6.38
759,13.34
297,6.49
886,6.40
299,6.47
843,6.38
774,0.00
444,6.46
301,6.50
955,6.54
206,6.65
84,6.65
355,6.69
913,0.00
780,6.63
806,13.47
983,6.71
133,6.72
428,6.59
574,6.45
362,6.53
332,6.54
992,6.55
317,6.57
617,6.51
1,6.58
224,6.55
607,0.00
813,6.48
299,6.48
601,0.00
954,6.64
666,6.57
528,6.71
729,0.00
227,6.74
355,6.61
753,6.62
515,6.40
127,6.40
910,12.61
221,6.46
197,6.32
388,6.28
995,0.00
716,0.00
391,6.19
919,6.35
160,6.26
4,6.21
447,6.00
836,0.00
763,12.39
274,6.02
637,0.00
875,12.51
914,19.45
628,12.48
347,0.00
723,0.00
887,5.97
872,12.50
717,5.93
35,0.00
868,0.00
606,6.07
711,0.00
147,6.15
533,6.15
596,6.15
545,0.00
710,5.96
585,0.00
642,0.00
851,12.37
732,6.01
105,5.84
461,0.00
264,5.86
832,5.81
276,5.87
168,5.83
409,5.93
919,5.89
840,0.00
926,5.94
962,0.00
869,0.00
130,5.93
347,12.60
879,6.01
240,6.18
398,0.00
277,6.05
938,12.48
735,6.11
54,6.04
359,6.05
697,5.98
363,6.11
416,6.17
281,6.17
796,0.00
188,6.04
781,5.97
244,5.97
354,6.02
399,0.00
613,5.78
111,5.88
934,5.92
977,5.95
136,6.01
200,5.95
177,6.03
854,6.03
85,6.10
856,0.00
516,5.99
655,6.02
973,0.00
722,0.00
524,6.19
899,0.00
407,6.24
160,6.22
72,6.30
677,6.15
965,18.49
939,0.00
730,12.09
494,6.10
812,12.27
712,6.08
886,6.05
557,6.07
508,6.18
301,6.19
316,6.16
755,6.06
542,0.00
507,6.09
842,6.14
603,6.16
98,6.16
474,6.00
592,6.06
383,0.00
546,6.25
156,6.32
164,0.00
809,6.19
548,12.28
794,6.32
342,6.33
60,6.31
962,0.00
199,6.22
339,6.30
721,0.00
86,6.17
242,6.18
168,6.10
395,5.98
79,5.97
604,0.00
536,11.83
985,5.90
227,5.88
96,5.86
128,5.85
195,5.76
707,0.00
560,0.00
994,5.68
773,0.00
773,5.70
842,5.75
517,0.00
800,5.86
838,0.00
958,5.91
243,5.79
37,5.79
26,5.89
911,0.00
655,0.00
857,5.89
450,0.00
639,11.93
172,5.89
204,5.90
313,5.88
683,0.00
417,11.95
330,5.93
196,5.86
466,0.00
898,5.64
135,5.65
543,0.00
834,5.61
172,5.54
387,5.73
59,5.72
279,5.71
559,11.90
773,11.87
572,5.79
482,5.93
930,0.00
690,11.81
914,24.53
223,5.59
551,5.62
171,5.57
553,0.00
659,11.75
47,5.56
599,5.48
627,0.00
683,5.62
356,5.40
23,5.52
685,5.51
631,5.52
221,5.55
88,5.56
81,5.42
891,0.00
639,5.32
863,0.00
478,0.00
328,5.33
536,5.35
784,0.00
889,5.30
10,5.35
32,5.39
392,5.36
402,5.36
813,5.31
320,5.50
814,5.50
927,5.52
86,5.58
834,11.35
610,0.00
466,5.57
189,5.72
411,0.00
647,5.66
979,5.70
55,5.65
222,5.59
880,0.00
660,5.53
517,0.00
187,5.49
941,5.57
226,5.47
290,5.52
742,0.00
666,5.71
687,0.00
796,11.54
46,5.64
207,5.63
252,5.59
931,0.00
947,5.69
320,5.60
312,5.62
148,5.55
253,5.72
522,5.74
517,0.00
346,5.65
661,5.69
259,5.54
215,5.47
385,0.00
336,5.65
395,0.00
385,5.63
48,5.65
745,0.00
782,5.65
47,5.65
542,11.39
624,5.73
539,17.62
237,5.90
263,5.90
236,5.87
975,11.32
787,6.00
169,6.01
94,5.90
845,5.93
113,5.99
519,0.00
776,0.00
267,5.86
137,5.93
605,11.56
133,6.04
233,0.00
434,0.00
758,6.04
684,0.00
575,6.01
715,0.00
915,6.22
381,0.00
408,0.00
981,6.19
661,6.25
639,6.36
586,6.27
834,6.34
232,6.33
740,6.39
330,6.46
325,6.48
193,6.50
421,6.26
766,0.00
256,6.40
915,37.24
307,6.37
31,6.13
587,0.00
871,17.70
981,23.76
939,6.25
137,6.05
963,6.16
814,6.17
11,6.07
302,6.14
892,11.58
351,6.00
604,0.00
622,5.88
582,6.02
636,6.13
139,6.22
473,0.00
37,6.08
535,6.06
808,6.07
35,5.92
14,6.02
824,0.00
549,0.00
757,5.93
801,6.08
342,5.90
831,0.00
423,5.87
967,6.04
601,0.00
254,6.01
992,0.00
766,5.98
26,5.98
818,0.00
354,5.89
620,0.00
734,5.87
527,11.71
201,5.92
32,5.77
67,0.00
156,5.82
408,0.00
716,0.00
40,5.68
556,5.60
714,5.60
482,5.64
265,5.59
103,5.60
116,5.58
393,5.46
216,0.00
94,5.48
306,5.36
339,5.42
788,5.42
307,5.49
939,5.43
692,5.49
157,5.51
548,5.34
435,0.00
529,5.31
415,5.38
633,5.37
278,5.47
27,5.49
306,5.29
221,5.27
107,0.00
435,17.13
381,11.65
6,5.33
179,5.15
619,0.00
825,5.42
453,0.00
588,5.35
881,17.37
920,5.45
125,11.54
490,11.65
436,5.56
298,5.62
613,11.65
606,5.56
245,5.67
232,5.48
453,0.00
867,11.69
912,5.53
707,5.67
390,5.69
931,11.78
899,0.00
689,0.00
669,5.63
325,5.82
715,5.78
776,11.92
163,5.85
56,5.84
696,5.77
175,5.82
889,5.74
277,5.74
998,5.74
20,5.83
333,5.82
410,5.64
690,0.00
695,5.67
891,5.70
624,5.63
431,11.64
388,5.71
484,5.64
697,5.74
386,0.00
165,5.81
415,5.76
931,0.00
222,5.86
216,5.97
442,0.00
990,0.00
596,5.94
36,5.84
892,5.87
229,6.04
678,0.00
809,6.02
25,6.12
782,0.00
366,0.00
360,5.94
572,0.00
816,5.85
440,0.00
32,5.97
824,5.92
646,0.00
398,5.85
159,5.93
45,5.83
60,5.82
605,5.80
130,5.85
548,5.84
20,5.90
135,5.90
947,5.91
816,11.33
247,6.02
219,0.00
848,5.90
379,6.03
42,5.81
967,0.00
780,0.00
404,5.64
18,5.77
686,5.73
249,0.00
17,5.82
744,0.00
932,5.92
981,11.54
495,6.09
139,6.10
845,0.00
620,11.62
134,5.93
523,5.90
24,5.79
850,0.00
891,0.00
318,5.70
732,5.70
858,11.63
788,0.00
755,5.85
294,5.92
478,0.00
456,0.00
495,11.70
279,5.96
736,0.00
153,5.89
520,11.46
414,5.85
579,5.95
126,5.76
671,0.00
651,5.84
280,5.93
144,5.87
769,5.87
952,6.01
342,5.86
4,5.85
572,5.89
871,5.89
515,0.00
992,5.84
833,5.98
164,6.02
740,0.00
475,5.93
66,5.97
672,0.00
74,5.80
653,5.75
444,0.00
802,5.78
205,5.86
140,5.83
854,0.00
248,0.00
145,5.91
981,5.77
132,5.78
252,0.00
121,0.00
354,5.74
469,0.00
332,5.81
734,0.00
897,0.00
354,5.91
946,5.90
156,6.06
65,5.95
255,5.95
618,0.00
316,5.96
725,5.82
570,0.00
572,5.94
462,0.00
681,5.90
951,5.82
512,0.00
343,5.83
121,5.74
239,5.59
366,0.00
84,5.71
200,5.66
306,5.59
433,0.00
863,11.57
707,11.61
810,5.81
893,5.68
160,5.60
993,11.46
358,11.57
648,5.79
399,5.92
909,11.55
256,5.84
134,5.66
226,5.69
254,5.78
811,0.00
803,5.78
280,5.85
851,0.00
810,11.76
784,5.93
54,6.07
9,5.98
525,0.00
70,5.93
905,5.92
489,0.00
585,0.00
987,0.00
147,6.00
921,0.00
791,5.94
108,5.95
189,5.99
83,5.95
799,5.95
806,11.62
536,0.00
726,5.83
63,5.84
461,5.68
368,0.00
381,5.67
158,5.67
824,0.00
257,5.75
346,5.77
305,5.66
168,5.60
393,5.60
627,0.00
759,0.00
489,5.62
790,5.65
926,11.41
881,5.66
614,5.77
359,5.90
848,0.00
717,5.93
640,0.00
247,5.88
282,5.72
962,17.61
49,5.96
717,5.74
962,5.81
338,5.74
736,5.69
17,5.72
737,0.00
773,11.56
113,5.82
667,5.76
656,11.44
889,5.84
61,5.86
194,5.79
698,5.92
634,0.00
532,6.07
270,6.12
686,0.00
404,11.93
834,6.12
790,6.23
571,6.10
604,6.03
735,0.00
58,6.13
549,0.00
972,0.00
364,6.20
838,0.00
458,6.21
591,6.11
245,6.21
192,6.13
341,6.19
274,6.05
660,0.00
459,5.92
88,5.97
512,0.00
463,5.82
75,5.89
234,5.97
126,5.74
168,5.78
55,5.65
285,0.00
100,5.66
124,5.51
615,5.50
250,0.00
462,11.64
386,5.64
47,5.65
336,5.52
59,5.48
536,0.00
941,5.48
301,5.47
98,5.58
245,5.61
328,5.66
309,5.61
110,5.59
501,0.00
850,0.00
716,5.75
944,5.80
234,5.87
997,11.45
787,5.83
336,5.85
401,0.00
648,5.75
661,5.67
651,0.00
714,5.67
863,5.72
237,5.79
938,11.51
947,11.62
435,0.00
51,5.88
455,0.00
702,11.72
872,11.77
388,5.78
560,11.88
172,5.96
247,0.00
825,5.93
421,0.00
414,0.00
422,0.00
945,5.87
238,5.74
300,0.00
213,5.68
270,5.60
479,0.00
285,5.45
933,0.00
234,5.48
571,11.59
531,5.54
239,5.64
499,5.53
998,5.55
900,5.49
14,5.39
272,5.49
698,5.33
650,5.26
989,5.32
959,0.00
542,5.29
462,5.38
793,0.00
255,5.39
927,11.40
560,5.50
528,5.71
238,5.62
444,0.00
128,5.62
352,5.70
611,5.67
322,5.67
17,5.78
626,5.78
453,0.00
744,5.88
79,5.79
964,0.00
694,5.99
379,0.00
783,5.98
799,0.00
394,0.00
184,6.06
780,0.00
636,6.08
228,6.22
24,6.20
792,6.00
838,6.01
668,6.07
463,5.99
764,0.00
418,11.91
10,6.08
806,0.00
569,6.06
634,6.07
921,0.00
648,6.16
585,0.00
719,6.13
706,0.00
148,6.25
984,0.00
369,6.22
813,12.21
498,6.21
621,0.00
639,12.18
624,6.29
474,0.00
605,6.18
765,6.22
44,6.32
835,6.25
296,6.33
346,6.20
876,6.29
674,6.29
468,6.37
648,12.06
353,6.33
180,6.40
950,0.00
324,6.38
327,6.40
53,6.36
598,0.00
764,0.00
531,6.37
911,6.37
140,6.38
695,6.38
784,6.51
839,0.00
734,11.93
381,6.56
905,6.74
513,0.00
541,0.00
995,6.61
80,6.68
930,0.00
735,6.68
759,0.00
992,0.00
414,0.00
800,6.60
123,6.49
703,6.58
365,6.70
868,6.58
210,12.48
740,12.48
363,6.78
257,6.58
483,0.00
644,12.49
16,6.49
804,6.48
189,6.40
157,0.00
473,0.00
599,6.37
86,6.41
473,0.00
613,6.48
349,6.54
569,0.00
450,6.37
157,6.32
288,0.00
154,6.22
885,6.27
330,6.37
597,0.00
464,6.08
546,0.00
549,0.00
995,6.18
32,6.22
242,6.12
539,0.00
863,6.12
111,6.12
370,0.00
436,6.00
399,6.08
909,6.06
542,0.00
963,12.42
607,6.16
958,12.49
189,6.37
354,6.26
608,0.00
855,0.00
640,6.27
586,6.28
622,6.43
187,6.35
547,12.67
705,6.42
374,6.42
496,6.25
58,6.47
618,0.00
607,0.00
427,6.42
846,6.47
503,6.27
759,0.00
647,0.00
40,6.41
491,0.00
357,6.19
712,0.00
617,6.23
407,6.18
324,0.00
138,6.22
273,6.28
854,6.08
972,6.22
163,6.09
143,6.16
361,6.18
984,12.74
350,6.17
200,6.07
825,6.14
414,0.00
97,6.23
401,6.16
783,0.00
901,6.14
211,6.25
289,6.17
227,6.17
890,0.00
92,6.29
914,12.84
430,6.33
162,6.38
551,6.25
174,0.00
904,12.64
170,6.29
606,6.25
984,0.00
91,6.46
449,0.00
602,0.00
846,6.36
209,6.42
623,6.42
241,6.58
135,6.54
527,6.44
327,6.53
222,6.58
495,0.00
346,6.36
740,6.22
789,0.00
561,6.36
470,6.38
697,6.41
980,6.55
196,6.55
863,6.41
707,12.63
515,12.60
471,6.50
820,0.00
14,6.40
909,0.00
719,12.66
325,6.35
90,6.35
283,6.20
618,6.21
23,6.31
485,0.00
955,6.16
118,6.07
304,6.03
274,6.13
574,0.00
368,6.11
745,6.14
157,6.21
131,6.12
380,6.02
849,6.03
958,12.24
218,6.19
216,6.02
306,6.13
781,5.87
674,5.90
645,5.93
120,5.94
216,5.90
72,5.83
870,0.00
922,12.09
952,12.12
352,5.89
743,5.84
262,5.83
416,5.77
668,0.00
327,5.70
77,5.70
349,5.72
897,0.00
777,11.83
286,5.60
617,0.00
851,11.95
331,5.49
42,5.60
866,0.00
428,5.54
88,5.37
285,5.37
211,5.39
900,0.00
686,5.45
105,5.32
947,5.30
230,5.29
919,0.00
966,5.37
181,5.40
861,0.00
438,0.00
990,23.98
116,5.10
734,0.00
803,5.13
564,5.16
555,5.25
985,5.14
410,0.00
870,11.49
525,5.44
878,5.22
530,0.00
821,5.30
455,0.00
911,5.46
37,5.52
290,5.43
630,0.00
950,11.53
478,5.58
74,5.59
430,0.00
562,5.60
998,5.50
942,5.56
37,5.65
114,5.56
937,0.00
473,5.62
450,0.00
632,0.00
985,11.70
544,5.68
660,5.68
664,5.69
761,5.64
86,5.60
429,0.00
62,5.73
102,5.68
655,0.00
10,5.67
533,0.00
675,5.53
356,5.54
813,5.51
642,5.61
92,5.43
620,5.57
538,0.00
633,5.66
331,5.61
532,5.68
435,5.74
456,5.83
471,5.83
510,5.84
444,0.00
494,5.64
380,0.00
168,5.68
312,5.62
675,5.55
649,5.55
447,5.65
683,5.57
556,0.00
129,5.53
654,10.93
868,5.65
456,5.66
35,5.63
419,0.00
662,5.61
503,0.00
154,5.74
530,0.00
885,5.70
654,5.70
288,5.78
840,5.78
440,5.77
246,10.99
837,6.00
3,5.84
953,5.80
248,5.80
265,5.72
285,5.59
85,0.00
712,5.64
409,5.70
800,0.00
208,5.63
890,0.00
83,5.62
61,5.55
238,5.55
367,5.55
448,0.00
311,5.51
173,5.37
822,0.00
376,0.00
640,5.38
414,5.34
497,5.53
849,0.00
456,5.36
117,5.44
282,5.53
414,0.00
452,5.52
805,0.00
504,5.43
254,5.58
874,0.00
426,5.58
632,5.59
32,5.56
556,0.00
767,11.37
375,5.66
438,0.00
120,5.49
540,0.00
86,5.50
918,0.00
997,5.56
131,5.57
913,23.20
21,5.70
601,5.59
429,0.00
281,5.56
271,5.66
606,0.00
12,5.53
964,0.00
872,5.57
742,16.88
945,11.36
119,5.67
77,5.71
415,0.00
389,0.00
585,5.71
791,5.71
494,5.78
373,0.00
488,5.80
642,5.85
428,5.90
208,5.84
301,5.81
354,0.00
42,5.71
938,16.86
459,5.70
409,0.00
134,5.60
820,0.00
226,5.61
891,0.00
67,5.58
536,5.70
768,0.00
187,5.52
894,0.00
233,11.20
870,5.62
57,5.73
687,5.49
27,5.52
26,5.46
695,0.00
225,5.39
722,0.00
282,5.37
106,5.53
464,5.47
728,5.50
679,0.00
563,5.53
331,5.53
631,0.00
946,5.29
477,5.38
420,0.00
67,5.25
124,5.24
661,5.17
408,5.08
436,0.00
78,5.07
478,5.06
443,5.07
519,5.08
808,10.50
143,5.12
1000,0.00
242,10.61
993,5.01
276,5.12
852,5.18
131,5.04
411,0.00
292,4.95
823,4.95
627,4.97
6,5.07
887,10.61
30,5.04
651,5.13
239,5.00
925,28.20
311,4.98
248,4.88
412,0.00
889,0.00
801,4.89
60,4.89
304,4.89
286,4.86
951,0.00
409,4.89
754,0.00
160,4.94
341,4.98
104,5.00
539,0.00
391,4.99
575,5.04
29,4.97
751,0.00
686,4.94
942,4.93
210,4.99
136,5.04
745,4.91
243,0.00
849,5.08
311,0.00
966,10.55
725,0.00
773,4.96
174,5.00
348,4.93
74,0.00
188,5.07
667,4.96
726,4.94
906,10.34
438,4.81
924,4.96
434,0.00
339,10.49
478,5.01
989,10.39
171,5.04
592,4.94
70,5.00
362,4.83
382,0.00
976,4.98
61,5.08
274,0.00
578,5.13
472,0.00
998,0.00
444,5.38
787,0.00
571,5.30
337,0.00
606,5.45
494,0.00
913,10.47
724,10.58
799,10.54
78,5.52
644,5.57
279,5.60
932,10.26
841,0.00
353,5.25
89,5.31
738,0.00
894,0.00
814,5.34
945,0.00
680,5.43
122,5.35
384,5.39
385,5.34
139,5.46
450,0.00
892,0.00
257,5.42
289,5.40
256,5.32
263,5.23
515,0.00
483,5.22
769,5.23
606,0.00
593,0.00
868,5.38
471,0.00
846,5.48
951,10.39
66,5.57
993,5.43
497,0.00
457,5.54
978,10.50
57,5.57
493,0.00
414,0.00
392,5.61
854,0.00
530,5.62
596,5.71
794,0.00
528,10.71
906,5.78
754,5.96
507,0.00
72,6.04
584,0.00
816,11.13
580,6.10
927,6.12
930,0.00
159,6.30
337,0.00
367,6.31
722,11.30
883,11.19
755,6.33
579,6.44
85,6.30
311,6.18
302,6.12
15,6.26
56,6.28
63,6.11
94,6.07
324,6.05
476,5.93
568,5.96
827,0.00
230,5.98
267,5.93
535,0.00
197,5.81
958,5.78
930,11.31
847,6.02
616,11.55
537,0.00
488,6.27
669,11.66
819,6.48
212,6.23
170,6.16
720,0.00
632,6.32
13,6.35
808,0.00
660,11.70
794,6.36
963,16.57
896,11.78
41,6.44
25,6.52
199,6.38
871,0.00
569,6.49
749,0.00
508,6.45
322,6.56
936,0.00
471,6.64
782,11.94
100,6.81
459,0.00
569,6.51
774,6.51
733,6.53
799,0.00
256,6.58
244,12.04
304,6.53
969,0.00
122,6.44
698,0.00
231,6.30
360,6.33
517,0.00
515,6.16
100,6.26
631,0.00
492,6.29
369,6.17
618,0.00
226,5.97
853,0.00
266,6.00
102,12.05
997,5.93
22,5.94
694,0.00
157,5.63
665,5.71
436,0.00
36,5.91
182,12.27
769,5.84
604,5.96
501,12.21
117,5.73
730,0.00
641,11.95
107,5.78
138,5.86
739,0.00
85,5.91
981,0.00
935,5.99
19,6.07
446,6.03
375,0.00
869,6.06
569,0.00
265,6.15
149,6.05
535,0.00
837,12.05
289,5.90
454,0.00
155,5.79
500,0.00
884,5.72
96,5.83
1000,0.00
737,5.61
78,5.58
354,5.66
492,0.00
671,12.06
434,5.61
318,5.49
856,0.00
908,5.53
71,5.68
290,5.58
36,5.62
825,0.00
475,0.00
437,5.46
175,5.48
23,5.45
525,5.29
234,0.00
845,5.34
823,5.34
402,5.51
536,0.00
111,5.30
39,5.33
807,0.00
654,5.36
496,5.51
768,11.82
243,5.61
552,5.47
556,0.00
650,5.57
31,5.66
305,5.55
64,0.00
613,5.46
495,0.00
822,5.55
151,5.59
30,5.41
27,5.39
427,0.00
356,5.42
430,0.00
190,5.41
377,0.00
786,5.25
685,5.34
511,0.00
970,5.33
175,5.32
966,0.00
399,5.21
349,5.39
916,5.30
615,0.00
325,5.30
707,5.24
876,5.27
956,11.44
396,5.43
580,0.00
532,5.46
238,5.53
152,5.45
332,5.45
936,0.00
980,5.48
206,11.35
742,5.65
416,0.00
381,11.21
886,11.20
340,5.75
807,0.00
91,5.62
465,0.00
18,5.64
738,17.72
824,5.67
981,11.05
314,5.63
203,5.68
539,5.53
151,5.66
173,5.63
129,5.64
503,0.00
183,5.56
500,5.57
843,5.58
775,0.00
722,5.74
41,5.84
313,5.68
986,0.00
699,11.05
369,0.00
566,5.76
841,0.00
481,0.00
473,5.76
930,5.75
576,0.00
61,5.78
700,5.79
370,5.79
449,0.00
398,5.68
173,5.82
677,0.00
598,5.87
826,5.88
83,5.95
343,11.28
719,5.82
702,11.34
847,11.28
754,0.00
540,5.98
24,5.94
804,6.03
509,6.15
836,6.20
323,6.22
424,6.16
764,6.16
788,11.63
925,6.27
153,6.41
411,6.29
661,11.79
396,6.43
162,6.44
46,0.00
785,6.50
78,6.48
898,6.30
853,6.29
872,0.00
514,11.68
900,6.40
637,6.37
804,0.00
845,6.42
24,6.53
798,6.40
423,6.44
667,0.00
607,6.44
92,6.65
471,0.00
992,12.08
923,6.58
606,12.05
318,6.60
111,6.68
487,6.60
371,6.71
605,0.00
687,6.60
266,6.62
445,6.61
266,6.64
555,0.00
936,12.38
176,6.71
649,0.00
904,6.70
74,6.57
514,6.61
326,6.60
368,0.00
908,0.00
196,6.80
965,6.86
573,6.82
573,6.89
111,6.72
411,6.71
379,6.92
802,6.79
33,6.92
303,6.77
355,6.70
1,6.76
417,0.00
59,6.64
868,0.00
943,6.66
829,6.72
154,6.75
65,6.65
737,12.32
358,6.80
64,6.62
742,0.00
672,0.00
257,6.66
649,0.00
569,12.62
505,6.68
807,0.00
720,6.62
827,6.51
950,6.60
505,0.00
918,6.50
80,6.48
507,0.00
661,0.00
434,6.41
170,6.36
703,6.35
520,6.49
350,6.39
631,0.00
489,6.29
280,6.38
918,0.00
184,6.45
511,12.84
696,6.51
827,6.43
357,6.58
22,6.36
323,6.49
721,0.00
310,6.23
230,6.30
378,6.21
495,0.00
802,6.37
155,6.17
520,0.00
203,6.26
524,6.20
756,6.22
717,6.21
20,6.01
245,6.03
119,6.06
248,5.99
527,12.52
914,6.07
83,6.09
491,0.00
264,6.04
121,6.00
830,0.00
472,6.01
479,0.00
369,5.99
35,6.01
544,0.00
653,6.00
404,6.07
879,6.17
762,0.00
846,5.97
667,6.10
701,0.00
90,6.07
668,0.00
592,6.21
872,6.00
719,0.00
566,0.00
549,0.00
569,6.25
344,6.33
517,6.30
434,0.00
859,12.96
159,6.25
317,0.00
582,6.36
530,0.00
98,6.24
167,6.28
627,6.22
3,6.30
955,6.21
175,6.17
924,12.90
679,6.22
944,6.20
128,6.27
35,6.22
991,6.24
39,6.19
940,0.00
859,6.15
878,6.21
902,6.30
936,6.39
859,6.25
302,6.39
703,0.00
165,6.27
901,6.25
693,6.32
98,6.29
939,0.00
659,6.27
392,0.00
351,6.30
188,6.35
171,6.29
295,6.16
552,0.00
408,0.00
521,0.00
354,6.18
233,6.29
442,0.00
701,6.13
9,6.07
23,6.10
893,6.09
168,6.18
517,0.00
994,6.04
650,6.16
29,6.12
500,6.09
479,0.00
744,6.21
891,6.29
638,0.00
594,6.34
639,6.25
627,6.31
60,6.39
957,6.32
166,6.35
871,0.00
990,6.30
647,6.33
212,6.38
282,6.26
442,0.00
259,6.12
713,0.00
986,6.24
89,6.25
935,0.00
964,6.03
116,6.16
374,6.23
716,6.17
213,6.27
662,0.00
1000,6.23
877,6.31
775,6.27
635,12.77
284,6.48
410,0.00
153,6.37
619,6.43
764,12.56
52,6.48
5,6.37
946,6.37
406,6.49
618,0.00
87,6.39
406,6.49
949,12.74
403,6.52
89,6.39
601,6.44
8,6.45
547,6.34
265,6.44
52,6.35
231,6.39
574,0.00
508,6.26
187,6.34
937,6.25
655,6.26
185,6.21
229,6.27
720,0.00
743,6.21
589,6.22
757,0.00
402,6.07
593,0.00
145,6.11
3,6.08
976,6.07
907,6.11
306,6.21
236,6.17
170,6.18
341,6.14
383,6.14
966,6.14
498,6.35
494,0.00
992,6.32
175,6.41
45,6.33
538,0.00
807,0.00
848,0.00
226,6.39
109,6.46
832,0.00
830,6.45
68,6.51
964,6.51
483,0.00
26,6.47
734,6.51
319,6.52
652,6.54
752,6.41
997,0.00
570,6.50
695,6.53
395,6.64
148,6.46
979,6.40
586,6.44
709,6.63
169,6.49
161,6.46
524,6.31
896,0.00
335,6.40
901,0.00
437,6.36
128,6.43
869,6.32
461,0.00
428,0.00
792,6.39
91,6.36
872,0.00
48,6.30
354,6.33
738,0.00
314,6.35
931,0.00
803,6.52
964,6.51
724,0.00
381,6.65
779,0.00
115,6.67
80,6.69
962,0.00
397,0.00
765,6.75
269,6.78
39,6.59
237,6.76
768,6.63
475,6.70
328,6.81
219,6.76
288,6.76
628,6.82
876,6.83
21,0.00
450,6.79
779,6.76
325,6.82
267,6.81
871,12.97
946,6.98
545,7.03
928,6.89
132,6.94
244,7.02
991,7.07
178,7.07
532,0.00
325,7.02
271,6.96
331,0.00
391,7.03
175,7.04
292,6.85
10,6.90
913,0.00
405,6.71
567,6.71
5,6.75
54,6.70
781,0.00
324,6.64
346,6.68
367,6.53
963,13.07
145,6.57
211,6.54
416,0.00
654,6.55
315,6.63
634,0.00
953,6.57
715,6.60
241,6.73
574,0.00
336,6.52
444,6.46
882,6.52
737,6.53
968,6.63
531,6.76
142,6.69
327,6.61
415,6.61
382,0.00
715,6.62
237,6.72
827,0.00
95,6.46
1000,6.46
462,6.39
449,6.49
147,6.59
926,6.52
396,6.52
382,6.49
332,6.61
296,6.51
267,6.49
793,0.00
867,12.94
995,6.47
391,6.43
106,6.38
258,6.40
558,0.00
598,6.29
335,6.27
662,6.36
51,6.30
837,12.92
889,6.37
904,0.00
322,6.35
662,6.39
235,6.41
902,6.41
34,6.42
464,0.00
233,6.41
200,6.37
918,0.00
925,6.30
113,6.35
451,6.11
475,0.00
611,6.22
429,6.29
527,0.00
787,6.10
140,6.20
482,6.22
523,0.00
813,6.37
17,6.46
791,0.00
822,6.45
962,6.51
333,6.52
192,6.64
168,6.61
346,6.56
520,0.00
497,12.93
417,6.51
723,6.63
63,6.49
715,6.41
925,6.42
328,6.57
82,6.40
632,0.00
482,6.40
42,6.42
14,6.42
258,6.27
747,12.74
160,6.19
38,6.13
335,6.13
163,6.13
218,6.20
529,0.00
474,5.94
895,0.00
459,6.01
747,6.12
588,6.16
276,5.97
131,5.94
880,6.01
237,6.09
883,0.00
983,6.07
121,6.07
83,6.03
946,0.00
542,6.03
525,5.90
315,0.00
684,5.98
701,6.00
129,12.39
519,0.00
999,19.05
360,5.94
873,6.11
946,6.14
711,6.11
181,6.23
629,0.00
966,6.07
997,0.00
673,0.00
441,0.00
100,6.15
568,6.11
819,0.00
897,6.21
657,6.23
346,6.42
584,6.32
834,6.36
357,6.32
63,6.26
364,0.00
335,0.00
404,6.38
895,6.34
264,6.37
7,6.31
660,0.00
654,0.00
281,6.15
383,6.14
902,6.35
882,6.49
262,6.34
189,6.33
672,6.29
283,6.35
832,6.40
242,6.36
699,0.00
851,13.00
411,12.81
788,6.41
833,6.52
316,6.48
668,6.40
165,6.43
688,0.00
440,6.47
196,6.53
469,0.00
577,0.00
680,6.58
446,6.50
259,6.60
250,6.68
348,6.67
35,6.71
83,6.67
227,6.58
348,6.56
803,6.54
564,6.56
223,6.55
45,6.52
746,6.45
96,0.00
803,6.39
761,6.44
409,0.00
962,6.28
797,12.31
695,6.17
577,6.20
512,6.22
474,6.28
925,6.28
595,6.24
988,12.28
8,6.17
964,5.94
324,5.94
672,5.90
789,12.08
89,6.01
924,6.09
419,0.00
799,0.00
300,6.03
85,5.92
55,5.90
460,5.92
245,5.93
834,5.73
83,5.80
474,0.00
55,5.76
989,5.72
681,0.00
538,5.89
10,5.81
960,0.00
21,5.79
737,5.52
502,5.53
963,0.00
607,0.00
244,5.72
861,5.72
512,5.79
75,5.86
341,5.72
358,12.13
48,5.73
350,0.00
357,5.64
677,0.00
863,24.90
841,12.25
157,5.56
205,11.94
20,5.41
437,0.00
978,5.42
861,5.49
998,0.00
690,5.57
180,5.50
102,5.45
115,5.54
754,5.59
684,5.69
559,5.81
539,5.89
372,5.87
388,5.92
798,0.00
409,5.78
175,5.86
552,5.93
539,5.91
867,12.15
638,6.03
145,6.14
836,5.96
885,5.99
218,6.03
705,12.24
460,6.04
690,12.41
102,6.27
810,12.53
675,6.20
478,6.21
160,6.25
110,6.20
786,0.00
841,12.52
411,12.48
799,0.00
353,6.33
861,6.32
550,6.45
25,6.33
807,12.26
442,6.12
977,12.25
568,6.20
74,6.31
341,6.20
99,6.21
313,6.24
340,6.20
186,6.19
900,12.01
408,6.28
382,6.33
924,0.00
239,6.37
249,6.39
715,0.00
137,6.25
957,0.00
672,6.37
971,6.39
935,12.01
540,6.23
578,6.10
706,0.00
883,0.00
909,6.28
736,6.30
655,6.36
725,0.00
395,6.37
855,0.00
361,6.48
743,6.44
180,12.11
764,6.62
484,6.71
249,6.68
839,0.00
625,6.63
512,6.62
958,6.63
588,6.74
883,6.75
216,6.69
547,0.00
912,6.61
72,6.59
684,6.53
869,6.57
738,0.00
906,0.00
449,6.69
532,6.68
119,6.85
308,6.74
702,6.64
924,0.00
499,0.00
871,6.85
417,6.72
324,6.86
330,6.61
862,0.00
856,6.72
883,6.77
714,6.79
909,6.65
631,6.71
688,19.07
683,6.91
877,6.91
563,6.81
826,6.97
641,6.90
745,13.22
654,7.07
602,13.22
819,7.06
510,7.00
335,7.00
621,7.11
740,0.00
107,7.18
613,0.00
418,0.00
780,13.40
477,0.00
487,0.00
523,7.17
12,7.30
463,0.00
770,0.00
774,7.28
754,13.63
611,7.36
351,7.20
510,7.27
217,7.35
96,7.28
73,7.21
360,7.12
203,7.01
415,6.90
628,0.00
611,6.90
193,7.03
97,6.93
859,6.86
973,13.47
515,0.00
362,7.03
843,18.99
256,7.05
352,6.86
692,6.88
732,13.42
53,7.05
93,6.96
578,6.81
993,6.89
258,6.74
322,6.74
301,6.75
720,6.68
656,6.72
554,6.77
924,6.82
785,6.90
546,0.00
296,6.65
552,0.00
757,6.68
294,6.74
196,6.76
82,6.65
673,6.57
509,0.00
572,6.53
43,6.46
950,6.47
261,6.47
304,12.87
154,6.33
787,12.90
583,6.24
427,0.00
10,6.12
184,6.13
809,0.00
843,6.08
621,12.92
532,6.02
270,6.00
882,13.05
801,6.05
371,6.15
801,6.04
535,6.09
942,6.16
563,6.19
6,6.13
331,6.01
184,6.00
760,0.00
808,6.09
476,6.10
772,13.25
146,6.10
397,6.18
434,6.09
741,6.05
196,6.03
961,0.00
132,5.95
778,0.00
87,5.92
736,0.00
557,5.85
772,5.92
427,0.00
450,6.00
355,5.93
768,0.00
891,5.90
906,5.91
350,5.80
442,5.71
59,5.81
813,5.81
427,5.90
146,5.76
449,0.00
936,5.68
789,5.69
474,0.00
991,0.00
1000,12.66
433,6.01
809,0.00
960,12.68
984,5.83
513,0.00
681,5.88
84,5.87
169,5.94
330,5.83
924,0.00
448,5.97
821,0.00
138,5.86
184,5.90
400,5.88
199,5.82
883,5.81
112,5.89
755,5.89
606,5.86
321,6.04
41,5.93
633,12.30
967,6.01
370,6.02
781,5.73
336,5.85
170,5.93
186,5.85
659,5.86
732,0.00
480,5.80
237,5.86
350,5.81
967,0.00
544,0.00
989,0.00
977,5.98
642,0.00
550,5.80
724,5.94
127,5.96
454,6.01
559,6.02
561,6.09
87,5.95
172,5.87
239,5.97
950,11.80
36,5.90
91,5.92
369,5.94
643,5.89
714,0.00
516,11.84
709,0.00
489,5.93
129,6.04
617,11.91
297,6.14
563,5.98
959,5.99
418,6.02
222,6.00
210,11.80
663,6.08
557,6.12
558,0.00
630,5.88
601,5.87
238,6.03
718,0.00
724,11.66
839,6.07
469,0.00
832,0.00
924,5.93
980,5.97
961,6.13
164,6.14
693,6.22
58,6.23
28,6.24
216,6.13
893,0.00
723,6.23
999,6.17
936,0.00
514,0.00
699,0.00
728,6.28
679,0.00
550,6.25
383,6.39
879,0.00
177,6.43
788,0.00
154,6.44
71,12.28
865,12.33
569,6.53
58,6.37
907,0.00
689,6.48
558,0.00
831,6.49
275,6.42
69,6.45
689,0.00
744,6.43
323,6.45
147,6.29
525,0.00
615,6.09
876,6.10
309,6.06
661,0.00
483,6.14
316,12.09
789,12.06
206,6.15
362,6.13
171,6.22
421,0.00
385,6.10
171,6.10
222,6.12
861,25.30
107,6.06
538,0.00
679,12.13
954,12.06
504,0.00
905,12.41
379,6.17
222,6.18
403,6.37
244,6.38
752,0.00
877,6.19
49,6.36
858,6.32
380,0.00
921,12.31
539,12.23
791,0.00
936,6.40
638,0.00
263,6.58
930,6.59
149,6.61
53,6.59
33,6.53
606,6.39
359,6.40
293,0.00
851,0.00
599,6.25
580,6.11
436,6.20
397,6.24
474,6.00
652,6.09
158,6.01
370,0.00
459,12.13
437,5.92
239,5.91
268,5.85
884,0.00
903,5.72
28,5.81
589,5.83
205,0.00
200,5.82
447,0.00
315,5.76
526,5.82
865,12.40
499,5.88
292,5.71
314,5.61
563,5.62
856,31.05
637,5.59
235,5.57
77,5.58
868,5.56
163,5.61
366,0.00
934,5.57
656,5.64
145,5.64
931,5.68
86,5.74
191,0.00
734,5.72
677,0.00
761,0.00
427,5.64
587,0.00
438,5.79
473,0.00
973,0.00
596,5.96
661,0.00
302,11.84
663,11.86
929,5.71
214,5.86
682,0.00
320,5.71
991,5.76
846,0.00
599,5.77
683,5.74
650,5.80
939,12.08
85,12.08
262,5.64
209,5.58
769,5.42
572,17.94
177,5.62
65,5.51
990,5.42
877,5.52
775,5.62
435,0.00
274,11.76
841,5.71
739,5.72
316,5.71
895,0.00
799,5.69
599,0.00
992,5.87
75,5.99
749,6.00
984,0.00
10,6.09
587,0.00
797,6.09
751,6.13
468,6.27
590,0.00
774,0.00
160,6.15
946,6.17
282,6.28
664,0.00
964,6.30
969,12.12
210,6.39
822,0.00
622,6.58
259,6.50
691,12.19
977,6.56
486,6.57
849,6.53
912,6.65
328,6.70
173,6.69
830,12.17
989,12.22
230,6.83
5,6.77
217,12.19
998,6.73
340,6.48
916,12.26
111,6.69
57,6.74
991,0.00
397,6.62
428,6.68
899,0.00
279,6.57
50,6.68
498,0.00
953,6.47
494,0.00
846,12.59
718,6.76
980,12.64
976,6.87
284,6.81
877,6.92
237,6.83
958,6.79
485,6.80
143,6.73
576,0.00
860,6.72
976,6.71
347,12.51
489,0.00
643,6.85
140,6.84
460,0.00
575,6.76
348,6.78
176,6.73
340,0.00
331,6.82
780,6.75
34,6.76
405,6.69
414,6.65
271,6.58
512,0.00
367,6.76
706,0.00
842,6.67
253,6.59
207,6.61
437,0.00
511,6.57
845,0.00
868,6.63
339,6.66
993,6.59
238,6.73
218,6.75
573,0.00
525,6.70
30,6.74
724,0.00
765,6.59
146,6.71
749,6.64
907,6.65
504,6.60
30,6.76
761,0.00
980,6.71
45,6.72
333,6.70
611,6.65
167,6.74
210,6.69
443,0.00
44,6.59
751,0.00
633,13.23
942,6.51
70,6.52
481,0.00
322,6.61
601,0.00
999,6.54
596,0.00
829,6.65
477,13.50
340,6.80
8,6.60
657,0.00
999,13.27
531,13.30
422,6.55
458,0.00
57,6.59
94,6.56
680,6.44
671,0.00
24,6.58
434,0.00
428,0.00
240,6.29
789,13.10
867,6.20
121,6.30
949,13.03
297,6.23
911,0.00
67,6.25
880,6.30
539,6.37
965,6.32
326,6.37
968,0.00
592,13.24
930,6.39
575,13.23
132,6.50
808,6.48
58,6.67
693,6.40
728,0.00
548,0.00
514,6.58
544,0.00
545,6.66
968,0.00
665,6.69
231,6.72
152,6.66
541,0.00
723,6.51
555,0.00
772,6.62
732,6.66
511,6.76
408,0.00
234,6.54
761,0.00
837,0.00
980,6.47
268,6.52
557,0.00
672,6.44
507,0.00
269,6.50
616,6.47
231,6.53
41,6.50
585,0.00
480,6.44
361,6.37
68,6.22
460,0.00
366,6.19
770,0.00
115,6.26
758,12.94
652,6.29
85,6.08
428,0.00
312,6.17
817,6.35
402,0.00
546,0.00
692,6.36
873,6.46
235,6.54
390,6.36
117,6.37
649,0.00
638,6.31
11,6.18
68,6.08
756,6.03
101,0.00
698,6.21
147,6.15
363,6.12
842,6.14
535,6.19
415,12.68
735,0.00
669,0.00
709,6.33
615,0.00
725,6.27
145,6.47
832,0.00
978,6.48
129,6.55
316,6.54
154,6.48
372,0.00
325,6.48
390,6.51
976,12.79
103,6.57
801,0.00
302,6.36
395,0.00
288,6.37
488,0.00
594,6.26
349,6.27
924,6.27
379,0.00
298,6.39
772,0.00
886,6.23
692,6.42
788,6.26
8,6.37
588,6.25
23,6.26
981,0.00
873,6.25
54,6.20
890,0.00
10,6.27
394,0.00
631,6.07
27,6.19
950,0.00
142,6.03
699,0.00
702,5.99
874,0.00
271,6.28
718,6.18
126,6.25
75,6.11
715,0.00
234,6.04
871,6.10
2,6.19
728,0.00
540,6.12
712,0.00
595,6.16
730,6.27
831,6.24
68,6.13
629,6.06
159,0.00
687,6.18
673,0.00
697,6.31
22,6.13
927,12.52
198,6.30
517,0.00
826,5.93
77,6.07
975,0.00
754,6.16
266,6.25
678,6.25
559,6.34
468,6.45
103,6.28
645,0.00
936,6.35
116,6.37
695,6.40
259,6.37
21,6.39
178,6.27
26,6.16
628,0.00
380,0.00
648,6.06
686,0.00
624,6.03
278,6.11
629,6.11
423,0.00
528,0.00
26,6.20
571,0.00
885,6.21
86,6.15
817,6.21
9,6.07
197,0.00
549,6.11
276,6.16
66,6.16
600,0.00
882,6.08
659,0.00
362,6.12
634,6.06
74,6.04
350,0.00
983,5.97
302,5.98
301,5.93
180,5.98
885,0.00
987,6.09
288,6.18
554,0.00
370,6.12
882,12.23
900,6.25
70,6.30
705,6.19
64,6.23
453,0.00
956,0.00
300,6.13
131,6.07
497,6.06
282,0.00
229,0.00
66,6.15
91,6.10
185,6.02
129,6.08
923,5.89
528,0.00
492,0.00
456,5.86
932,6.04
294,6.14
761,6.14
820,6.17
723,0.00
142,6.17
952,12.37
301,6.29
480,6.12
936,6.02
586,5.94
356,5.92
400,5.86
738,0.00
808,0.00
54,6.00
515,6.00
555,0.00
623,0.00
937,12.36
961,0.00
190,6.00
555,5.96
917,5.96
915,5.98
384,0.00
432,6.10
761,0.00
803,5.95
599,0.00
347,0.00
934,12.20
573,6.02
360,12.19
584,6.17
486,6.21
738,5.98
535,6.05
545,6.20
542,0.00
119,6.20
900,6.07
838,0.00
836,12.25
658,12.16
219,6.25
397,6.13
685,0.00
360,12.15
750,6.23
688,6.24
525,6.18
771,0.00
418,6.11
204,6.03
934,0.00
934,0.00
732,6.09
948,0.00
683,6.22
316,6.23
229,6.21
978,6.08
220,6.20
806,6.09
103,6.18
398,0.00
997,6.23
585,6.29
300,0.00
290,6.14
991,6.05
326,6.09
59,6.05
506,5.97
239,0.00
944,0.00
974,6.02
341,0.00
170,12.18
958,12.19
358,12.28
994,6.34
731,12.30
662,6.26
460,6.38
667,6.39
913,6.34
118,6.38
317,6.37
964,0.00
936,6.31
540,0.00
643,6.36
978,0.00
883,6.53
345,6.43
117,6.43
321,6.43
76,6.48
357,6.32
265,6.25
462,0.00
778,6.16
796,6.28
436,0.00
965,12.36
831,6.47
788,12.35
422,0.00
724,0.00
395,0.00
749,0.00
412,0.00
1000,6.34
411,6.48
522,6.25
908,6.37
144,6.33
250,6.22
754,12.23
26,6.20
677,6.09
791,6.12
353,6.19
926,6.26
719,12.32
699,6.32
76,6.38
11,6.27
268,6.33
154,6.28
806,0.00
306,6.18
693,12.29
140,6.22
388,12.25
629,6.23
232,6.07
715,12.16
290,6.09
857,0.00
937,12.37
795,6.14
19,6.25
991,6.12
108,6.13
12,6.07
426,0.00
727,6.17
693,6.08
227,6.21
83,6.12
25,0.00
757,6.15
139,6.24
598,6.05
587,12.16
334,6.14
184,6.01
210,5.96
717,0.00
5,5.90
507,0.00
893,5.91
196,5.90
722,12.19
154,5.80
349,12.12
570,5.79
597,0.00
959,5.76
412,5.82
679,5.82
395,5.89
781,5.69
908,5.77
713,5.87
131,5.78
893,5.78
880,0.00
176,5.95
265,5.90
707,0.00
192,5.90
271,6.03
661,0.00
867,6.02
832,5.96
253,6.01
964,5.95
92,5.96
351,5.79
509,5.85
612,0.00
666,5.91
71,5.99
37,5.98
901,0.00
893,18.28
219,5.83
276,0.00
31,5.86
807,5.81
289,5.94
371,0.00
748,5.83
417,0.00
168,5.96
832,6.13
734,6.22
466,0.00
895,0.00
271,6.19
820,12.47
48,6.17
323,0.00
607,6.10
763,6.21
26,6.14
876,6.13
198,6.22
588,0.00
470,0.00
705,0.00
873,6.21
474,0.00
663,6.23
986,0.00
623,6.09
723,0.00
117,6.19
588,6.19
177,6.19
254,6.32
74,6.13
518,0.00
898,6.13
565,6.16
921,0.00
956,12.34
17,6.29
380,0.00
863,6.34
839,0.00
401,6.38
873,0.00
658,6.55
615,0.00
503,6.70
965,0.00
789,6.66
24,6.74
688,0.00
185,6.65
567,6.51
137,6.50
27,6.51
735,6.44
927,6.52
555,6.48
376,6.51
698,0.00
909,6.51
755,6.48
922,0.00
411,6.53
356,6.51
575,6.51
499,6.61
645,0.00
661,6.52
762,12.30
594,6.62
923,0.00
272,6.40
883,6.35
538,6.42
602,0.00
933,0.00
30,6.45
918,0.00
639,6.46
703,0.00
378,6.23
688,6.24
149,6.29
142,6.25
776,6.05
531,6.14
303,6.21
572,6.28
949,0.00
733,0.00
633,6.18
184,6.30
803,6.21
979,6.21
678,6.29
359,6.40
197,6.38
618,0.00
393,0.00
409,6.39
142,6.44
713,0.00
400,6.43
161,6.50
139,6.40
79,6.31
166,6.31
881,12.55
122,6.45
168,6.31
282,6.31
398,0.00
83,6.29
360,6.20
638,0.00
397,0.00
825,6.21
617,6.29
500,0.00
310,6.09
817,5.99
8,6.03
255,5.88
333,5.73
551,0.00
413,5.77
725,0.00
586,12.53
617,5.96
999,5.91
273,5.98
449,5.84
378,5.98
936,0.00
906,6.10
515,0.00
260,5.81
966,5.80
431,5.83
238,6.02
464,5.88
643,5.81
80,5.87
371,5.82
32,5.89
282,5.79
621,0.00
423,5.74
213,5.79
712,5.70
763,5.77
849,12.27
8,5.85
350,5.73
838,6.00
721,5.84
91,5.67
454,5.77
612,0.00
630,5.75
908,0.00
416,0.00
952,6.00
157,5.95
216,5.95
542,5.89
258,5.91
280,5.82
133,5.82
890,5.76
146,0.00
229,5.89
524,0.00
920,5.80
146,5.89
523,5.69
385,0.00
647,5.75
656,0.00
437,0.00
936,5.98
979,6.00
574,6.12
30,6.23
933,0.00
341,6.00
522,0.00
721,0.00
954,6.08
567,0.00
288,6.20
37,6.20
809,0.00
314,6.37
946,6.27
80,0.00
868,6.26
867,6.35
320,6.36
810,0.00
311,6.41
764,6.48
900,6.46
177,6.46
983,6.42
434,6.40
476,0.00
77,6.39
219,6.49
457,0.00
425,6.60
11,6.46
756,0.00
522,6.25
911,6.32
422,6.47
637,6.51
500,0.00
617,0.00
782,0.00
756,12.23
403,6.33
77,6.38
158,6.38
844,0.00
812,6.47
619,0.00
754,0.00
68,6.50
885,6.50
963,18.83
453,0.00
87,6.55
885,12.46
702,6.63
66,6.41
228,6.56
146,6.52
127,6.53
389,0.00
918,12.27
587,6.38
286,6.32
917,0.00
742,6.37
47,6.42
580,0.00
750,6.54
49,6.63
82,6.50
12,6.60
986,0.00
244,6.50
206,0.00
286,6.37
45,6.26
257,6.02
884,0.00
36,5.87
662,5.78
556,0.00
735,5.86
194,5.96
396,5.97
854,0.00
575,5.81
95,5.83
808,5.76
654,12.06
566,5.91
15,5.86
675,12.17
265,5.91
394,12.02
892,18.09
665,5.75
491,5.80
4,5.80
220,5.85
156,5.75
850,12.18
211,5.70
816,5.71
777,5.78
412,5.59
662,5.71
13,5.77
374,0.00
466,0.00
762,5.67
765,0.00
784,5.84
872,5.79
91,5.88
679,0.00
42,5.78
512,5.75
641,0.00
493,5.79
119,5.73
701,17.84
913,5.68
779,11.99
344,5.83
284,5.76
651,0.00
262,5.77
178,5.72
59,5.72
401,0.00
307,5.68
610,12.23
104,5.58
959,0.00
701,5.78
826,0.00
479,12.24
783,0.00
481,5.65
154,5.74
987,11.99
238,5.72
823,0.00
810,5.78
499,0.00
725,5.80
200,5.88
405,0.00
117,5.83
330,5.82
284,5.82
849,0.00
947,5.84
447,5.75
490,5.71
240,5.86
22,5.85
941,0.00
590,5.95
905,5.98
804,0.00
141,6.07
771,0.00
789,0.00
798,5.91
983,17.98
685,6.14
176,6.14
915,0.00
452,0.00
567,11.91
57,6.19
761,0.00
172,6.21
769,0.00
829,6.16
914,6.28
772,0.00
337,6.47
659,0.00
605,0.00
398,6.43
847,0.00
253,6.31
894,12.24
355,6.29
830,0.00
765,6.29
134,6.36
773,0.00
952,6.10
997,0.00
491,6.16
961,0.00
968,0.00
879,6.37
910,0.00
476,12.06
276,6.30
555,6.53
53,6.58
60,6.35
115,6.38
951,6.30
424,0.00
772,6.50
107,6.46
547,0.00
539,6.37
732,11.97
76,6.41
828,6.50
11,6.48
681,12.01
436,0.00
71,6.46
542,0.00
436,6.29
359,0.00
488,6.18
394,0.00
141,6.24
604,0.00
155,6.08
856,0.00
752,6.08
595,6.23
606,6.29
732,6.37
330,6.31
610,0.00
68,6.31
619,0.00
631,6.18
22,6.23
603,0.00
394,6.24
66,6.25
613,6.19
389,6.27
300,6.08
316,5.98
498,5.90
633,12.07
217,6.02
714,0.00
574,5.87
883,5.84
395,0.00
926,0.00
402,5.96
644,0.00
978,5.76
724,5.84
884,0.00
484,6.01
818,5.98
812,6.01
615,6.03
222,6.04
585,6.14
164,6.19
964,18.11
864,18.06
344,6.30
894,6.16
406,0.00
392,6.37
964,6.36
405,6.37
639,12.55
102,6.49
335,0.00
507,6.46
319,6.46
684,6.29
395,6.29
438,0.00
8,6.17
497,0.00
932,12.68
229,6.12
222,6.13
253,6.19
626,12.52
566,6.21
609,0.00
920,6.16
480,0.00
210,6.40
795,0.00
295,6.41
480,0.00
600,6.41
297,6.44
626,6.35
27,6.27
739,0.00
325,6.32
25,6.36
506,6.24
577,0.00
278,6.24
333,6.26
527,0.00
929,18.06
732,12.31
43,6.12
403,0.00
270,6.00
682,6.08
437,6.05
899,0.00
287,6.10
272,6.20
376,6.17
12,6.21
731,0.00
412,6.13
617,0.00
919,6.30
767,6.29
412,6.25
516,6.32
321,6.15
152,6.26
616,0.00
839,6.12
331,0.00
542,6.25
212,6.30
361,6.10
50,6.00
531,5.98
820,6.00
793,12.10
638,6.09
649,6.05
994,18.47
114,6.04
794,18.43
186,6.09
294,0.00
259,5.94
141,5.84
598,5.73
32,5.81
264,5.82
607,5.63
213,5.66
962,5.77
140,5.67
464,5.72
444,5.73
1000,0.00
993,5.72
239,5.81
670,5.79
227,5.92
780,0.00
957,5.86
8,5.78
660,5.88
185,6.09
389,5.93
700,0.00
933,12.17
662,5.77
293,5.79
239,5.80
358,5.72
998,12.20
546,12.15
78,5.88
694,12.31
784,5.98
958,12.21
249,6.11
395,5.86
260,5.97
380,5.94
330,5.94
442,0.00
75,6.12
844,5.97
441,6.09
988,0.00
539,6.02
396,6.01
774,6.13
657,6.10
578,6.20
205,6.08
794,0.00
330,6.04
25,6.01
42,6.03
288,5.96
478,0.00
789,5.77
948,12.18
44,5.89
246,0.00
824,5.95
189,5.84
272,5.99
106,5.88
792,11.99
15,5.97
25,5.81
912,0.00
471,0.00
462,0.00
612,11.92
739,5.92
412,5.77
217,5.75
249,5.59
846,0.00
46,5.61
537,0.00
705,0.00
832,5.69
560,5.60
670,5.83
200,5.85
77,5.75
959,5.63
237,5.67
447,5.65
260,5.62
742,5.71
405,5.79
704,0.00
284,5.60
286,5.62
898,5.49
210,5.62
435,0.00
411,5.45
556,0.00
458,5.33
56,5.25
657,5.27
520,5.28
629,0.00
411,0.00
540,0.00
135,5.06
755,0.00
281,4.93
431,0.00
837,11.03
170,5.17
542,5.07
216,5.17
503,0.00
971,11.17
618,5.17
104,5.19
234,5.13
769,0.00
874,11.12
742,5.21
1,5.20
720,0.00
875,11.12
511,4.93
878,0.00
454,5.19
1000,11.18
526,5.23
476,5.24
651,5.27
175,5.32
119,5.32
671,5.32
107,5.28
779,5.28
883,11.10
146,5.21
398,5.16
263,5.37
640,0.00
110,5.34
897,0.00
325,5.30
724,5.26
758,0.00
441,5.38
207,5.38
938,0.00
686,0.00
970,5.42
521,5.57
885,5.38
517,0.00
195,5.37
506,5.27
540,5.31
752,5.33
30,5.41
208,5.42
910,0.00
587,5.37
590,0.00
216,5.38
781,0.00
258,5.44
361,0.00
327,5.38
773,0.00
435,5.40
115,5.45
696,0.00
872,5.53
800,0.00
593,5.56
872,0.00
931,5.76
412,0.00
794,5.85
283,5.99
821,0.00
431,5.96
498,6.03
936,0.00
356,6.07
857,6.28
569,0.00
871,0.00
815,6.16
94,6.16
430,0.00
366,6.21
173,6.26
159,6.25
590,6.17
632,0.00
252,0.00
545,6.20
241,6.30
937,6.19
891,6.26
394,6.05
407,0.00
647,6.01
678,0.00
408,6.00
32,6.10
595,0.00
612,6.13
832,6.12
223,0.00
778,6.26
983,11.78
90,6.59
860,6.52
13,6.60
51,6.39
66,6.51
869,6.35
536,0.00
857,0.00
126,6.37
684,11.78
180,6.56
490,6.33
985,6.46
563,23.71
920,17.77
937,17.73
237,12.09
784,23.79
734,12.27
887,6.81
406,12.11
209,6.63
595,6.79
178,6.72
299,6.80
11,6.67
896,6.65
936,6.71
527,6.68
90,6.57
621,6.57
117,6.55
896,0.00
145,6.62
662,0.00
890,0.00
379,6.59
631,6.72
554,0.00
238,6.76
14,6.68
952,6.53
625,17.47
387,6.60
808,6.39
977,0.00
479,6.57
364,6.43
972,6.49
298,6.64
634,6.52
948,6.53
994,6.40
165,6.47
918,0.00
209,6.44
843,6.44
358,0.00
595,0.00
521,6.38
162,6.34
756,6.38
374,6.42
799,6.41
967,6.49
285,6.58
409,0.00
855,6.51
478,6.59
605,0.00
135,6.65
480,0.00
970,6.62
629,0.00
769,0.00
537,6.40
330,6.51
327,6.54
959,6.40
3,6.54
913,0.00
793,6.58
802,0.00
656,6.57
570,6.64
555,0.00
250,12.96
688,6.60
706,6.61
293,6.54
556,0.00
302,6.35
742,13.12
763,12.97
99,6.28
834,13.10
123,6.36
117,6.30
824,13.02
252,6.38
405,0.00
665,6.40
486,6.37
488,6.38
624,6.40
627,6.45
690,6.38
854,6.52
481,0.00
261,6.38
44,6.32
531,6.32
664,6.42
48,6.19
402,0.00
76,6.17
702,0.00
964,0.00
790,6.25
570,6.36
641,6.24
408,0.00
806,6.15
858,0.00
358,12.51
569,6.12
916,6.02
486,5.94
811,5.90
243,5.96
877,12.41
272,6.09
184,6.02
957,0.00
880,5.97
32,6.07
951,0.00
480,12.59
138,6.04
396,5.89
870,0.00
563,0.00
917,5.93
303,6.02
343,5.96
108,5.99
454,5.90
483,0.00
132,5.92
660,0.00
320,5.73
284,5.70
552,5.73
718,0.00
742,5.68
665,0.00
104,5.74
268,5.86
590,0.00
695,5.73
431,0.00
464,0.00
623,5.81
715,5.78
201,5.79
59,5.80
946,5.67
27,5.68
1,5.72
108,5.68
399,0.00
553,5.58
861,18.77
74,12.00
285,5.59
728,5.50
279,5.58
399,0.00
267,5.56
536,0.00
924,5.54
415,0.00
685,5.58
369,0.00
356,5.70
160,5.82
151,5.68
516,12.03
560,5.75
435,0.00
360,12.03
593,5.80
121,5.89
830,0.00
772,5.77
457,5.82
939,5.88
39,5.91
536,0.00
228,5.84
687,5.77
931,5.78
283,5.99
909,5.82
927,12.04
627,5.72
936,12.03
733,5.90
920,6.04
648,18.52
789,6.08
699,0.00
757,6.06
416,6.13
617,5.99
662,0.00
317,0.00
598,6.10
772,0.00
23,6.01
779,6.03
452,6.12
294,6.12
96,5.95
880,0.00
195,5.94
982,0.00
606,5.88
428,5.85
229,5.99
994,11.81
24,6.13
553,6.01
199,6.09
57,6.07
417,0.00
984,6.01
358,6.00
115,0.00
184,6.22
333,6.17
679,0.00
275,6.08
412,5.96
331,0.00
756,5.95
91,5.96
751,0.00
224,6.05
440,0.00
222,6.03
980,0.00
833,6.10
423,6.14
296,6.14
638,0.00
218,6.07
213,6.07
408,6.14
873,0.00
735,0.00
459,0.00
147,6.20
42,6.30
473,6.11
135,6.16
199,6.15
331,6.05
495,0.00
690,0.00
132,5.92
533,0.00
865,5.96
131,6.02
800,0.00
359,6.04
728,5.95
224,6.13
492,6.02
984,11.85
272,5.99
448,5.97
98,6.00
410,0.00
234,5.91
800,11.66
700,5.92
224,0.00
593,5.82
918,0.00
865,6.18
671,11.94
739,6.22
843,11.93
49,6.27
366,6.15
648,6.16
743,6.28
300,6.14
826,6.12
350,6.26
834,6.07
812,12.29
718,6.14
920,0.00
776,6.37
723,0.00
798,6.42
395,6.43
268,6.40
902,0.00
539,0.00
18,6.46
5,6.47
36,6.40
970,0.00
113,6.42
746,6.33
315,6.35
599,0.00
834,0.00
203,6.29
600,6.27
304,6.26
12,6.35
736,6.33
63,6.44
593,0.00
80,6.21
32,6.31
365,6.19
179,6.19
67,6.25
28,6.14
241,0.00
899,5.93
310,6.03
66,5.94
663,0.00
281,5.96
254,5.85
899,5.94
222,0.00
366,5.90
697,6.07
642,6.18
15,6.11
267,6.05
116,5.96
983,17.96
724,6.12
30,6.12
818,6.13
243,6.12
38,6.15
342,6.18
472,6.20
594,6.27
510,6.29
429,6.29
977,0.00
394,6.39
447,6.35
953,12.30
514,6.40
502,0.00
598,6.40
861,6.22
93,6.36
855,12.49
997,0.00
606,6.48
826,6.44
604,6.53
784,0.00
183,6.50
126,6.39
138,6.23
801,0.00
429,12.43
543,6.26
57,6.14
915,0.00
630,6.18
131,6.06
64,6.19
334,6.07
408,0.00
398,6.05
314,6.13
49,5.93
121,5.91
730,0.00
972,5.76
55,5.67
404,0.00
1,5.58
871,5.59
222,5.66
168,5.53
438,0.00
690,5.40
747,0.00
518,0.00
769,5.52
574,5.51
572,5.56
790,0.00
646,5.58
344,5.57
436,5.57
937,0.00
974,5.69
202,5.69
335,5.71
459,0.00
570,5.72
317,5.82
791,5.76
59,5.87
869,0.00
184,5.96
756,0.00
48,5.96
1000,0.00
55,5.78
528,0.00
517,5.60
816,0.00
52,5.55
370,5.46
890,0.00
407,0.00
416,0.00
498,5.40
251,5.48
65,5.42
55,5.44
388,0.00
268,5.28
316,5.23
636,11.59
304,5.31
300,5.32
573,0.00
511,0.00
458,0.00
830,5.17
390,5.12
793,11.56
658,5.23
948,0.00
485,5.39
671,0.00
440,5.37
149,5.32
163,5.28
877,5.21
183,0.00
491,0.00
16,5.27
156,5.21
813,5.17
227,5.27
648,0.00
512,5.13
138,5.18
140,5.17
727,0.00
483,5.12
319,5.25
75,5.30
984,5.27
238,5.37
841,0.00
926,0.00
26,5.31
152,5.31
521,0.00
985,5.31
127,5.47
425,0.00
518,5.29
963,0.00
895,5.44
615,5.49
313,5.49
415,0.00
680,0.00
198,5.42
679,0.00
326,5.33
931,0.00
272,5.35
452,0.00
443,5.28
991,5.39
1,5.40
460,0.00
279,5.40
230,5.55
68,5.44
854,0.00
417,5.44
440,0.00
821,11.34
8,5.47
876,11.38
908,5.50
787,5.66
963,5.65
384,0.00
610,5.61
348,5.72
973,5.78
792,5.82
222,5.92
249,5.84
470,0.00
534,0.00
981,0.00
912,6.04
199,6.04
751,6.02
568,0.00
756,6.16
839,6.25
638,0.00
713,6.41
983,6.36
318,6.51
50,6.43
281,6.40
929,6.41
145,6.36
340,6.24
296,6.16
58,6.08
461,0.00
768,6.09
715,0.00
690,6.22
871,0.00
445,6.36
392,0.00
243,6.24
304,6.39
321,0.00
518,6.45
768,11.65
419,6.55
928,6.33
518,0.00
147,6.40
632,0.00
979,6.47
376,6.53
658,0.00
880,6.43
649,6.53
587,6.65
232,6.76
786,6.59
24,6.78
30,6.71
61,6.54
714,11.88
807,6.57
649,6.50
938,6.52
903,6.51
396,0.00
721,6.51
774,0.00
64,6.61
612,0.00
51,6.60
89,6.46
356,6.46
97,6.50
389,6.39
666,0.00
38,6.46
638,0.00
540,6.41
67,6.46
891,6.55
856,12.14
739,6.70
97,6.59
778,12.40
892,6.68
631,6.69
600,12.29
501,0.00
267,6.72
490,6.72
331,0.00
78,6.69
924,0.00
823,0.00
852,6.60
623,0.00
196,6.54
989,6.44
100,6.68
932,0.00
560,0.00
35,6.45
21,6.45
782,12.88
485,6.47
619,0.00
789,6.51
44,6.61
398,6.49
976,6.61
212,6.68
201,6.69
593,0.00
129,6.69
20,6.71
316,6.57
973,0.00
201,6.70
135,6.55
5,6.45
839,6.45
568,6.46
705,6.50
808,6.60
517,6.68
714,6.56
218,0.00
526,12.97
920,6.50
413,0.00
895,0.00
716,6.50
655,6.43
770,6.55
189,6.72
159,6.57
756,6.62
989,0.00
897,6.85
772,6.91
717,6.99
785,6.92
688,6.99
168,6.92
517,0.00
468,6.83
672,0.00
982,6.94
346,6.73
275,6.87
740,6.89
105,7.05
41,7.05
269,7.08
97,7.00
288,0.00
966,7.07
3,7.11
271,7.04
991,0.00
154,7.05
274,6.96
545,0.00
365,6.91
695,6.90
417,0.00
811,6.78
221,6.67
482,13.40
928,13.35
621,7.00
371,6.79
89,0.00
866,6.92
559,6.92
358,6.99
690,0.00
258,6.98
969,6.75
987,6.86
177,6.81
689,0.00
85,6.90
410,6.90
322,0.00
79,7.00
904,0.00
131,6.78
74,6.89
540,0.00
762,0.00
161,6.69
111,6.68
52,6.66
800,6.67
980,6.75
56,6.66
430,6.65
319,6.74
880,6.72
483,0.00
870,13.48
731,6.85
210,0.00
745,13.55
271,6.88
173,6.90
124,7.03
482,0.00
754,0.00
158,13.54
414,7.07
836,0.00
579,13.61
394,7.02
175,6.95
201,6.93
406,6.88
629,6.74
748,0.00
186,6.65
198,6.84
141,6.65
493,0.00
475,6.61
983,6.63
520,6.53
73,6.53
140,6.56
675,6.50
694,0.00
745,6.62
92,6.70
246,6.47
551,6.42
523,0.00
654,6.43
759,6.49
187,6.57
514,6.51
836,6.56
634,6.39
193,6.49
298,6.55
538,0.00
276,6.45
748,0.00
985,13.46
315,6.54
744,13.45
990,13.62
379,6.68
351,6.66
923,6.54
549,6.79
724,0.00
610,6.59
209,6.67
407,6.70
209,6.74
135,6.59
362,0.00
233,6.68
941,0.00
211,13.52
746,6.68
92,6.62
42,6.54
672,6.57
603,0.00
656,6.58
780,0.00
145,6.75
812,6.63
120,6.66
824,6.75
627,6.83
264,0.00
651,6.78
4,0.00
73,6.88
390,0.00
921,13.45
415,0.00
633,6.83
438,13.73
612,6.90
109,6.83
741,6.69
798,0.00
98,6.68
383,6.73
570,0.00
981,13.77
457,6.61
726,6.73
370,6.76
379,6.72
42,6.72
177,6.82
441,6.71
863,6.78
685,6.65
939,0.00
275,6.75
819,6.74
491,13.45
60,6.84
515,0.00
608,6.64
993,6.72
30,6.77
872,6.82
181,6.83
786,6.78
346,6.79
646,0.00
600,6.82
325,6.75
489,0.00
256,6.71
983,6.71
520,6.88
493,6.77
391,0.00
24,6.83
444,6.76
204,6.75
40,6.78
791,0.00
446,0.00
149,6.66
342,6.66
216,6.61
865,0.00
791,6.77
447,6.60
949,0.00
560,13.42
256,13.22
735,20.13
726,13.45
204,6.63
369,0.00
621,13.15
115,6.67
868,0.00
38,6.65
6,6.56
392,6.47
776,6.43
40,6.55
198,6.45
780,0.00
214,6.59
155,6.54
742,0.00
448,6.59
674,6.51
117,6.50
172,6.52
591,0.00
743,6.40
414,0.00
438,6.55
381,6.43
319,6.39
991,6.26
216,6.29
779,6.25
377,6.29
886,0.00
686,6.41
115,6.27
813,0.00
315,6.34
334,6.38
703,0.00
293,6.26
204,6.34
933,0.00
214,6.27
358,6.25
688,0.00
534,6.11
13,6.26
516,0.00
903,6.30
979,6.42
119,6.46
22,6.40
449,6.34
799,6.25
295,6.38
793,0.00
171,6.46
284,6.45
570,0.00
593,6.36
698,0.00
85,6.30
324,6.30
948,0.00
383,6.35
479,6.23
899,0.00
149,6.33
661,0.00
702,6.23
444,6.30
711,6.24
489,6.40
151,6.27
682,0.00
800,6.20
126,6.32
291,6.30
224,6.30
652,6.30
241,0.00
385,6.23
655,6.24
849,6.28
272,6.31
186,6.20
658,0.00
707,6.01
966,19.68
337,12.65
788,6.23
478,0.00
419,6.04
36,6.11
246,6.12
601,6.00
812,6.12
423,5.91
306,6.05
691,0.00
307,6.08
927,6.14
899,6.22
482,0.00
149,6.25
604,0.00
336,6.28
320,6.31
394,0.00
944,0.00
922,6.38
979,6.46
595,0.00
520,6.56
718,6.56
459,0.00
944,12.93
560,6.45
434,0.00
218,6.46
207,6.55
485,0.00
483,6.47
597,0.00
624,0.00
258,6.48
429,6.48
683,0.00
99,6.39
602,0.00
498,0.00
116,6.15
23,6.12
746,0.00
702,6.03
627,6.16
615,0.00
116,6.02
539,0.00
527,6.03
823,0.00
766,0.00
788,12.42
487,12.48
245,6.38
263,6.26
955,6.20
276,0.00
128,6.16
897,6.17
869,0.00
366,6.23
338,0.00
764,0.00
206,6.24
924,0.00
905,6.26
89,6.33
965,6.21
964,6.39
827,0.00
455,12.79
833,0.00
607,6.44
811,0.00
619,12.51
349,6.52
564,12.64
708,6.55
531,6.55
274,6.65
249,6.56
128,6.56
544,6.47
246,6.54
668,6.54
732,6.58
32,6.58
426,0.00
541,6.50
582,0.00
524,0.00
862,6.32
169,6.41
582,6.26
442,6.23
333,6.20
78,6.26
698,0.00
673,12.41
212,6.14
139,6.10
397,6.00
386,0.00
360,5.89
571,0.00
758,5.84
612,12.28
857,5.97
495,5.99
372,5.82
81,5.73
306,0.00
444,5.84
34,5.92
760,5.74
753,5.81
396,0.00
875,5.76
409,5.88
514,0.00
577,5.80
451,5.90
782,5.98
749,0.00
649,18.43
96,5.98
127,6.04
906,5.91
830,11.93
83,5.99
72,5.93
876,18.34
208,5.99
955,12.07
97,5.96
398,0.00
656,0.00
580,5.89
895,0.00
304,5.94
870,0.00
202,5.83
40,5.85
295,0.00
968,12.01
250,5.80
681,0.00
13,5.81
797,12.02
588,5.80
31,5.91
985,12.02
499,0.00
568,5.66
453,0.00
349,5.81
433,5.70
471,0.00
284,0.00
593,5.71
923,12.13
279,5.58
116,0.00
290,12.10
914,0.00
425,0.00
701,0.00
484,5.60
450,0.00
27,5.71
847,5.59
428,5.62
312,0.00
629,5.66
198,5.64
612,0.00
148,5.57
290,5.74
985,0.00
750,5.75
944,0.00
781,0.00
78,5.85
675,5.81
767,0.00
819,5.96
750,0.00
410,0.00
270,6.07
393,0.00
484,11.78
906,6.07
74,6.09
748,5.96
417,6.02
732,5.96
385,0.00
789,5.98
479,5.90
567,0.00
354,6.03
286,6.13
644,0.00
87,6.07
573,0.00
802,5.95
485,5.95
10,6.02
644,0.00
882,5.99
597,6.13
940,0.00
288,6.15
977,6.19
130,6.20
859,6.01
195,6.01
589,6.09
302,6.01
404,0.00
946,6.02
149,6.11
153,6.21
736,0.00
152,6.21
414,0.00
153,6.19
124,6.12
910,0.00
866,18.24
218,6.18
291,6.10
971,6.12
373,6.13
430,11.80
683,6.26
242,6.22
869,0.00
575,6.13
833,0.00
974,6.27
410,0.00
899,6.34
464,6.22
46,6.26
273,6.14
789,6.10
144,6.13
829,0.00
225,6.11
585,6.11
314,6.11
177,6.01
383,0.00
803,6.07
331,0.00
810,6.03
343,6.09
943,0.00
434,11.81
567,6.12
770,6.13
150,6.07
352,6.09
712,5.94
279,6.06
801,6.15
898,5.92
143,6.11
563,0.00
2,5.96
24,5.97
52,5.91
624,0.00
669,5.85
562,0.00
568,11.99
880,5.93
913,5.91
679,0.00
859,6.16
297,6.17
894,0.00
628,6.05
357,6.03
123,6.04
298,0.00
997,6.01
414,0.00
98,6.00
220,6.00
572,0.00
696,5.96
19,5.87
421,0.00
14,5.82
333,5.77
760,0.00
129,0.00
792,5.88
58,5.77
398,5.77
460,5.77
816,5.82
61,5.99
826,0.00
832,5.70
524,0.00
762,5.71
331,5.78
489,0.00
720,5.85
884,11.82
964,11.92
73,5.97
576,0.00
596,6.00
12,5.79
375,0.00
779,5.87
281,5.94
143,5.78
212,0.00
222,5.76
391,0.00
470,5.55
667,0.00
658,5.58
389,5.54
480,5.72
202,5.73
898,0.00
971,11.79
218,5.88
783,5.73
515,5.71
713,5.84
799,6.01
778,6.14
569,6.01
822,6.15
120,6.07
714,0.00
85,6.02
11,6.02
435,0.00
22,5.93
660,0.00
211,5.92
223,5.80
466,0.00
863,5.78
108,0.00
411,5.65
862,5.65
531,5.68
35,5.67
60,5.89
227,5.75
936,11.67
730,5.78
538,5.78
149,5.73
477,0.00
970,5.50
187,5.62
817,5.55
278,5.70
756,5.57
367,0.00
17,5.79
903,5.70
239,5.80
244,5.70
145,5.70
10,5.72
640,5.61
839,5.61
297,0.00
853,5.73
992,5.74
445,0.00
318,5.69
884,0.00
579,5.77
551,5.74
318,0.00
98,5.81
565,5.81
291,5.88
52,5.71
354,0.00
286,5.65
524,0.00
975,5.66
48,5.66
398,0.00
963,5.50
525,5.46
625,5.66
697,5.56
521,5.66
717,5.74
980,5.81
430,0.00
884,17.73
507,0.00
270,5.80
80,5.67
443,5.68
747,5.72
370,0.00
948,11.54
372,0.00
858,5.57
596,5.58
734,5.60
212,5.65
786,5.64
205,5.61
310,5.53
515,5.61
744,0.00
575,5.77
125,5.85
169,5.79
566,5.78
350,0.00
659,5.89
454,0.00
798,11.51
165,6.02
472,0.00
40,6.01
979,11.76
837,11.81
154,6.20
710,6.10
204,6.12
150,0.00
469,0.00
929,17.66
519,6.00
129,6.08
43,5.97
521,0.00
16,5.76
126,5.76
966,11.41
81,5.74
961,0.00
919,5.64
535,5.71
766,0.00
805,5.76
85,5.89
141,5.90
456,0.00
956,5.78
789,11.42
443,5.83
935,0.00
389,5.79
273,5.94
888,5.75
86,5.84
635,0.00
483,5.81
964,5.86
88,5.95
234,5.93
509,0.00
390,0.00
107,5.93
63,5.93
415,0.00
551,17.40
724,0.00
907,11.49
919,6.03
578,6.15
64,6.25
775,0.00
859,6.16
809,0.00
620,6.02
949,0.00
780,6.22
745,0.00
652,12.26
312,6.48
102,6.34
132,6.38
986,0.00
218,6.36
896,6.43
54,6.30
61,6.38
871,0.00
10,6.30
164,6.26
883,0.00
921,6.19
883,11.75
413,6.40
771,6.37
100,6.38
207,6.29
555,0.00
789,6.13
64,6.25
925,0.00
688,6.11
141,6.31
789,6.08
225,6.12
579,6.03
597,6.06
19,5.95
136,5.93
380,0.00
409,6.02
173,6.09
949,6.10
679,6.16
875,6.07
158,6.07
238,0.00
10,6.21
164,6.31
305,6.25
266,0.00
510,6.18
43,6.21
741,0.00
277,6.15
91,6.18
929,6.17
709,0.00
819,0.00
470,6.22
416,0.00
537,0.00
584,0.00
894,12.21
991,12.22
467,0.00
876,6.31
366,6.36
69,6.37
784,6.21
180,0.00
166,6.28
723,0.00
822,6.25
621,6.38
812,6.29
894,6.38
506,6.45
708,0.00
471,12.48
507,6.44
479,0.00
409,6.36
720,12.57
501,6.37
75,6.30
448,12.18
129,6.15
108,0.00
715,12.24
179,6.01
255,6.08
364,5.92
927,0.00
986,5.98
610,6.10
568,0.00
652,6.02
165,6.01
426,0.00
576,0.00
399,5.92
531,5.72
843,5.89
5,5.89
324,5.88
448,0.00
985,5.83
378,5.91
976,0.00
705,6.07
62,5.83
616,5.91
998,5.97
747,6.12
411,6.07
745,0.00
773,12.26
616,6.20
550,12.17
61,6.22
222,6.11
986,0.00
707,12.17
386,6.27
664,0.00
294,6.02
849,6.09
666,0.00
328,0.00
772,6.19
906,12.47
312,6.44
616,0.00
117,6.36
222,6.34
273,6.27
80,6.25
696,12.55
969,6.25
411,6.10
606,0.00
958,6.17
804,6.18
763,6.39
263,0.00
545,0.00
893,6.18
856,6.24
878,6.29
45,6.30
427,6.31
285,6.18
177,0.00
544,6.15
767,6.13
659,6.15
328,12.48
35,6.30
943,6.24
194,6.14
237,6.19
583,6.18
503,6.29
852,0.00
388,6.44
645,0.00
123,6.27
331,6.29
371,12.22
694,6.28
163,6.33
27,6.16
416,0.00
370,12.17
702,6.16
422,0.00
562,12.10
112,6.24
896,6.24
791,6.25
841,12.15
530,0.00
354,6.31
91,6.41
670,0.00
262,6.29
326,6.21
423,0.00
84,6.13
252,6.04
444,5.92
846,0.00
961,0.00
655,12.21
699,12.29
256,6.06
574,0.00
618,5.94
289,5.92
534,12.10
227,6.01
709,6.02
253,6.09
997,0.00
459,6.15
446,6.16
633,6.13
207,6.13
112,6.14
521,0.00
783,5.83
470,0.00
772,0.00
771,5.86
521,5.94
674,5.93
229,5.99
816,0.00
680,12.38
349,6.20
32,6.04
288,5.93
192,0.00
732,5.93
301,0.00
736,6.06
234,5.97
229,5.87
532,0.00
933,0.00
681,5.74
409,5.89
747,5.70
496,0.00
107,5.72
464,0.00
739,11.89
669,11.83
119,5.69
389,0.00
933,0.00
198,5.71
828,0.00
974,5.65
113,5.67
95,5.73
28,5.69
480,5.64
141,5.67
939,0.00
999,11.99
893,5.89
631,5.81
832,5.89
467,5.90
65,5.98
809,5.91
749,5.74
992,5.74
936,0.00
943,5.71
281,0.00
772,5.76
733,5.85
393,6.04
387,5.99
415,0.00
597,6.03
584,0.00
450,6.12
844,0.00
192,6.17
719,6.17
289,0.00
685,18.58
113,6.24
576,0.00
79,6.16
617,6.11
962,6.15
132,6.15
575,0.00
997,6.06
293,6.00
532,0.00
487,6.03
312,6.04
24,6.08
232,5.91
417,5.81
629,0.00
348,0.00
386,5.87
504,5.91
61,5.96
43,5.85
499,5.76
524,5.78
971,5.78
257,0.00
669,11.69
456,5.87
905,5.92
573,0.00
497,6.03
349,0.00
706,11.63
866,6.01
483,6.10
655,6.00
471,5.96
520,5.93
618,5.94
250,6.07
387,6.03
185,6.07
715,0.00
536,5.82
576,0.00
220,5.96
283,5.88
856,0.00
426,5.86
143,5.84
298,5.96
497,0.00
491,5.94
920,6.05
634,5.94
871,5.98
630,0.00
849,0.00
805,6.02
866,0.00
590,12.04
795,12.06
93,6.31
623,11.92
733,12.03
170,6.29
893,6.45
383,0.00
783,6.05
617,0.00
156,6.16
126,6.11
37,6.16
633,0.00
882,5.96
832,5.97
528,5.89
644,5.90
332,6.02
124,5.98
790,12.29
620,6.14
65,0.00
47,5.99
953,0.00
178,5.94
431,5.94
513,5.95
239,12.08
733,6.04
470,6.02
144,6.09
68,5.90
643,0.00
663,6.02
657,5.96
399,6.03
60,6.06
548,0.00
455,5.81
533,5.81
450,5.86
218,5.86
760,0.00
951,23.71
576,5.85
326,5.63
918,5.84
259,5.70
255,5.78
823,5.66
798,0.00
480,5.84
473,0.00
376,5.85
895,5.73
664,5.74
63,5.79
423,5.73
142,5.75
760,5.72
208,5.88
128,5.85
448,0.00
712,0.00
260,5.84
959,0.00
380,6.01
858,0.00
40,5.90
209,5.97
828,5.87
303,5.87
285,5.98
873,5.84
617,5.88
484,6.00
404,0.00
129,5.81
948,0.00
701,5.69
406,0.00
220,11.78
822,5.52
551,11.88
959,5.63
572,5.62
175,5.72
381,0.00
847,5.56
97,5.62
67,5.54
743,5.55
232,5.65
555,0.00
262,5.52
835,0.00
441,0.00
866,0.00
493,5.48
215,5.52
309,5.52
753,5.63
511,5.63
200,5.52
642,0.00
961,11.52
566,5.80
424,5.81
405,5.79
467,0.00
836,5.93
539,0.00
524,0.00
687,5.91
71,5.97
239,5.93
788,0.00
123,0.00
979,5.95
750,6.07
579,6.06
459,0.00
439,6.16
664,0.00
652,12.09
671,6.11
578,0.00
807,5.93
351,5.98
352,0.00
778,11.83
348,5.85
47,5.93
212,5.95
906,0.00
385,5.78
343,5.94
813,0.00
401,5.78
556,0.00
988,5.79
777,17.68
797,5.87
584,5.88
788,5.84
321,0.00
715,0.00
976,5.96
142,6.05
421,5.94
631,0.00
564,6.03
999,6.18
657,6.08
606,6.14
567,6.14
147,6.10
395,0.00
380,0.00
855,11.76
889,11.81
306,6.13
801,6.04
971,0.00
386,6.18
55,6.11
420,0.00
773,6.12
104,6.13
232,6.10
966,11.58
515,11.48
389,6.21
59,6.27
624,0.00
791,6.12
607,0.00
983,6.22
351,0.00
950,11.73
500,6.05
170,5.91
468,0.00
775,5.96
807,5.83
796,0.00
876,5.91
181,6.00
571,6.03
853,6.02
459,0.00
532,5.99
886,6.08
890,5.98
500,6.03
819,0.00
566,5.97
827,6.06
692,12.09
677,6.22
919,6.22
91,6.22
153,0.00
382,0.00
545,0.00
453,0.00
833,6.22
676,0.00
385,6.38
87,6.46
168,6.47
36,6.31
832,0.00
39,6.34
561,0.00
401,0.00
851,6.26
395,6.15
629,0.00
191,6.14
963,6.11
197,6.12
387,0.00
541,5.93
6,5.92
840,5.72
756,0.00
748,5.75
842,11.89
149,5.79
164,5.72
765,11.85
930,0.00
737,12.01
601,5.89
982,17.43
714,5.83
132,5.80
196,5.86
22,5.87
710,5.85
309,5.95
539,0.00
80,5.83
650,0.00
424,5.79
8,5.80
993,5.81
701,11.96
16,5.95
328,11.82
992,5.85
572,5.85
15,5.83
594,5.83
409,0.00
871,0.00
751,5.82
191,5.84
800,0.00
737,0.00
313,5.85
925,5.75
938,5.96
494,0.00
234,5.86
290,5.73
378,0.00
809,5.72
177,5.82
116,5.77
575,0.00
446,5.60
932,11.85
782,5.65
7,5.78
465,5.66
553,5.67
821,11.79
677,5.81
238,5.62
5,5.79
129,5.59
364,5.51
844,5.56
840,0.00
770,5.61
27,5.74
274,5.70
763,0.00
857,5.70
479,5.69
149,5.77
37,5.67
994,0.00
684,5.73
323,5.87
926,0.00
917,5.69
419,0.00
52,5.88
480,0.00
968,0.00
861,11.56
898,11.71
234,5.94
639,0.00
209,5.99
656,5.87
797,11.70
810,5.96
260,6.02
592,0.00
767,11.75
354,5.99
489,0.00
647,6.08
971,0.00
639,6.08
860,6.18
568,6.23
5,6.28
702,0.00
496,0.00
548,6.25
106,6.33
256,12.15
425,11.94
16,6.30
886,12.00
411,6.15
658,0.00
722,6.16
300,6.20
911,0.00
774,0.00
789,6.08
968,0.00
850,6.16
832,11.99
821,0.00
804,6.31
661,6.34
560,0.00
985,0.00
187,6.54
248,0.00
212,6.60
228,6.61
301,6.66
485,6.47
120,6.58
520,6.60
6,6.61
117,0.00
128,0.00
772,18.28
398,12.19
659,6.52
800,6.55
138,6.59
531,0.00
385,6.57
93,6.51
409,6.51
143,6.56
887,0.00
263,6.45
218,6.41
374,0.00
243,6.44
685,6.30
75,6.36
881,0.00
886,12.10
364,6.41
764,12.08
256,6.47
722,0.00
752,12.17
987,6.43
222,6.46
203,6.35
216,6.49
934,0.00
815,0.00
709,6.57
356,0.00
39,6.51
839,0.00
995,6.44
489,0.00
751,6.61
244,6.41
457,6.36
388,0.00
865,6.55
734,12.58
701,6.47
16,6.48
810,6.41
92,6.42
605,0.00
288,6.32
466,0.00
394,6.39
622,0.00
133,6.35
337,6.29
314,0.00
620,0.00
713,12.55
376,6.55
869,6.56
602,6.61
674,0.00
228,6.41
612,0.00
913,6.46
85,6.46
352,0.00
794,6.37
75,6.44
97,6.28
202,6.14
610,0.00
128,6.08
401,0.00
400,5.92
643,0.00
333,5.82
225,5.89
897,0.00
372,5.83
481,0.00
854,5.87
544,5.87
232,0.00
98,5.99
104,5.93
776,0.00
130,6.01
635,5.86
289,0.00
873,5.88
214,5.83
251,5.94
874,0.00
442,6.01
485,0.00
889,5.88
325,5.99
227,6.05
623,0.00
285,6.01
434,0.00
919,0.00
246,6.01
710,6.01
360,0.00
797,12.29
729,12.44
222,12.44
68,5.94
338,5.83
189,5.87
877,5.74
190,5.74
777,5.64
948,0.00
128,5.79
612,5.71
598,0.00
368,5.67
938,0.00
108,5.67
405,5.72
458,5.73
529,0.00
681,5.65
120,5.63
664,0.00
404,5.63
401,5.77
323,0.00
76,5.74
396,0.00
893,5.71
416,5.82
564,5.71
522,0.00
326,5.74
855,0.00
114,5.64
853,5.71
371,5.71
767,18.42
293,5.77
555,12.08
71,5.80
341,5.72
565,0.00
749,5.66
48,5.75
743,0.00
552,0.00
594,5.82
868,5.92
601,6.02
161,5.93
577,0.00
642,6.00
278,0.00
42,6.01
804,0.00
744,5.98
641,5.90
941,6.02
320,6.13
588,0.00
784,6.14
781,5.92
275,5.96
468,0.00
441,5.91
796,0.00
326,5.90
779,6.01
570,0.00
633,5.81
751,5.89
838,5.81
745,5.90
22,5.93
865,5.94
657,0.00
654,6.02
197,6.14
564,0.00
271,6.01
529,0.00
194,5.98
910,6.07
540,6.10
441,6.09
397,6.10
702,11.81
104,6.21
70,6.00
962,6.00
459,0.00
34,6.17
646,0.00
63,6.01
964,11.72
764,6.04
44,5.94
797,5.84
562,0.00
303,5.78
896,0.00
746,5.87
904,5.95
220,6.04
374,5.87
349,0.00
899,5.97
555,5.92
856,0.00
886,5.95
983,6.11
17,6.02
95,0.00
578,0.00
428,0.00
682,6.04
676,6.04
765,0.00
508,6.35
75,6.16
34,6.15
92,6.05
946,0.00
313,0.00
819,0.00
717,5.97
727,0.00
209,6.09
564,0.00
326,6.14
826,0.00
958,0.00
191,6.10
657,0.00
998,12.11
542,12.10
346,6.18
964,6.28
656,6.33
417,6.22
146,0.00
689,6.36
922,0.00
333,6.34
164,6.26
767,0.00
822,6.35
691,6.30
923,0.00
597,6.43
714,6.55
433,6.51
716,6.52
80,6.61
583,0.00
335,6.37
749,6.28
550,6.31
276,6.39
223,6.31
393,12.39
577,6.28
94,6.23
128,6.25
392,0.00
325,6.00
373,6.04
682,0.00
825,12.19
331,6.14
832,12.02
633,6.15
899,11.98
836,6.28
61,6.29
705,6.14
565,6.22
804,5.99
586,0.00
229,6.01
53,6.03
228,5.99
497,0.00
352,6.01
268,6.04
296,5.80
71,5.80
3,5.84
146,5.76
79,0.00
507,5.62
737,0.00
298,0.00
22,5.31
341,5.30
131,5.40
202,5.29
68,5.29
164,5.24
880,11.20
470,5.19
350,5.25
368,5.09
898,11.24
326,5.09
990,5.15
545,5.08
945,0.00
794,0.00
596,0.00
950,5.03
990,11.20
99,5.16
630,11.54
797,11.46
326,5.11
308,11.54
145,5.26
187,5.19
223,5.15
24,5.27
746,5.15
519,5.26
95,5.20
317,5.14
942,0.00
507,5.11
429,4.95
483,0.00
580,4.99
290,0.00
803,0.00
511,5.19
64,5.20
472,0.00
288,5.17
508,5.18
939,0.00
181,5.20
328,5.25
930,0.00
499,5.27
207,0.00
351,11.29
413,5.27
425,5.31
979,5.19
932,5.30
565,11.61
146,5.33
397,5.32
225,11.38
783,5.35
638,5.39
212,5.28
631,0.00
909,5.39
835,11.31
108,5.42
91,5.41
323,0.00
72,5.23
990,0.00
351,5.23
209,5.34
545,0.00
168,5.42
975,0.00
626,5.50
669,5.41
648,5.56
710,0.00
504,5.61
206,5.74
994,5.76
317,0.00
55,5.78
922,5.60
233,5.61
571,0.00
811,5.64
683,5.75
697,5.80
781,5.79
613,0.00
270,5.52
634,0.00
561,10.85
361,5.68
840,0.00
557,0.00
167,5.58
261,5.55
463,5.43
709,0.00
801,5.43
973,5.35
975,5.47
78,5.51
48,5.38
153,5.43
337,0.00
993,0.00
467,5.31
498,0.00
785,0.00
703,5.31
871,5.44
140,5.49
195,5.43
149,0.00
474,5.49
298,5.42
685,0.00
932,16.97
30,5.54
780,0.00
222,10.81
588,5.64
864,10.78
700,10.93
63,5.41
290,5.42
85,5.42
348,0.00
235,5.55
607,5.43
755,0.00
958,10.68
171,5.37
861,10.76
901,5.58
199,5.42
289,0.00
363,5.54
20,5.65
979,10.85
169,5.67
5,5.56
342,5.53
851,0.00
81,5.50
665,5.31
292,0.00
638,5.38
811,5.24
579,5.25
997,0.00
6,5.40
792,5.38
670,5.41
358,5.34
427,0.00
898,11.08
197,5.23
897,5.23
597,0.00
423,5.30
448,5.36
974,5.46
36,5.46
583,0.00
788,5.53
127,5.43
330,5.27
751,5.34
583,0.00
321,5.43
679,0.00
875,5.47
440,0.00
63,5.41
701,0.00
556,10.85
893,5.53
378,5.54
265,0.00
178,5.58
256,5.42
858,5.45
575,0.00
951,5.37
982,5.31
722,5.43
228,5.53
268,0.00
535,5.25
761,0.00
859,5.31
755,0.00
709,5.44
924,5.36
229,5.37
941,5.50
3,5.39
56,5.39
240,5.39
747,5.34
408,10.83
61,5.44
583,0.00
485,0.00
65,5.30
601,5.31
6,5.31
292,5.24
610,0.00
852,0.00
763,0.00
332,5.19
95,5.10
695,0.00
403,5.38
566,0.00
221,5.44
877,0.00
353,5.47
480,0.00
435,5.41
428,5.47
815,0.00
966,10.80
754,5.52
861,5.75
192,5.75
766,5.75
198,5.86
825,5.70
521,0.00
658,0.00
811,5.81
199,5.95
942,0.00
289,5.81
471,0.00
462,5.76
900,5.79
993,0.00
162,5.91
330,0.00
289,5.87
470,5.87
973,0.00
4,5.77
933,0.00
800,6.04
449,0.00
363,6.00
922,0.00
273,5.97
236,5.97
501,0.00
747,5.84
295,6.06
106,6.02
536,0.00
705,0.00
797,6.17
276,6.22
605,6.06
701,6.16
646,11.49
961,6.20
24,6.03
107,6.20
176,6.25
258,6.16
691,0.00
899,0.00
307,6.08
470,6.09
384,6.18
927,11.49
297,11.59
313,0.00
919,6.11
211,6.14
883,6.04
799,6.23
896,11.51
31,6.12
219,6.23
717,6.14
320,0.00
454,6.14
507,0.00
405,6.36
147,6.24
94,6.10
641,11.43
387,5.96
293,5.94
558,5.90
191,5.97
667,0.00
371,5.84
331,0.00
869,0.00
606,0.00
64,5.57
663,0.00
376,5.55
35,5.62
947,5.59
113,5.67
274,5.48
534,0.00
635,5.34
329,0.00
74,5.19
952,0.00
989,11.07
904,11.14
266,5.23
806,0.00
705,5.42
109,5.47
590,0.00
4,5.50
839,5.32
597,5.30
571,5.33
942,5.27
340,5.36
348,0.00
797,16.80
261,5.32
799,5.27
28,5.34
76,5.36
964,5.17
300,5.21
837,0.00
591,0.00
316,0.00
886,11.30
695,0.00
629,5.00
460,5.14
752,11.26
429,5.22
985,11.23
150,5.22
954,5.15
344,5.13
152,5.04
9,5.10
693,5.10
414,5.20
530,0.00
960,11.27
613,4.99
253,5.01
409,0.00
957,4.97
624,0.00
56,5.04
888,5.04
773,0.00
985,5.09
200,5.14
494,5.20
757,5.21
358,0.00
412,5.17
479,5.19
511,5.18
89,5.26
222,5.13
422,0.00
127,5.05
90,5.05
152,4.96
449,0.00
705,4.96
229,0.00
861,10.46
388,5.16
500,5.17
481,0.00
292,5.17
158,5.24
165,5.26
518,0.00
643,0.00
54,5.02
218,4.86
319,4.75
868,0.00
250,4.93
860,0.00
442,4.67
481,0.00
866,4.74
690,0.00
764,10.20
971,4.91
24,5.00
627,0.00
627,0.00
41,5.03
661,0.00
397,4.90
309,5.01
386,0.00
919,4.92
85,5.06
475,0.00
655,0.00
525,4.77
384,0.00
823,0.00
985,4.83
506,9.99
563,4.84
735,4.89
827,4.96
600,0.00
847,5.11
216,5.01
759,4.93
337,5.04
818,10.08
684,5.10
561,5.02
936,10.19
978,16.38
127,5.11
773,5.16
309,0.00
646,5.16
293,0.00
454,0.00
581,5.03
447,0.00
769,5.08
819,0.00
649,5.19
280,5.18
636,0.00
350,5.27
635,0.00
632,5.35
327,5.37
449,5.37
665,0.00
791,5.42
369,0.00
241,5.36
810,0.00
166,5.29
675,5.33
879,5.39
848,0.00
963,10.59
781,5.49
781,0.00
934,10.37
198,5.68
88,5.54
963,10.41
564,5.65
277,5.69
252,0.00
736,5.63
422,0.00
862,10.52
343,0.00
513,10.59
891,5.59
391,5.52
110,5.63
144,5.67
669,5.61
154,5.69
524,5.61
296,5.57
681,5.57
551,5.70
264,5.80
563,5.61
550,0.00
20,5.77
354,0.00
955,5.75
502,0.00
991,5.84
338,5.80
534,10.77
102,5.94
680,0.00
23,5.80
289,0.00
560,0.00
459,10.73
857,5.88
28,5.89
330,5.74
227,5.69
135,0.00
139,5.64
910,0.00
909,15.79
297,0.00
509,10.89
882,5.73
207,5.67
303,0.00
329,10.79
315,5.75
818,0.00
331,5.62
104,5.72
642,5.74
75,5.73
847,0.00
26,5.79
955,0.00
116,5.70
1,5.71
831,0.00
974,5.59
167,5.70
983,0.00
436,5.67
806,0.00
966,5.80
838,5.73
169,0.00
407,5.76
439,0.00
479,5.78
625,0.00
953,0.00
130,5.82
667,0.00
279,5.70
445,11.22
968,16.44
558,5.87
191,0.00
382,5.74
477,5.82
161,5.72
960,16.23
60,5.62
708,5.61
536,0.00
447,5.60
244,5.55
315,5.64
182,5.58
95,0.00
664,0.00
620,5.45
537,0.00
847,5.51
872,5.66
499,5.78
368,0.00
607,11.27
100,5.59
241,5.56
307,5.58
501,5.60
376,0.00
708,5.42
306,5.43
118,5.36
834,0.00
357,5.37
26,5.28
8,5.39
396,0.00
877,16.31
397,0.00
343,5.45
873,5.41
914,5.50
381,0.00
944,5.67
171,5.50
725,11.13
835,5.61
489,0.00
749,5.51
122,5.59
12,5.56
660,0.00
454,0.00
804,5.50
349,5.57
991,0.00
219,5.53
524,0.00
149,5.53
163,5.61
93,5.54
944,0.00
466,5.51
715,5.52
17,5.57
775,0.00
789,5.43
245,5.48
826,0.00
252,0.00
449,5.50
204,5.45
467,0.00
544,5.34
842,5.32
563,0.00
13,5.42
283,5.35
4,5.43
674,5.38
897,5.45
282,0.00
537,5.39
460,5.31
997,5.34
19,5.35
969,0.00
314,5.43
712,5.36
755,5.47
879,0.00
236,5.59
642,0.00
683,5.57
355,5.43
745,0.00
803,5.44
782,5.54
872,11.16
104,5.62
477,0.00
392,5.53
154,5.62
352,5.56
940,0.00
165,5.63
756,5.71
515,5.56
500,5.66
867,5.66
189,5.81
629,5.49
555,5.47
72,5.54
607,5.56
227,5.55
893,0.00
900,5.59
879,16.90
381,5.58
541,5.59
498,5.56
323,5.60
313,0.00
309,5.47
652,5.52
999,0.00
52,5.41
923,5.41
259,5.52
368,5.37
695,5.38
63,5.42
726,0.00
668,5.32
232,5.34
16,5.28
370,0.00
628,0.00
331,5.33
942,0.00
849,5.40
752,10.90
923,5.52
542,5.47
460,5.61
143,5.72
808,0.00
811,5.74
210,5.75
826,0.00
942,5.73
593,5.59
428,5.72
931,5.77
44,5.84
338,0.00
910,5.83
908,11.26
298,5.95
450,6.04
505,0.00
956,5.83
213,5.85
870,0.00
73,5.75
42,0.00
492,5.69
622,0.00
439,5.77
479,5.72
502,0.00
489,0.00
137,5.66
697,5.62
127,5.62
277,0.00
956,5.68
128,5.68
205,5.57
628,5.57
687,0.00
358,5.66
185,5.75
18,11.20
814,5.65
221,0.00
507,5.73
489,5.80
582,5.62
342,0.00
424,5.58
882,0.00
95,5.55
815,5.53
579,11.24
639,5.59
36,5.48
186,5.56
236,5.39
159,5.39
956,0.00
709,5.64
701,0.00
565,5.57
305,0.00
967,5.54
726,5.55
697,0.00
392,5.61
139,5.69
987,0.00
847,0.00
64,5.86
862,5.86
179,5.97
266,5.90
449,0.00
802,5.77
98,5.81
626,0.00
860,5.89
110,5.86
239,5.76
877,5.65
211,0.00
557,0.00
541,5.66
590,0.00
729,5.76
1000,5.69
198,5.84
749,5.70
466,0.00
310,5.55
607,5.55
798,5.46
520,0.00
581,5.57
443,0.00
466,5.57
960,5.57
511,0.00
80,5.58
192,5.63
966,5.53
747,0.00
196,5.78
848,0.00
447,5.82
148,5.89
794,0.00
972,22.78
192,5.83
378,0.00
881,5.71
753,0.00
962,11.55
596,5.99
446,6.07
963,0.00
906,6.16
338,6.15
320,11.76
187,6.14
160,6.02
823,6.13
37,6.22
778,6.15
126,6.07
432,0.00
705,0.00
825,11.79
807,11.76
69,6.14
603,6.23
779,6.29
130,6.16
732,0.00
264,6.14
828,0.00
227,6.22
26,6.10
607,0.00
131,5.93
874,5.95
909,11.67
206,6.06
409,0.00
277,0.00
10,5.81
916,5.81
808,5.84
595,5.66
323,5.80
769,0.00
14,5.65
121,5.82
588,0.00
435,5.79
813,0.00
939,5.89
970,5.84
483,5.76
580,5.81
473,5.82
970,11.53
802,5.86
611,5.86
281,5.72
575,5.76
928,17.22
250,5.78
803,5.73
774,11.33
90,5.80
625,0.00
394,5.71
197,0.00
313,5.69
501,0.00
116,5.67
752,0.00
371,5.63
407,0.00
880,5.71
188,5.74
912,0.00
329,0.00
539,5.50
287,5.53
825,5.44
737,0.00
561,5.56
302,5.60
872,17.35
105,5.54
115,5.51
862,5.63
377,11.85
219,5.71
698,5.74
2,5.75
342,0.00
399,0.00
798,5.77
946,5.75
13,5.75
69,5.74
618,5.65
727,0.00
820,11.98
249,12.10
736,5.85
534,5.86
78,5.66
828,5.69
667,0.00
828,5.85
81,5.91
878,5.83
61,5.99
916,6.00
138,6.03
269,5.89
689,5.89
741,0.00
26,0.00
670,5.90
798,0.00
330,6.11
714,6.12
106,6.13
463,0.00
285,6.18
318,6.01
375,0.00
431,5.94
986,0.00
433,6.01
915,0.00
95,5.99
305,0.00
246,11.66
661,6.07
520,6.08
373,11.71
614,5.99
765,11.72
384,5.86
639,5.93
340,0.00
645,0.00
312,6.09
774,5.89
597,5.99
72,5.86
354,0.00
192,5.84
470,5.74
61,5.82
424,5.79
594,0.00
329,5.78
847,5.75
577,0.00
241,5.72
260,5.85
389,0.00
49,5.67
116,5.67
940,0.00
956,0.00
474,5.52
548,5.67
61,5.56
86,5.48
42,5.58
541,5.42
602,5.47
878,5.34
988,5.40
552,5.34
596,5.37
12,5.17
371,5.29
1000,22.98
74,5.27
373,0.00
328,0.00
296,5.23
759,0.00
943,5.08
297,0.00
988,5.16
745,5.32
68,5.43
771,5.45
316,0.00
812,11.38
525,5.41
406,0.00
414,5.47
367,0.00
446,5.18
69,5.25
679,5.25
447,0.00
640,5.25
216,5.30
234,5.19
389,0.00
770,11.13
36,5.18
88,5.20
990,0.00
687,5.19
586,0.00
993,11.26
407,5.35
713,11.18
99,5.15
588,5.17
846,5.16
871,0.00
55,5.15
308,5.14
346,0.00
112,5.24
631,0.00
548,0.00
627,5.21
847,5.24
288,0.00
851,5.31
367,5.46
495,5.46
843,0.00
739,5.60
297,5.64
52,5.70
453,0.00
911,5.66
503,5.67
574,0.00
301,5.70
205,5.60
397,0.00
115,11.23
365,5.77
806,5.74
242,5.88
585,0.00
868,11.11
812,11.20
429,5.97
298,5.99
181,0.00
645,0.00
868,6.09
235,11.34
852,11.47
119,6.05
13,6.10
403,0.00
678,6.01
526,0.00
53,5.97
508,0.00
5,6.01
389,0.00
28,5.74
496,0.00
514,5.83
61,5.75
132,5.72
639,0.00
718,5.72
84,5.66
934,0.00
879,5.61
273,5.73
193,5.81
62,5.73
999,5.65
863,5.76
977,0.00
187,5.76
554,5.75
119,5.67
351,0.00
251,5.58
766,0.00
592,16.80
759,16.83
690,10.80
603,5.63
315,5.65
405,0.00
891,5.52
614,0.00
661,5.70
685,0.00
95,5.91
725,5.70
96,5.87
755,0.00
678,5.85
551,5.90
147,5.79
341,5.79
783,5.80
527,5.66
54,5.52
435,0.00
303,5.39
904,0.00
645,5.45
307,0.00
66,5.56
492,11.16
467,5.48
749,5.58
237,5.55
407,5.53
42,5.35
376,0.00
991,5.26
369,0.00
323,11.10
812,5.36
722,0.00
339,5.14
639,5.19
879,5.04
875,5.11
376,11.06
394,5.20
799,5.20
764,5.21
702,5.21
20,5.37
32,5.16
261,0.00
724,5.17
541,0.00
304,0.00
825,5.21
115,5.29
146,5.36
814,0.00
794,5.34
663,5.43
791,0.00
998,0.00
717,5.45
56,5.53
989,5.49
804,5.49
325,0.00
378,5.53
128,5.55
189,5.55
377,0.00
741,5.53
801,0.00
18,5.61
363,11.20
985,5.61
927,22.32
207,5.56
400,5.66
529,5.72
134,5.62
10,5.62
910,0.00
950,5.55
340,0.00
841,0.00
596,5.31
214,5.39
726,5.39
35,5.54
539,5.47
821,0.00
548,5.55
527,5.45
757,5.50
54,5.48
970,0.00
566,0.00
540,5.51
820,10.86
898,5.55
868,5.70
981,5.64
108,5.68
245,0.00
522,5.59
390,0.00
687,5.63
838,5.69
644,10.67
27,5.75
486,0.00
753,10.68
171,5.68
490,5.79
238,10.74
728,5.64
29,5.58
8,5.42
149,5.54
201,5.51
296,5.59
674,0.00
479,5.40
40,5.52
11,5.39
863,0.00
882,5.30
759,5.42
949,10.68
300,5.46
438,0.00
610,0.00
540,5.34
817,0.00
548,5.38
145,5.40
590,0.00
914,5.31
145,5.39
81,5.46
334,5.42
171,5.41
231,5.30
19,5.34
472,0.00
292,10.95
109,5.26
673,0.00
703,16.31
666,0.00
244,5.04
411,5.01
982,4.99
851,5.12
890,0.00
103,5.03
26,5.04
431,0.00
735,10.55
348,5.11
901,10.58
941,0.00
579,5.05
409,5.18
345,0.00
553,5.22
353,0.00
213,5.17
769,10.68
905,5.12
761,5.28
790,5.34
702,0.00
591,5.19
462,5.28
887,5.36
785,10.95
220,5.40
512,5.32
127,5.33
874,5.43
73,5.40
230,5.24
287,0.00
928,10.94
567,0.00
853,10.99
648,5.38
440,5.38
480,5.42
637,5.43
467,0.00
366,5.43
348,5.40
895,5.38
761,5.34
806,0.00
666,5.36
722,5.47
1000,5.45
160,5.51
492,0.00
314,0.00
725,5.42
825,0.00
952,5.49
862,0.00
25,5.64
125,5.61
408,0.00
381,5.62
486,0.00
916,5.65
128,5.74
792,5.72
706,5.78
483,0.00
921,16.55
470,5.83
1,5.87
624,5.74
942,10.68
225,5.61
404,5.72
550,0.00
793,0.00
818,10.88
308,5.70
251,5.66
61,5.52
89,5.45
869,0.00
725,5.47
620,5.54
780,5.54
805,5.55
623,5.69
203,16.36
177,5.51
281,0.00
880,5.43
584,5.38
27,5.45
672,16.32
67,5.38
184,5.25
477,0.00
215,5.16
194,5.16
556,0.00
741,5.15
243,5.15
343,0.00
780,5.14
9,5.15
84,0.00
824,15.92
773,10.45
119,5.22
129,0.00
399,0.00
489,5.07
879,5.10
514,5.12
341,5.26
789,5.33
448,5.29
968,0.00
913,5.39
208,5.41
864,0.00
494,5.54
11,5.30
249,5.40
268,5.39
24,5.36
276,0.00
593,0.00
425,5.21
967,0.00
622,5.37
746,10.97
308,5.59
693,5.37
27,5.42
774,0.00
44,5.49
570,0.00
408,0.00
933,5.54
483,0.00
918,5.69
64,5.65
584,0.00
571,11.65
840,5.88
383,11.62
639,5.92
612,5.78
188,5.98
935,11.77
924,6.10
491,11.68
506,0.00
688,6.08
159,6.21
638,6.24
886,6.31
674,6.40
921,17.31
117,6.24
23,6.36
200,6.47
361,0.00
843,0.00
344,6.39
952,0.00
558,6.43
567,22.63
265,6.50
289,11.94
337,6.55
816,11.86
152,6.58
87,0.00
219,6.43
200,6.46
944,6.42
923,6.53
37,6.56
480,6.49
315,6.60
862,6.73
104,6.81
172,6.68
93,0.00
18,6.70
549,6.60
147,6.68
736,0.00
735,6.56
834,6.70
767,0.00
326,6.60
267,6.75
350,0.00
666,6.65
812,0.00
693,6.78
593,0.00
883,6.74
625,0.00
781,0.00
97,6.76
34,6.91
957,0.00
700,6.79
714,6.75
507,6.84
435,6.84
366,0.00
13,7.04
892,0.00
166,6.79
973,0.00
801,6.80
136,0.00
118,6.72
196,6.82
293,6.79
277,6.64
835,0.00
608,6.64
723,6.68
99,6.81
47,6.63
556,0.00
239,6.55
192,6.52
177,6.52
311,0.00
103,6.52
279,0.00
483,0.00
629,6.09
1000,6.34
93,6.29
553,0.00
561,6.12
263,6.14
874,0.00
503,6.04
18,6.12
876,0.00
623,12.69
627,0.00
407,6.12
822,0.00
437,6.27
872,0.00
672,12.77
347,6.38
623,18.12
604,12.67
100,6.38
140,6.43
380,6.20
956,23.81
245,6.33
915,0.00
999,6.34
710,6.33
171,6.34
463,0.00
901,6.25
376,6.17
935,6.30
9,6.31
835,6.26
241,6.27
305,6.24
406,0.00
391,6.11
36,6.12
318,6.03
721,0.00
523,6.08
961,6.08
222,6.10
50,6.09
232,5.95
663,0.00
526,0.00
306,5.85
521,0.00
125,5.84
830,0.00
800,5.71
828,0.00
638,5.80
419,5.67
225,5.77
532,5.68
519,12.52
201,5.66
257,0.00
582,5.62
911,12.24
247,5.60
654,0.00
188,5.62
94,5.60
795,0.00
614,5.56
967,5.68
364,0.00
553,5.73
47,5.84
659,0.00
967,18.29
577,5.96
274,6.12
755,5.80
449,0.00
399,5.88
883,0.00
841,5.89
144,5.98
534,5.85
653,0.00
899,11.98
128,5.81
5,5.84
405,5.64
518,0.00
69,5.52
819,0.00
323,5.60
233,5.60
967,5.69
250,5.62
295,0.00
422,0.00
522,11.96
232,5.47
760,11.92
942,5.73
379,11.96
389,5.69
480,11.80
712,11.87
654,5.65
606,5.76
490,5.80
441,5.81
536,5.76
734,5.83
137,5.71
189,5.75
944,5.79
85,5.90
997,5.98
608,0.00
743,0.00
660,6.05
192,5.93
938,5.94
276,6.01
835,5.95
236,0.00
774,6.00
943,11.56
277,6.11
621,5.85
420,5.89
899,0.00
964,5.95
4,5.93
287,0.00
522,6.06
149,5.95
545,0.00
510,5.81
544,5.85
88,5.78
932,5.66
635,0.00
526,5.64
393,0.00
745,5.56
475,5.57
18,5.57
936,17.84
371,5.59
722,5.59
496,0.00
489,5.53
865,0.00
771,0.00
489,5.57
642,0.00
128,5.69
831,11.40
671,5.74
286,5.69
651,5.58
727,5.63
241,5.69
227,5.73
370,5.61
687,5.53
530,5.61
881,11.30
170,5.68
628,0.00
370,0.00
259,5.46
352,11.19
76,5.46
522,0.00
865,11.15
607,11.09
839,5.66
283,5.67
489,5.69
291,5.57
184,5.47
588,0.00
711,5.53
572,5.52
429,5.59
102,5.41
723,0.00
619,0.00
876,0.00
242,5.34
225,5.49
781,0.00
291,5.30
524,0.00
321,5.28
993,0.00
928,0.00
359,5.37
38,5.41
798,0.00
933,5.43
719,5.54
974,5.50
878,5.60
331,0.00
943,5.58
220,5.60
835,0.00
454,5.69
817,11.48
82,5.67
741,0.00
970,5.67
355,5.79
344,5.79
724,0.00
981,5.91
728,5.96
782,0.00
587,6.02
550,5.93
969,5.95
521,0.00
882,5.96
31,5.97
302,5.72
62,5.85
133,5.77
575,0.00
866,5.70
649,5.72
634,11.39
133,5.82
456,0.00
265,5.65
681,5.76
552,0.00
516,5.79
317,5.84
394,5.82
845,0.00
740,5.88
664,0.00
790,5.90
462,5.98
812,23.54
662,23.69
26,6.18
538,0.00
444,0.00
596,6.12
55,6.05
103,5.97
87,11.42
749,5.97
631,5.97
29,5.86
346,5.78
801,0.00
725,11.51
619,5.91
470,5.86
7,6.01
320,0.00
567,5.81
400,5.77
201,5.73
148,5.73
822,0.00
890,5.46
745,10.97
700,5.63
153,5.69
938,0.00
987,5.53
152,5.65
16,5.57
599,0.00
228,5.75
235,5.60
681,0.00
15,5.51
551,11.26
689,5.56
145,5.44
361,0.00
433,5.46
341,5.39
362,0.00
866,5.31
265,5.31
553,11.32
292,5.36
458,5.40
940,11.18
506,5.46
686,5.61
125,5.48
970,0.00
814,11.35
453,5.39
721,5.47
364,5.44
3,5.64
869,5.55
191,5.55
641,0.00
55,5.63
591,0.00
926,5.58
918,5.72
157,5.73
398,0.00
656,5.69
643,5.67
803,0.00
202,5.84
25,5.79
250,0.00
7,5.80
463,0.00
508,5.65
1000,0.00
336,0.00
676,5.58
271,5.69
294,0.00
411,5.74
214,5.52
605,5.55
590,5.59
154,5.59
409,0.00
685,5.66
160,5.67
511,0.00
361,5.51
452,5.53
682,5.62
961,5.63
743,11.54
575,5.61
603,5.73
718,5.75
273,0.00
197,5.80
880,0.00
353,0.00
484,5.88
560,0.00
972,5.96
722,0.00
131,5.90
349,0.00
2,5.80
961,0.00
630,5.70
87,5.67
79,5.75
230,5.69
251,5.64
115,5.64
591,0.00
763,5.77
255,5.65
749,5.74
913,0.00
430,5.77
707,0.00
147,5.78
568,0.00
250,5.78
55,5.67
801,5.60
655,5.67
802,17.17
273,5.65
760,5.71
405,11.01
267,5.68
748,0.00
15,5.68
664,0.00
567,5.50
836,0.00
919,0.00
260,5.73
102,5.58
687,5.58
633,11.34
966,5.57
743,5.64
522,5.59
971,5.58
13,5.74
220,5.84
930,5.72
596,0.00
989,5.90
813,0.00
34,5.71
686,17.52
998,5.85
331,5.82
678,0.00
622,5.91
734,0.00
631,5.86
893,6.01
579,11.79
206,6.01
235,5.90
401,5.89
278,6.00
292,0.00
628,5.72
164,5.77
258,5.74
368,5.73
708,5.79
901,0.00
775,5.83
733,5.74
955,0.00
467,5.66
893,0.00
527,5.79
709,0.00
114,5.85
571,5.84
663,5.90
531,0.00
887,11.42
963,5.80
872,5.82
838,5.90
699,5.87
795,0.00
478,5.95
201,6.04
759,0.00
795,17.11
371,11.65
337,6.23
724,0.00
341,6.07
165,6.14
662,6.15
402,6.22
678,0.00
70,6.08
6,5.99
641,0.00
482,5.90
584,5.90
213,5.91
470,0.00
833,5.91
520,5.75
313,5.81
560,5.79
174,5.75
487,0.00
465,5.69
953,0.00
523,5.66
920,0.00
64,5.67
107,5.58
932,5.52
929,11.43
832,5.60
903,11.61
536,0.00
139,5.55
663,17.14
850,0.00
222,11.51
471,0.00
629,5.66
363,0.00
810,5.60
317,0.00
731,0.00
427,5.56
969,0.00
571,11.43
640,5.62
936,11.35
536,5.72
536,0.00
804,11.39
231,5.78
212,5.74
808,0.00
668,5.57
996,5.67
588,0.00
269,5.71
873,5.80
864,5.89
347,5.86
747,5.87
335,11.60
332,5.93
539,5.94
684,5.71
111,5.74
566,0.00
392,0.00
94,5.53
604,0.00
6,5.47
632,0.00
977,11.58
346,5.50
87,5.54
744,5.35
92,5.44
373,5.38
463,0.00
900,11.39
661,5.50
269,5.47
26,5.60
62,5.64
164,5.52
259,0.00
253,5.52
622,0.00
879,11.53
632,5.69
904,5.59
3,5.60
444,5.41
462,0.00
479,5.51
39,5.41
943,0.00
860,16.83
10,5.34
98,10.98
428,10.79
869,5.31
271,5.09
900,5.46
735,10.98
323,5.28
193,5.20
71,5.20
474,0.00
373,0.00
424,5.16
291,0.00
717,5.19
249,5.23
479,0.00
861,5.21
312,0.00
815,0.00
725,5.16
664,0.00
317,5.18
721,0.00
668,0.00
227,5.15
338,0.00
443,5.06
279,4.96
520,4.96
454,0.00
490,0.00
750,4.95
841,0.00
738,5.01
135,4.91
787,5.02
853,5.09
250,5.02
116,5.08
154,5.15
445,0.00
963,5.06
741,5.17
888,5.28
67,0.00
703,10.82
977,5.39
230,5.48
92,5.33
404,0.00
308,0.00
329,5.28
852,5.35
703,0.00
113,5.20
120,5.17
348,0.00
605,5.13
350,5.24
861,0.00
769,5.32
335,5.23
921,5.25
254,5.26
969,5.36
326,5.28
855,5.40
156,5.48
842,5.47
947,10.95
234,5.67
607,0.00
734,16.75
666,11.03
359,0.00
914,5.80
228,5.76
152,5.83
624,5.83
410,5.90
30,5.76
638,0.00
467,11.09
756,0.00
352,5.85
167,5.72
174,5.88
831,0.00
839,11.00
441,0.00
745,5.75
386,0.00
437,5.88
608,0.00
453,5.90
52,5.94
222,5.87
652,0.00
524,5.82
560,0.00
693,5.77
296,5.85
44,5.80
417,0.00
966,5.90
654,5.90
413,5.82
457,5.89
7,6.02
197,5.96
621,5.83
304,5.78
366,0.00
729,5.89
628,0.00
952,10.86
487,5.92
125,5.91
372,5.85
966,0.00
415,5.99
4,5.99
621,0.00
201,5.85
556,5.75
736,0.00
821,0.00
861,5.73
184,5.85
24,5.93
976,0.00
792,5.92
292,0.00
467,6.02
292,0.00
320,5.95
222,5.95
637,0.00
287,5.89
696,5.97
223,6.11
966,6.00
590,0.00
710,6.04
158,6.02
319,6.02
669,6.07
882,0.00
648,5.84
1000,5.86
465,5.95
302,0.00
912,0.00
912,0.00
23,5.86
200,5.78
969,11.70
62,5.75
996,11.57
661,5.71
810,16.72
374,5.74
625,11.46
105,5.84
794,5.75
153,5.77
48,5.85
420,0.00
272,5.78
147,5.70
779,0.00
4,5.67
790,0.00
989,5.69
762,0.00
128,5.69
191,5.69
757,0.00
942,0.00
842,5.78
75,5.90
239,5.92
886,0.00
513,5.82
381,5.90
622,0.00
988,5.92
133,6.04
573,5.93
646,0.00
890,11.67
934,5.78
407,5.66
867,0.00
302,5.66
534,0.00
591,5.67
916,0.00
984,5.78
929,0.00
677,0.00
611,0.00
35,5.92
44,5.81
562,5.75
383,5.72
684,5.75
855,5.84
504,5.89
383,5.95
305,0.00
611,5.76
395,5.70
752,5.63
417,5.52
99,5.67
214,5.69
532,0.00
259,5.53
828,0.00
547,5.47
197,5.38
277,5.54
999,17.05
232,5.52
159,5.43
487,11.23
544,11.22
757,5.43
630,5.55
995,11.42
969,17.06
708,11.19
217,5.48
247,5.59
402,0.00
662,17.12
578,0.00
522,5.75
149,5.57
298,0.00
185,5.54
444,0.00
838,5.55
36,5.65
37,5.71
86,5.66
835,0.00
998,5.65
184,5.47
758,5.55
194,5.74
436,0.00
2,5.43
962,5.40
101,0.00
956,0.00
533,5.41
544,0.00
848,5.31
575,0.00
451,5.51
210,5.57
126,5.49
695,11.25
502,5.46
299,5.28
98,5.42
591,5.40
427,5.39
97,5.41
112,5.37
551,0.00
664,5.19
10,5.18
302,10.86
256,5.16
632,0.00
213,5.01
484,5.01
904,5.09
323,0.00
954,0.00
386,5.10
960,0.00
997,5.13
287,5.25
584,5.33
732,5.31
170,5.31
563,0.00
77,5.28
920,0.00
273,5.37
907,5.30
953,0.00
53,5.54
837,0.00
362,0.00
996,0.00
699,16.87
704,5.64
633,0.00
799,5.61
38,5.62
214,5.55
824,11.10
585,5.41
691,5.42
146,5.32
212,5.31
90,5.19
887,0.00
151,5.29
410,0.00
197,5.15
874,5.14
733,5.24
160,5.28
173,5.28
551,0.00
758,5.17
300,0.00
226,5.22
150,5.20
897,10.53
829,5.09
317,0.00
905,5.24
584,5.24
494,0.00
51,5.16
353,5.15
769,0.00
371,5.22
632,5.31
685,5.32
855,0.00
914,5.37
449,5.32
461,5.36
768,0.00
870,5.34
12,5.45
213,5.54
522,0.00
609,5.48
691,5.59
953,0.00
687,5.67
546,5.61
93,0.00
436,0.00
158,5.72
709,0.00
947,5.65
375,0.00
568,5.53
896,5.55
713,5.59
660,0.00
682,5.68
24,5.68
434,0.00
948,11.04
79,5.77
371,0.00
266,5.60
281,5.58
790,5.54
239,5.69
839,0.00
976,22.50
653,11.28
375,0.00
702,0.00
909,11.36
588,0.00
672,11.36
496,5.71
791,11.40
555,5.98
803,0.00
620,11.04
391,5.94
205,5.85
963,6.07
646,6.11
312,5.98
410,5.90
624,6.02
692,0.00
529,6.28
799,0.00
71,6.31
58,6.22
889,0.00
320,6.16
457,0.00
903,11.45
913,6.39
354,0.00
706,6.54
631,6.58
215,6.59
726,0.00
545,6.44
17,6.43
16,6.37
476,0.00
754,0.00
70,6.30
578,6.31
83,6.34
968,11.59
487,0.00
702,6.17
217,6.20
109,6.10
823,6.01
196,6.06
178,5.99
862,5.83
669,5.85
27,5.90
587,0.00
160,5.75
429,0.00
874,5.74
731,0.00
441,5.77
794,0.00
996,5.83
534,5.77
672,0.00
701,5.82
441,0.00
895,5.84
218,5.85
240,0.00
954,0.00
454,6.01
830,0.00
164,5.93
721,0.00
931,5.92
665,5.94
566,0.00
254,5.90
425,0.00
103,5.87
471,0.00
988,22.64
819,17.30
151,5.89
709,11.66
256,5.81
215,0.00
723,5.94
238,5.64
614,0.00
500,11.54
209,5.57
664,0.00
697,5.41
983,0.00
46,5.43
653,5.43
879,5.46
301,0.00
321,5.45
805,5.31
1000,5.28
817,5.24
196,5.41
25,5.35
774,11.81
703,5.29
509,5.35
190,5.41
819,5.45
780,0.00
432,0.00
867,22.72
591,5.60
549,5.64
516,0.00
632,5.49
452,5.53
764,5.64
658,5.74
185,5.75
979,0.00
697,5.79
827,0.00
135,5.84
168,5.90
446,5.86
887,0.00
871,5.95
504,0.00
135,5.94
764,0.00
405,0.00
664,5.97
614,6.05
153,5.78
103,5.93
354,5.78
591,11.54
691,5.83
437,5.84
474,5.64
928,0.00
953,5.80
579,0.00
336,5.73
271,5.70
578,0.00
830,17.50
326,5.79
996,0.00
442,5.80
263,5.82
187,5.91
740,0.00
522,5.93
485,5.81
940,5.90
879,23.29
741,6.03
257,6.01
956,11.63
236,0.00
276,0.00
774,5.64
197,5.73
408,0.00
330,5.67
976,5.67
157,5.79
436,5.70
202,5.70
28,5.65
193,5.47
752,0.00
287,5.60
23,5.53
694,5.48
170,5.65
823,0.00
944,5.60
468,5.67
64,5.71
164,5.63
16,5.63
387,0.00
895,11.24
851,11.20
827,17.29
967,11.28
74,5.71
384,0.00
730,5.77
859,0.00
200,5.72
641,0.00
130,5.74
760,0.00
274,5.61
444,5.55
151,5.56
414,0.00
358,5.47
436,5.46
69,5.52
397,5.36
37,5.42
368,0.00
666,0.00
342,0.00
907,5.32
353,0.00
100,5.25
640,0.00
50,5.34
838,5.34
73,5.44
53,5.25
146,5.27
596,10.76
603,5.12
220,0.00
896,5.23
171,5.24
388,0.00
30,5.08
540,0.00
433,5.21
573,0.00
441,0.00
56,5.05
94,4.98
593,0.00
796,16.54
643,10.87
774,5.08
927,16.93
537,0.00
824,10.90
545,11.01
848,10.96
881,10.89
26,4.97
550,5.08
967,5.04
174,5.16
654,5.09
871,0.00
336,5.12
694,0.00
89,5.20
309,5.20
973,5.21
19,5.09
183,5.11
179,4.93
647,0.00
864,4.90
462,4.89
336,4.89
202,4.93
734,0.00
958,0.00
793,10.76
348,0.00
442,4.89
754,0.00
459,4.79
689,4.97
161,4.91
105,5.03
37,4.99
978,0.00
587,5.02
209,4.96
806,5.02
180,5.08
823,0.00
736,5.01
107,5.03
163,5.05
23,4.99
388,0.00
343,4.91
255,4.98
666,4.87
341,4.88
499,4.81
691,4.79
885,4.92
8,4.98
535,4.98
365,0.00
87,4.83
457,9.92
646,4.91
661,4.91
390,4.70
710,0.00
347,4.83
770,4.80
510,0.00
910,0.00
901,0.00
758,10.11
932,16.03
516,10.26
353,5.26
47,5.29
327,0.00
965,22.05
619,0.00
675,10.50
555,0.00
321,5.13
236,5.11
289,5.20
134,5.27
984,0.00
620,5.16
619,0.00
927,5.22
38,5.25
123,5.25
529,5.25
691,5.34
8,5.35
911,10.55
89,5.35
370,0.00
966,5.29
507,5.51
424,5.44
585,0.00
761,5.40
775,5.46
979,5.53
561,10.43
681,5.61
178,5.62
924,0.00
272,5.60
95,5.41
23,5.47
476,0.00
519,5.31
886,5.31
39,5.28
26,5.29
625,0.00
678,5.29
561,0.00
743,5.35
337,5.51
597,5.52
162,5.53
31,5.60
830,0.00
73,5.57
351,0.00
652,5.68
221,5.59
758,0.00
452,5.67
387,0.00
1,5.65
378,5.57
714,5.62
449,5.66
22,5.75
16,5.76
952,10.42
989,5.79
817,5.90
418,5.88
617,10.63
813,5.92
332,6.02
22,5.86
102,5.76
293,0.00
786,5.85
533,5.95
10,5.78
862,0.00
231,5.63
510,0.00
761,5.51
682,5.62
24,5.58
469,0.00
947,22.05
664,5.65
261,0.00
245,5.53
639,5.65
49,5.61
313,5.52
238,5.55
946,0.00
416,5.48
272,5.46
726,5.50
44,5.61
490,5.49
388,5.54
569,0.00
878,0.00
522,5.52
783,5.61
978,5.46
148,5.61
468,0.00
413,5.38
997,0.00
993,5.47
297,5.58
481,0.00
176,5.48
968,5.49
104,5.59
361,5.49
872,5.43
128,0.00
328,0.00
964,5.57
817,0.00
372,0.00
668,5.93
189,5.91
429,5.81
101,0.00
490,0.00
387,5.69
186,5.74
449,0.00
928,5.84
693,5.76
593,0.00
419,5.94
470,5.99
353,0.00
713,6.08
28,5.97
76,5.96
857,0.00
435,6.20
252,0.00
176,6.19
174,6.12
463,0.00
913,0.00
952,11.96
206,6.12
658,0.00
155,6.08
256,6.04
496,0.00
288,6.05
497,6.05
431,0.00
974,6.16
47,6.17
371,0.00
270,6.09
911,0.00
863,0.00
494,6.31
179,6.33
643,6.31
615,0.00
567,6.30
288,0.00
870,6.45
721,22.49
488,6.54
515,6.56
948,12.17
215,6.53
589,6.64
762,0.00
992,0.00
96,6.59
303,6.53
892,0.00
199,6.71
595,6.67
828,12.11
62,6.70
35,0.00
869,6.72
86,6.69
734,6.73
522,6.78
763,12.12
120,6.94
123,6.86
879,0.00
957,12.37
703,0.00
278,6.91
342,6.92
496,0.00
357,6.88
271,7.01
705,0.00
702,6.93
464,6.88
688,7.00
158,6.95
216,6.77
736,0.00
248,6.83
291,6.80
494,6.76
652,6.79
414,6.80
300,6.88
497,6.73
415,0.00
188,6.76
213,6.76
912,0.00
873,0.00
443,6.69
98,6.73
781,6.73
440,0.00
440,0.00
863,6.67
732,6.78
220,6.67
700,0.00
12,6.70
837,0.00
905,6.76
153,6.86
109,6.77
174,6.71
809,6.76
111,6.66
629,6.65
141,6.72
198,6.74
495,6.78
696,6.86
419,6.72
721,6.71
787,6.85
63,6.98
581,6.89
962,0.00
222,6.74
458,6.74
158,6.93
659,6.75
800,0.00
175,0.00
452,18.77
457,0.00
967,24.51
248,13.44
430,6.91
375,6.81
104,0.00
740,6.87
221,6.76
951,6.77
598,0.00
352,6.89
689,6.85
308,7.04
261,6.96
188,6.94
398,6.92
413,7.00
894,7.04
497,6.98
346,7.07
568,0.00
592,0.00
623,0.00
80,6.94
717,0.00
702,13.62
224,6.89
628,0.00
427,0.00
427,6.85
123,6.87
78,6.74
549,0.00
887,0.00
829,13.62
359,6.89
542,6.91
68,6.86
372,0.00
744,6.79
25,7.00
336,0.00
409,6.76
220,6.83
694,0.00
874,6.86
46,6.92
476,6.75
120,6.83
79,6.73
852,6.68
654,6.74
314,6.70
503,0.00
116,6.60
559,6.60
570,6.63
572,0.00
80,6.48
705,6.42
377,0.00
525,6.42
818,6.45
916,0.00
24,6.56
913,6.43
722,6.54
593,6.48
678,6.59
225,6.60
62,6.62
958,6.55
804,13.25
425,6.64
179,6.43
758,6.62
993,0.00
253,6.35
336,6.44
663,0.00
853,6.39
105,6.18
806,0.00
424,0.00
861,13.07
872,6.05
560,6.03
243,6.12
572,6.15
430,0.00
536,5.92
748,6.02
305,6.20
514,0.00
267,6.16
218,5.97
272,5.87
677,5.94
274,5.95
274,5.89
325,5.85
431,5.77
567,0.00
445,5.89
251,5.83
404,0.00
601,5.70
442,5.79
151,5.83
105,5.73
635,5.73
3,5.80
318,0.00
331,0.00
962,5.55
451,5.62
662,5.67
158,5.74
815,0.00
408,0.00
610,5.67
713,5.46
331,5.59
756,5.64
200,5.44
651,0.00
369,5.71
348,0.00
273,5.73
654,0.00
463,0.00
251,5.70
258,5.69
985,5.77
295,0.00
781,5.75
563,5.68
670,5.78
520,5.83
47,5.76
396,0.00
738,5.74
237,5.74
64,5.77
98,5.77
481,0.00
756,5.60
99,5.54
817,0.00
436,5.44
431,5.63
715,5.64
179,0.00
667,5.78
346,5.75
360,5.58
168,5.68
187,5.60
808,0.00
872,12.21
125,5.73
510,0.00
795,5.70
762,5.63
969,11.91
888,12.04
555,5.85
93,5.81
66,5.68
875,11.85
164,5.82
704,11.92
13,5.86
827,5.85
492,5.94
330,5.95
195,5.72
56,5.82
916,0.00
266,5.53
682,5.56
694,5.61
809,5.68
870,0.00
479,5.79
267,5.74
825,5.74
107,5.68
936,0.00
299,5.61
690,0.00
422,5.67
292,5.67
766,0.00
5,5.64
524,0.00
731,5.64
591,5.73
648,0.00
429,5.73
887,0.00
669,11.08
146,5.65
422,0.00
869,5.82
914,5.61
259,5.67
131,5.76
705,0.00
944,0.00
953,5.74
94,5.86
898,0.00
384,5.92
936,0.00
457,0.00
190,5.84
63,5.87
436,0.00
902,5.78
766,5.91
380,5.98
322,0.00
588,6.04
449,6.09
886,0.00
595,6.22
712,6.07
533,0.00
779,11.80
587,6.15
21,6.11
430,6.10
846,0.00
501,11.92
286,6.13
823,5.99
889,0.00
633,6.24
788,6.22
890,6.36
12,6.29
501,0.00
43,11.87
525,12.09
920,6.24
151,6.11
523,0.00
757,6.20
455,0.00
436,6.15
400,0.00
391,6.18
420,6.32
458,6.18
891,0.00
225,6.26
395,0.00
987,6.06
935,11.85
315,6.14
133,6.25
62,6.17
466,0.00
431,6.22
705,6.24
718,11.84
576,6.35
167,6.41
88,6.20
676,6.17
256,6.36
885,0.00
332,0.00
320,6.40
216,6.36
500,6.29
332,0.00
543,0.00
499,6.37
665,6.37
658,0.00
922,6.35
183,6.36
450,0.00
418,6.49
700,0.00
41,6.37
751,6.24
81,6.24
938,6.14
206,6.23
750,0.00
697,6.10
486,6.03
989,6.03
48,6.04
254,0.00
773,11.86
353,0.00
380,6.08
888,6.19
350,6.14
127,6.14
871,0.00
726,5.94
78,6.06
89,5.99
699,0.00
373,5.99
657,11.99
39,5.96
629,0.00
830,6.07
615,5.96
165,5.81
521,0.00
735,5.96
2,5.81
16,5.75
607,0.00
957,5.56
420,0.00
775,5.63
438,5.76
357,5.77
78,5.69
448,5.64
533,0.00
944,5.64
283,5.54
872,5.60
17,5.58
73,5.64
900,0.00
655,5.67
789,0.00
512,5.80
950,5.82
156,5.74
90,5.79
406,5.79
649,0.00
738,0.00
566,0.00
2,5.79
226,5.79
361,5.83
533,5.61
469,0.00
904,5.64
810,0.00
208,5.72
121,5.80
181,5.67
130,5.54
216,5.49
750,0.00
191,5.44
822,0.00
381,5.24
779,5.33
325,0.00
601,11.79
878,11.56
502,5.47
318,5.43
891,0.00
951,5.50
273,5.51
996,5.47
513,5.68
45,5.55
557,0.00
443,5.52
50,0.00
112,5.67
811,0.00
393,5.48
289,0.00
842,5.56
691,0.00
851,5.53
711,5.48
426,0.00
168,5.55
835,0.00
517,11.34
573,5.60
167,5.61
454,0.00
319,5.50
872,5.57
443,5.46
317,5.59
191,5.45
806,0.00
371,5.55
864,5.56
953,0.00
204,5.66
61,5.60
965,5.60
628,0.00
682,5.63
922,5.73
219,5.85
516,0.00
271,5.78
65,5.86
63,5.67
422,0.00
443,5.60
629,5.61
106,5.46
602,5.49
825,5.65
231,5.59
610,0.00
787,5.63
826,5.71
77,5.67
903,0.00
377,5.87
331,5.79
433,0.00
833,0.00
545,5.80
330,0.00
914,5.80
518,0.00
5,5.93
434,5.95
20,5.95
1000,0.00
601,6.05
188,6.06
697,0.00
352,6.08
47,6.09
321,5.87
364,5.87
75,5.88
822,11.32
654,5.92
553,5.93
64,0.00
796,0.00
882,5.78
121,5.87
389,0.00
405,5.75
923,5.77
485,5.86
455,0.00
243,5.81
653,0.00
856,5.70
570,0.00
772,5.71
936,5.78
704,0.00
307,5.82
840,0.00
322,5.88
454,0.00
985,5.75
78,5.82
477,0.00
889,5.85
492,5.97
620,5.97
138,6.01
921,0.00
880,11.37
818,5.92
779,0.00
818,6.11
941,6.08
228,6.01
279,5.93
59,5.93
105,5.97
810,0.00
231,5.70
14,5.75
59,5.60
211,5.52
179,5.52
832,0.00
835,5.60
717,0.00
436,0.00
775,0.00
186,5.48
199,5.74
453,0.00
494,5.54
451,5.55
197,5.44
939,11.18
56,5.54
286,5.41
100,5.51
404,0.00
321,5.26
571,5.20
164,5.36
149,5.28
850,0.00
596,5.20
236,5.29
159,5.26
668,0.00
779,5.16
649,5.32
250,5.27
182,5.18
840,0.00
912,5.36
194,5.41
31,5.41
887,0.00
610,11.15
576,5.43
119,5.31
632,0.00
214,5.25
657,0.00
511,0.00
959,5.23
161,5.28
451,0.00
725,5.29
449,5.33
393,0.00
644,5.19
451,0.00
630,5.17
43,5.24
941,5.18
43,0.00
45,5.33
22,5.21
358,0.00
57,5.18
42,5.11
284,0.00
419,0.00
439,5.01
464,5.14
962,5.10
750,0.00
6,5.11
268,0.00
886,5.10
139,5.04
650,5.04
393,0.00
955,11.18
815,5.03
893,0.00
702,4.99
440,16.58
832,5.05
245,5.01
961,5.12
935,5.22
545,0.00
128,5.28
492,5.20
849,0.00
507,5.37
901,0.00
698,11.02
654,5.23
500,5.43
822,0.00
884,5.52
404,0.00
766,11.04
301,5.57
634,11.01
14,5.60
490,5.59
367,0.00
247,5.59
849,0.00
895,0.00
217,5.65
956,5.69
803,5.65
227,5.67
265,5.77
292,5.87
828,0.00
634,0.00
284,5.74
701,5.73
478,5.82
347,5.80
94,5.86
719,0.00
989,5.88
579,0.00
268,0.00
337,5.70
225,5.91
393,0.00
997,5.89
370,5.93
242,5.78
292,5.90
658,0.00
514,5.88
674,5.98
109,6.08
98,6.01
684,5.87
231,0.00
52,5.94
116,5.83
994,5.83
329,5.83
312,6.02
932,6.02
21,0.00
947,0.00
808,6.00
9,6.14
787,5.93
545,0.00
620,6.07
24,6.16
753,0.00
943,11.06
771,5.96
211,5.96
855,11.05
745,6.14
240,5.92
957,0.00
581,6.05
888,6.23
252,6.08
275,0.00
605,5.97
111,6.02
253,5.83
650,0.00
803,0.00
971,0.00
941,5.84
658,5.98
648,6.06
448,5.93
674,5.90
771,5.91
536,5.99
103,5.75
484,5.74
436,5.87
266,5.95
226,6.01
240,5.87
289,5.82
883,0.00
920,5.83
910,0.00
200,5.90
87,5.89
130,5.89
630,0.00
669,0.00
292,5.72
805,0.00
967,5.77
67,5.87
522,0.00
384,5.85
641,5.91
235,5.95
391,0.00
536,5.73
956,0.00
897,5.82
794,5.87
793,0.00
968,5.95
504,0.00
642,5.87
690,0.00
969,5.90
320,0.00
882,5.81
225,6.03
329,0.00
756,11.92
307,5.93
95,0.00
66,11.87
975,5.85
870,5.92
349,5.78
140,5.85
990,0.00
784,11.90
208,5.82
492,5.64
203,5.73
876,16.90
251,5.73
777,5.87
341,5.65
965,11.72
917,5.75
583,5.87
123,5.85
417,0.00
461,5.95
482,6.08
976,11.97
202,6.17
109,5.91
222,5.76
989,0.00
721,5.71
489,5.83
114,5.84
756,5.93
232,5.94
257,5.94
694,5.94
717,6.01
667,5.97
500,5.89
26,5.99
335,6.06
190,6.05
968,0.00
246,11.97
911,6.06
763,0.00
676,5.84
342,6.00
537,0.00
916,6.01
156,6.09
155,6.08
190,5.97
970,0.00
170,5.95
411,0.00
375,5.83
573,0.00
325,0.00
509,11.76
958,11.65
362,5.82
929,5.80
760,5.91
565,5.74
637,5.80
785,5.77
416,5.82
612,5.94
155,5.90
454,5.69
453,5.84
694,0.00
613,5.87
731,0.00
416,5.95
356,5.96
566,0.00
399,6.00
552,0.00
936,6.03
344,6.12
994,12.02
733,6.20
793,6.13
751,6.20
760,6.30
603,6.31
550,6.40
28,6.26
289,0.00
44,6.09
363,5.99
292,0.00
362,0.00
964,5.84
559,0.00
231,6.01
864,0.00
475,6.02
836,6.03
821,0.00
276,6.17
149,5.98
382,0.00
450,6.01
452,0.00
663,6.04
165,6.05
879,5.90
841,6.01
819,5.88
628,6.04
671,0.00
896,0.00
728,6.16
750,6.25
273,6.26
520,6.11
75,6.20
675,0.00
636,12.13
312,6.18
749,0.00
449,6.09
268,6.19
747,0.00
825,6.25
345,6.30
361,0.00
334,6.36
407,0.00
328,6.47
745,0.00
492,6.42
443,6.50
98,6.54
286,0.00
523,6.48
835,6.56
560,6.49
152,6.57
830,0.00
907,6.56
564,0.00
598,0.00
662,12.34
302,6.53
834,6.54
787,6.62
141,6.62
798,6.46
586,0.00
807,12.37
663,6.45
583,6.55
253,6.45
453,0.00
861,12.43
462,6.40
278,6.41
210,6.33
484,6.38
662,12.53
609,6.40
942,6.39
97,6.31
598,6.30
969,6.31
597,6.32
139,6.27
514,6.39
858,0.00
213,6.49
204,6.38
199,6.29
353,0.00
957,6.12
834,6.27
988,6.19
6,6.23
777,6.17
360,6.18
305,0.00
623,6.15
726,6.25
406,6.17
648,6.18
456,6.26
468,0.00
619,6.06
29,6.00
295,6.00
118,5.99
851,0.00
676,0.00
706,5.86
129,5.75
232,5.85
919,5.77
171,5.75
94,5.75
953,0.00
529,0.00
571,5.72
14,5.67
177,5.60
252,5.68
147,5.67
541,5.63
978,0.00
391,0.00
141,5.63
619,5.68
71,5.73
836,0.00
39,5.63
911,0.00
929,12.09
727,5.66
576,5.61
253,5.61
117,5.62
210,5.53
997,0.00
273,5.51
283,5.45
730,12.08
851,5.51
50,5.40
34,5.40
850,5.29
597,0.00
280,5.32
183,5.40
649,0.00
80,5.45
52,5.44
901,0.00
980,29.78
945,5.50
437,5.25
214,5.37
749,0.00
120,5.42
452,11.80
895,5.41
99,5.23
523,11.74
615,5.30
409,0.00
100,5.35
361,5.42
480,0.00
304,5.48
807,5.53
118,5.60
929,0.00
925,0.00
613,5.57
316,5.43
455,0.00
751,5.62
554,0.00
837,5.59
97,5.64
823,0.00
209,5.60
47,5.56
328,0.00
433,5.55
798,0.00
45,5.64
461,5.63
139,5.68
564,0.00
439,0.00
912,5.49
623,5.56
966,5.61
610,5.75
772,11.38
459,5.72
289,5.75
424,0.00
242,5.65
526,0.00
136,5.66
400,5.56
61,5.59
313,5.54
524,0.00
223,5.40
466,5.36
612,0.00
425,5.29
29,5.38
220,5.42
300,0.00
514,5.25
22,5.27
418,5.25
179,5.12
489,5.15
758,0.00
445,5.16
650,5.25
331,5.14
740,10.65
596,5.24
808,0.00
874,10.75
45,5.26
685,5.42
582,5.42
235,5.27
776,0.00
118,5.31
14,5.32
800,0.00
904,10.81
292,5.22
61,5.20
197,5.23
360,0.00
923,5.14
52,5.22
562,5.24
815,5.29
63,5.29
56,5.28
995,5.16
36,5.13
714,5.05
282,0.00
871,0.00
559,5.01
869,0.00
448,5.06
756,0.00
926,5.16
532,5.07
557,5.25
497,0.00
925,0.00
22,5.08
105,5.22
464,0.00
864,5.07
765,5.18
4,5.06
6,5.22
219,5.14
531,0.00
324,5.08
344,0.00
849,5.06
850,5.13
228,5.20
301,0.00
721,10.73
840,5.03
179,5.07
594,0.00
665,4.92
475,0.00
470,4.97
261,0.00
831,5.07
204,5.21
912,5.25
768,5.33
11,5.40
362,0.00
815,5.32
565,5.31
37,5.47
516,0.00
532,5.38
654,0.00
783,0.00
839,5.51
118,5.56
417,5.57
526,5.57
496,5.59
928,5.59
723,5.58
164,5.63
161,5.64
304,5.57
272,0.00
454,0.00
893,10.92
627,5.43
757,0.00
155,5.53
919,5.47
193,5.55
696,0.00
273,5.60
113,5.60
798,5.57
505,0.00
892,0.00
317,0.00
704,5.67
163,5.65
396,0.00
269,5.73
693,0.00
654,5.65
834,0.00
288,5.68
582,0.00
823,5.64
770,0.00
850,5.68
498,5.84
935,10.83
175,5.85
396,0.00
721,5.64
292,0.00
284,0.00
435,5.72
480,5.56
113,5.61
494,0.00
125,5.68
268,5.71
150,5.71
604,0.00
224,5.61
911,0.00
958,10.86
415,5.76
338,5.68
963,5.79
317,5.65
101,5.61
904,5.61
220,5.60
444,0.00
636,5.42
635,5.42
36,5.50
468,0.00
824,5.50
548,5.50
101,5.52
375,0.00
792,5.45
321,5.52
943,0.00
240,5.46
731,0.00
999,5.49
990,0.00
453,11.34
628,5.65
444,0.00
810,0.00
744,5.66
35,5.62
325,0.00
266,5.61
529,0.00
430,5.64
796,5.72
507,11.08
904,11.07
602,5.78
463,5.60
76,5.81
466,5.72
673,0.00
796,16.70
328,0.00
851,5.97
625,0.00
773,0.00
936,5.74
901,5.83
961,5.99
456,6.12
412,6.00
350,6.01
546,0.00
25,5.94
971,5.84
679,11.51
162,5.85
310,5.83
909,5.76
960,5.88
767,5.93
59,5.98
499,0.00
788,0.00
635,6.04
325,5.98
754,6.01
124,6.06
634,6.02
1000,0.00
905,0.00
798,11.91
289,6.16
436,6.20
367,0.00
323,6.20
356,6.29
859,6.12
119,6.20
52,6.04
335,6.10
363,6.15
749,0.00
36,6.25
869,0.00
89,0.00
238,5.97
75,6.05
623,0.00
311,6.05
331,0.00
105,5.99
948,0.00
827,5.89
46,5.86
509,5.85
192,0.00
534,0.00
327,5.85
646,0.00
575,5.77
707,5.85
164,5.89
690,5.76
313,0.00
877,5.79
613,5.86
60,5.84
449,0.00
368,5.74
142,5.53
954,5.79
632,5.57
776,11.63
792,11.46
488,5.78
19,5.84
921,11.70
840,11.59
62,5.89
710,5.90
853,17.19
251,5.76
951,5.52
327,0.00
998,11.49
404,5.71
240,5.72
87,5.51
471,0.00
836,5.62
68,5.76
252,11.37
671,5.62
5,5.42
182,5.44
508,5.45
12,5.29
428,0.00
165,5.43
594,0.00
614,5.23
343,0.00
497,5.28
270,5.33
32,5.35
712,0.00
797,5.08
5,5.07
587,5.16
405,11.31
806,5.13
210,5.20
712,0.00
815,5.07
454,5.20
458,0.00
984,5.11
505,11.43
463,5.37
488,5.19
814,5.27
728,0.00
962,5.36
160,5.56
207,5.57
793,0.00
919,5.61
549,0.00
648,5.60
975,5.57
372,5.65
495,5.64
381,5.65
474,0.00
558,0.00
968,5.62
546,5.63
40,0.00
839,0.00
805,5.73
712,0.00
269,5.86
458,5.89
880,5.92
870,5.98
356,5.82
237,5.85
536,0.00
779,5.70
234,5.70
756,17.35
738,5.62
28,5.63
261,5.60
478,5.64
230,11.13
444,5.67
915,11.11
229,5.68
726,0.00
179,5.59
943,5.59
604,5.69
281,5.62
30,5.67
131,5.56
632,0.00
842,0.00
489,5.68
527,0.00
325,5.63
775,0.00
447,5.72
367,0.00
770,5.65
306,5.68
282,5.73
201,5.74
554,0.00
925,10.91
997,10.86
285,5.79
705,0.00
24,5.77
924,5.85
700,5.92
205,5.96
92,5.84
377,5.84
397,0.00
527,0.00
301,0.00
556,5.71
809,5.69
289,0.00
648,5.42
236,5.43
314,0.00
825,0.00
884,5.34
405,0.00
874,0.00
718,5.48
94,5.33
528,0.00
435,5.43
248,5.37
537,5.44
852,5.60
733,0.00
337,11.18
775,5.52
630,5.56
653,0.00
220,5.53
242,5.51
654,5.53
400,5.54
267,5.58
305,5.38
561,5.39
496,5.48
525,5.49
660,11.27
879,16.91
999,5.38
514,0.00
245,5.60
486,5.66
527,11.38
875,5.72
492,11.15
249,5.56
793,0.00
227,5.65
629,5.68
712,5.68
247,5.68
260,5.60
728,0.00
351,5.59
830,5.58
398,0.00
961,11.46
795,11.43
302,5.78
337,0.00
715,5.71
423,0.00
932,0.00
524,5.76
599,5.84
831,5.84
190,5.95
767,5.87
161,0.00
509,5.88
408,6.00
238,5.89
250,0.00
83,5.82
351,0.00
334,0.00
288,5.77
103,5.82
738,0.00
696,5.65
975,5.72
109,5.72
694,11.54
730,5.81
899,5.94
834,5.84
397,0.00
737,5.92
791,5.98
502,6.07
154,6.10
773,6.00
681,6.04
869,0.00
391,6.13
587,0.00
687,0.00
672,6.21
538,6.22
423,0.00
900,6.28
232,6.13
103,6.22
44,6.10
708,5.97
204,6.07
233,5.89
808,0.00
41,5.88
816,5.88
408,0.00
705,5.93
247,5.95
895,0.00
987,6.02
373,6.00
736,17.21
247,5.98
886,0.00
68,5.92
172,5.87
878,5.95
116,5.96
681,0.00
331,5.96
351,0.00
2,5.89
635,5.89
246,5.90
532,0.00
795,5.74
418,5.88
396,5.92
479,0.00
651,11.57
851,5.66
27,5.73
414,0.00
307,5.61
463,5.52
971,0.00
930,0.00
712,5.69
903,5.69
407,0.00
164,5.82
890,5.70
91,5.64
54,5.60
267,5.68
713,0.00
641,5.62
544,0.00
831,5.57
273,5.66
335,0.00
931,5.58
228,5.58
209,0.00
212,5.53
198,5.48
499,0.00
765,0.00
452,5.33
3,5.29
614,5.23
193,0.00
868,5.17
2,5.17
206,0.00
525,0.00
583,5.12
596,0.00
607,5.15
857,0.00
482,5.23
412,5.20
47,5.23
107,5.25
706,0.00
882,5.23
596,5.31
82,5.48
707,0.00
579,5.51
998,5.46
6,5.56
661,0.00
460,5.48
31,5.41
765,0.00
664,16.85
736,5.57
541,11.51
902,11.29
239,5.39
47,5.40
658,0.00
79,5.31
261,5.38
642,5.52
465,5.41
788,5.38
641,5.45
474,5.49
885,5.50
762,0.00
912,5.57
327,11.41
527,5.74
321,5.74
949,5.74
244,5.74
223,5.79
317,5.73
431,0.00
276,5.78
597,0.00
965,5.77
742,5.75
377,0.00
47,5.57
947,5.48
702,11.26
683,0.00
453,11.41
153,5.48
556,0.00
717,5.52
84,5.73
825,0.00
829,5.76
408,5.75
528,5.85
399,5.92
898,5.93
355,0.00
553,5.77
973,5.89
491,0.00
941,6.03
355,6.13
557,6.20
404,0.00
901,6.18
424,6.25
966,6.19
17,6.24
999,0.00
787,6.14
144,6.19
1,6.22
593,6.08
524,0.00
222,6.11
394,0.00
194,5.93
696,0.00
968,11.44
599,0.00
398,6.03
211,6.20
985,5.98
422,0.00
679,6.05
106,5.97
861,0.00
335,6.02
952,11.33
218,5.85
35,5.96
745,0.00
591,0.00
894,0.00
938,6.07
701,0.00
584,6.06
837,6.15
22,6.20
820,17.37
171,6.10
711,6.04
797,6.12
31,6.10
29,5.86
645,0.00
222,5.83
230,5.83
95,0.00
236,0.00
879,5.89
51,5.85
9,6.03
603,5.86
561,5.77
774,5.81
844,0.00
840,5.90
893,6.00
252,6.07
410,6.13
594,6.14
946,6.10
595,11.57
544,5.94
971,6.00
523,6.08
6,5.95
511,5.89
463,0.00
595,5.94
363,5.94
203,6.00
349,0.00
998,0.00
201,5.77
540,0.00
699,11.88
619,5.71
111,5.72
784,11.84
690,5.70
417,5.71
3,5.70
748,0.00
92,5.77
502,0.00
616,5.70
165,5.65
696,0.00
676,5.73
20,5.74
697,5.66
356,5.73
566,0.00
839,5.69
379,0.00
505,5.60
85,5.76
584,5.59
480,0.00
370,17.11
768,11.66
751,11.73
644,5.70
19,5.55
310,0.00
101,5.58
586,5.64
385,0.00
545,5.59
416,0.00
887,5.42
360,0.00
530,0.00
167,5.36
557,0.00
397,5.36
249,0.00
610,5.32
327,5.44
965,11.37
988,5.42
614,5.45
40,5.53
45,5.46
506,0.00
449,5.51
599,0.00
720,5.45
304,5.46
401,0.00
818,5.44
249,5.39
480,0.00
440,5.41
893,0.00
619,11.57
926,5.43
757,11.72
157,5.60
91,5.56
695,5.42
233,11.35
34,5.43
293,0.00
693,5.50
429,5.52
99,5.40
7,5.52
822,0.00
455,5.40
305,0.00
616,5.28
230,5.30
969,0.00
299,5.47
268,0.00
313,0.00
506,5.42
360,0.00
521,0.00
698,5.31
377,0.00
720,5.36
831,0.00
878,5.49
419,5.44
475,0.00
171,5.42
635,0.00
921,5.42
596,5.40
19,5.46
685,11.01
144,5.47
543,0.00
370,5.32
568,5.41
863,0.00
52,5.43
355,0.00
333,5.36
374,5.36
436,0.00
73,5.42
484,5.36
600,0.00
970,11.10
392,5.47
330,0.00
946,5.60
571,5.60
40,5.69
40,5.57
339,5.53
92,5.56
506,5.55
371,0.00
676,0.00
776,10.91
619,10.73
659,5.41
149,5.42
494,5.47
178,5.40
318,5.40
282,0.00
707,5.36
206,5.39
898,0.00
747,5.59
610,5.51
825,0.00
449,5.64
549,5.60
673,0.00
554,5.59
744,0.00
811,5.67
402,0.00
814,11.33
901,5.67
840,5.77
393,5.90
513,0.00
793,5.99
347,5.93
760,5.80
152,5.98
998,5.96
516,11.30
862,6.05
27,6.20
298,5.97
4,6.12
626,5.92
296,0.00
80,6.02
428,5.97
418,0.00
330,5.99
431,5.94
837,0.00
135,0.00
227,6.03
435,0.00
95,6.01
251,0.00
746,5.95
912,5.98
261,5.94
776,0.00
891,5.98
845,11.38
745,6.15
219,6.06
547,6.03
737,0.00
524,6.16
767,6.25
239,6.26
615,6.28
196,6.22
701,6.21
890,0.00
178,6.16
20,6.20
514,0.00
48,6.02
627,0.00
599,6.02
675,6.03
289,0.00
285,6.01
194,5.97
701,6.07
13,6.14
404,6.13
675,0.00
144,6.14
760,0.00
464,6.15
939,11.71
134,6.29
496,0.00
462,0.00
59,6.23
385,6.37
408,0.00
143,6.23
881,6.04
611,6.13
996,11.55
75,6.10
35,6.02
754,5.94
700,0.00
292,5.97
985,0.00
385,6.00
809,0.00
341,6.02
114,5.96
804,0.00
991,5.81
761,5.88
109,5.89
287,0.00
360,0.00
138,5.66
994,5.77
141,5.83
143,5.63
806,0.00
696,5.53
105,5.69
700,0.00
859,5.60
101,0.00
48,5.59
892,5.75
553,5.75
730,5.73
231,5.88
364,0.00
469,5.73
400,0.00
981,11.71
226,5.67
734,0.00
527,11.74
937,5.68
128,5.77
490,0.00
146,5.69
292,5.58
912,5.65
493,0.00
935,5.73
887,0.00
639,5.70
951,5.71
745,5.76
49,5.73
717,5.63
411,0.00
779,5.74
612,0.00
572,5.88
843,0.00
408,5.70
956,0.00
163,5.61
667,5.51
825,5.53
185,5.66
535,0.00
385,5.59
203,5.58
964,0.00
797,12.14
549,5.88
348,5.80
726,0.00
720,12.10
298,5.81
981,0.00
54,5.80
483,5.76
935,0.00
619,5.79
11,0.00
626,5.75
989,5.59
992,0.00
268,5.86
258,0.00
596,5.72
933,5.81
885,11.75
23,5.86
604,5.93
323,0.00
791,0.00
753,5.94
215,5.92
336,0.00
100,6.02
8,5.87
952,5.87
500,0.00
79,6.00
808,0.00
759,5.93
657,5.82
407,0.00
420,5.83
622,5.91
939,11.60
199,5.78
76,5.95
381,0.00
977,5.83
459,0.00
936,0.00
214,6.02
616,0.00
682,5.96
966,11.59
177,5.96
887,6.06
113,6.10
708,17.99
826,11.87
900,11.96
509,6.34
856,12.21
292,6.46
489,6.26
682,12.23
947,6.61
474,6.37
765,0.00
967,6.39
234,6.50
406,0.00
394,12.32
640,6.62
818,6.60
266,6.61
614,6.66
335,0.00
251,6.29
87,6.39
52,6.25
893,0.00
128,6.21
873,0.00
947,6.15
810,6.27
287,6.27
751,0.00
803,6.33
16,6.22
167,6.41
56,6.24
280,0.00
976,6.23
613,6.33
325,6.42
100,6.44
70,6.25
246,6.21
333,0.00
933,0.00
872,12.06
686,6.13
190,6.24
103,6.17
179,6.08
328,0.00
106,6.08
324,6.17
556,0.00
181,6.12
866,0.00
735,12.01
474,6.14
769,6.03
826,6.14
444,6.09
575,6.20
624,0.00
601,12.25
428,6.19
218,0.00
330,6.19
807,6.23
67,6.33
814,0.00
729,12.07
464,6.23
245,6.23
155,0.00
867,6.09
429,6.11
373,0.00
537,0.00
977,12.20
310,5.91
446,0.00
298,5.80
295,5.70
554,17.90
296,5.60
434,5.62
926,11.90
923,0.00
245,5.54
185,5.62
212,5.59
92,5.64
64,5.58
393,5.58
946,5.59
437,5.58
598,5.67
964,34.88
862,11.99
2,5.81
876,11.86
150,5.79
520,0.00
641,5.70
477,5.65
457,0.00
817,5.70
255,0.00
492,5.83
337,0.00
390,5.65
399,0.00
371,0.00
498,5.56
598,0.00
171,5.51
471,5.57
929,0.00
611,5.70
841,5.75
105,5.70
590,5.76
581,5.57
288,11.65
906,5.63
652,5.72
557,5.54
753,0.00
392,5.69
373,0.00
817,11.81
198,5.69
797,5.66
838,5.64
654,5.71
249,5.60
445,5.48
706,5.64
770,0.00
457,5.50
360,0.00
149,5.45
811,5.48
35,5.51
98,5.50
751,5.37
579,0.00
504,5.50
587,5.28
161,5.33
456,5.36
512,0.00
681,11.11
358,5.42
652,5.50
204,5.38
664,11.10
800,5.54
737,11.00
501,0.00
546,5.42
847,0.00
85,5.52
489,5.52
341,5.52
409,5.59
108,5.61
776,17.49
664,5.50
367,0.00
384,5.58
129,5.32
281,0.00
166,0.00
459,11.07
67,5.43
833,0.00
36,0.00
457,5.34
947,0.00
508,5.51
648,0.00
131,5.49
592,0.00
500,5.41
122,5.44
209,5.48
880,0.00
480,5.50
242,5.55
434,0.00
157,5.63
980,0.00
337,0.00
980,5.60
183,5.69
615,0.00
684,5.65
537,0.00
872,0.00
763,5.69
624,0.00
838,0.00
700,11.29
169,5.77
123,5.75
500,5.72
269,5.75
922,0.00
9,5.72
774,0.00
585,11.51
497,5.58
254,5.60
449,0.00
408,5.63
759,5.81
167,5.65
995,5.70
217,5.78
876,5.73
618,0.00
869,0.00
25,5.93
748,0.00
1000,11.41
536,6.10
476,6.05
704,0.00
271,6.07
277,0.00
840,11.45
802,11.56
627,6.17
627,6.16
833,6.24
94,6.19
662,11.77
201,11.71
254,6.25
243,6.26
313,6.15
837,6.03
232,6.02
766,6.01
289,6.16
311,0.00
582,6.13
696,11.73
745,6.17
864,6.30
654,6.18
724,0.00
756,6.18
898,11.79
125,6.25
775,0.00
352,6.19
943,0.00
401,6.27
741,0.00
84,6.35
406,6.30
397,0.00
395,0.00
915,6.27
54,6.23
595,0.00
872,6.16
39,6.22
846,6.12
328,6.16
759,6.06
49,6.03
665,0.00
596,11.71
547,6.03
659,6.01
702,0.00
482,11.90
259,6.07
5,6.09
597,0.00
822,6.09
734,6.13
977,6.21
862,6.32
267,6.35
184,6.44
360,6.37
600,0.00
765,12.04
710,0.00
155,6.23
435,0.00
807,6.15
395,6.14
155,6.07
504,0.00
896,5.98
919,6.05
782,0.00
950,6.22
119,6.23
102,6.25
822,0.00
924,6.21
255,0.00
312,6.23
366,0.00
143,12.30
123,6.06
511,5.99
899,6.00
525,0.00
106,6.02
281,5.90
140,5.84
577,0.00
918,5.92
426,5.77
37,0.00
747,0.00
131,5.91
847,11.96
921,5.92
656,5.89
959,12.12
209,6.06
505,12.07
563,5.95
328,0.00
615,5.85
944,5.88
990,0.00
861,5.93
899,0.00
212,5.93
509,5.84
661,5.99
252,6.04
769,5.88
324,0.00
817,5.90
660,0.00
792,6.04
109,6.03
154,6.04
873,5.95
726,0.00
26,5.87
311,0.00
526,5.81
713,5.90
696,0.00
134,5.71
975,0.00
514,5.47
283,0.00
801,5.44
349,5.57
71,5.54
503,5.46
54,5.46
113,0.00
648,5.42
339,0.00
455,5.41
55,5.40
469,5.45
673,0.00
980,5.29
282,5.41
240,5.37
556,0.00
457,5.26
146,5.13
320,5.27
865,11.44
876,5.32
875,5.22
338,5.20
122,5.30
883,0.00
174,5.29
424,5.31
885,5.31
314,5.35
288,5.38
927,0.00
544,5.49
859,11.30
922,5.58
261,5.58
82,5.44
932,5.57
269,5.60
275,5.37
325,5.35
183,5.29
433,0.00
511,11.38
297,0.00
238,5.15
446,5.31
280,5.36
916,0.00
446,5.24
268,5.26
6,5.09
337,0.00
641,0.00
937,5.11
577,0.00
906,5.23
786,5.21
910,5.23
833,5.29
64,5.24
382,5.17
186,0.00
396,5.30
705,5.31
238,0.00
837,5.36
973,0.00
373,5.38
321,5.35
822,11.21
820,5.48
299,0.00
859,5.65
499,5.57
820,5.59
624,5.62
603,0.00
918,5.69
869,5.77
549,0.00
800,5.92
966,6.00
318,6.06
987,6.14
324,6.20
888,0.00
212,6.24
574,0.00
779,6.25
30,6.39
673,6.33
63,6.35
26,6.36
905,0.00
331,6.18
643,11.53
799,6.26
531,6.26
982,6.34
39,6.36
28,6.27
29,6.13
6,6.35
740,11.64
803,6.38
561,6.39
792,0.00
980,11.74
121,6.43
508,0.00
796,6.31
354,0.00
767,0.00
907,17.75
837,6.37
198,6.38
246,6.29
557,6.43
667,0.00
810,6.72
488,6.44
543,0.00
948,6.51
712,0.00
872,0.00
342,6.57
227,6.73
98,6.54
949,0.00
885,6.47
758,6.55
230,6.63
937,6.51
355,0.00
397,6.52
423,0.00
679,6.60
679,0.00
833,6.65
175,6.71
263,6.67
775,0.00
223,6.76
824,0.00
713,0.00
570,6.69
910,6.68
948,0.00
365,0.00
928,12.25
80,6.69
574,0.00
513,6.67
947,0.00
403,0.00
455,6.63
32,6.72
92,6.54
742,0.00
142,6.48
605,6.44
316,6.49
748,0.00
511,6.21
184,6.44
19,6.35
167,6.35
944,0.00
686,6.18
955,0.00
898,6.21
366,6.31
341,0.00
304,0.00
104,6.46
256,0.00
358,17.81
245,6.33
320,6.34
327,6.33
442,6.37
36,6.44
585,6.19
421,0.00
563,6.30
584,6.30
240,6.25
874,12.52
286,6.13
990,6.12
123,6.18
512,6.20
893,6.22
616,6.19
833,12.51
459,6.33
296,0.00
376,6.21
291,6.17
935,6.02
642,6.14
81,6.15
177,0.00
418,6.15
987,0.00
235,6.16
274,6.08
702,12.64
723,6.15
211,5.99
86,6.08
323,6.09
761,0.00
924,0.00
756,5.98
854,6.03
330,6.09
183,6.08
45,6.25
514,6.10
642,0.00
678,0.00
14,6.09
65,6.12
598,0.00
144,6.05
597,0.00
284,6.11
661,0.00
293,5.98
161,5.93
721,5.92
625,5.93
773,5.87
738,12.44
814,6.00
86,5.77
176,5.97
202,5.92
281,5.93
421,0.00
111,5.79
447,5.70
280,5.73
567,0.00
494,0.00
508,5.75
39,5.81
64,5.59
207,5.59
452,5.63
894,0.00
585,5.64
587,5.70
838,12.04
226,5.78
301,5.74
165,5.77
516,0.00
415,5.52
795,5.57
507,0.00
985,0.00
44,5.69
424,0.00
612,5.74
894,5.74
930,0.00
451,11.88
573,5.92
479,6.03
810,6.04
144,5.90
927,0.00
663,0.00
450,0.00
118,6.03
704,0.00
750,12.41
363,6.02
394,0.00
44,6.10
528,0.00
834,0.00
613,6.06
586,12.21
688,12.37
30,6.24
371,12.10
792,0.00
518,0.00
650,6.15
682,6.05
884,6.12
914,6.27
61,6.36
131,6.15
41,6.14
597,0.00
221,5.92
119,5.92
306,5.73
945,5.70
490,0.00
185,5.83
260,5.85
81,5.75
652,0.00
118,5.79
330,5.77
738,0.00
457,5.87
677,5.95
804,6.02
166,5.85
643,0.00
597,5.93
62,5.77
5,5.76
491,5.74
352,0.00
364,0.00
380,5.73
343,0.00
459,5.75
838,0.00
682,5.77
712,0.00
20,5.92
458,5.87
268,6.03
193,5.90
604,0.00
715,5.80
52,5.83
957,0.00
276,5.87
549,5.78
259,0.00
861,0.00
757,5.90
535,5.80
949,5.91
27,5.97
506,5.99
312,6.10
354,6.00
317,0.00
706,6.14
710,0.00
489,0.00
644,5.80
215,5.84
83,5.75
24,5.62
865,5.50
94,5.59
433,5.60
960,5.60
52,5.49
184,5.35
121,5.50
545,0.00
430,5.52
95,5.53
456,0.00
511,0.00
45,5.41
762,0.00
873,11.60
725,5.52
359,5.58
252,5.44
530,0.00
793,5.37
450,0.00
515,5.33
901,5.24
939,5.34
228,5.43
278,0.00
638,5.43
176,5.51
727,5.52
514,0.00
210,5.49
731,5.46
50,5.42
332,0.00
883,0.00
506,5.29
603,0.00
468,5.39
429,0.00
966,0.00
186,5.46
949,0.00
932,5.48
994,5.55
993,0.00
986,5.79
321,0.00
752,11.62
913,5.75
180,5.84
417,5.84
698,5.77
258,5.84
109,0.00
92,5.72
722,5.64
409,0.00
682,5.68
891,5.74
792,5.75
356,5.71
442,5.81
290,0.00
845,5.73
265,5.74
681,11.65
303,0.00
206,5.56
999,11.66
262,5.66
141,0.00
251,0.00
478,5.70
236,0.00
398,5.78
410,0.00
825,5.82
649,0.00
521,5.70
297,5.79
444,0.00
918,5.84
101,5.82
624,5.82
750,0.00
587,6.05
977,5.89
438,5.92
687,6.02
94,6.02
293,0.00
344,0.00
523,6.07
544,0.00
565,5.88
673,0.00
326,5.96
226,5.93
221,5.92
779,5.98
776,6.01
845,6.05
234,6.16
371,5.94
220,5.97
542,0.00
621,5.91
350,5.96
672,0.00
945,5.92
915,6.01
174,6.05
535,0.00
976,6.16
928,6.19
262,0.00
336,6.15
293,6.10
785,11.51
184,6.31
67,6.13
486,0.00
677,6.04
145,6.05
971,0.00
176,5.82
43,5.78
307,5.84
776,5.77
637,5.78
517,0.00
31,5.72
527,0.00
691,5.76
661,5.74
43,5.73
631,5.69
514,5.74
805,5.75
70,5.61
167,5.51
824,0.00
153,5.58
546,11.32
754,5.65
635,0.00
547,5.65
162,5.65
366,5.70
336,5.67
728,5.58
205,5.76
461,5.66
397,0.00
369,5.69
333,0.00
653,5.61
774,0.00
199,5.68
187,5.71
701,5.55
888,5.48
26,5.49
75,0.00
382,5.70
774,5.45
312,5.45
978,28.97
679,11.47
689,5.63
330,5.53
286,0.00
23,5.58
373,0.00
571,5.50
431,0.00
835,5.54
781,0.00
640,0.00
291,5.58
242,5.59
867,0.00
896,5.62
712,0.00
526,0.00
947,11.68
16,5.64
874,11.66
503,5.44
121,0.00
653,5.51
822,5.60
208,5.60
850,0.00
193,5.87
97,5.74
96,5.69
304,0.00
916,5.66
269,0.00
949,5.86
136,5.77
583,5.76
804,0.00
581,6.05
424,6.15
571,0.00
145,5.98
671,0.00
578,6.05
420,5.99
318,0.00
700,0.00
736,6.15
781,0.00
188,6.15
22,6.19
364,0.00
794,6.16
717,6.27
411,0.00
204,6.24
156,6.14
651,6.15
777,0.00
247,0.00
4,6.01
405,6.05
527,6.07
197,5.99
294,5.92
804,11.65
806,6.22
2,6.04
398,6.06
513,0.00
688,6.04
126,6.04
800,0.00
882,6.14
734,6.29
829,6.32
432,6.24
288,6.28
710,6.41
443,6.52
512,11.84
556,6.31
806,6.32
184,6.25
828,12.05
108,6.26
879,6.22
25,6.32
444,6.12
358,0.00
999,6.11
92,6.15
926,0.00
851,6.18
282,6.10
202,0.00
757,6.21
551,6.19
741,6.11
68,6.15
860,0.00
365,6.25
569,6.19
521,0.00
666,0.00
506,0.00
591,6.16
849,5.90
7,5.98
414,5.96
27,5.96
1,5.96
495,5.82
630,5.84
954,0.00
224,5.95
423,5.75
386,5.66
58,5.80
376,5.73
698,0.00
426,5.74
599,11.65
911,5.83
368,0.00
574,11.73
15,5.82
33,5.78
464,5.64
318,5.69
555,0.00
898,5.67
38,5.78
646,0.00
646,5.71
793,0.00
43,5.77
616,5.77
432,0.00
615,12.02
886,17.69
19,5.74
863,0.00
373,0.00
997,0.00
270,5.84
322,5.89
761,6.00
956,5.93
960,0.00
564,6.01
994,6.00
62,6.08
598,12.17
870,5.98
68,5.99
88,5.92
585,0.00
858,0.00
986,5.86
287,0.00
165,5.89
137,5.89
120,5.79
216,5.79
985,5.79
943,23.63
751,12.17
162,6.13
773,6.18
147,5.99
717,6.09
538,6.06
604,0.00
629,6.03
552,0.00
391,6.15
574,6.08
923,6.09
91,6.10
957,6.02
243,6.11
429,0.00
806,6.08
189,6.18
236,6.20
176,6.13
659,6.00
367,6.10
269,5.99
715,5.95
278,0.00
817,6.05
975,0.00
222,6.13
942,0.00
735,6.19
812,6.25
82,6.24
841,0.00
964,6.32
612,0.00
714,6.52
657,6.43
689,12.12
724,6.42
50,6.46
922,0.00
507,6.43
13,6.47
608,6.41
405,0.00
582,6.42
643,0.00
898,6.33
167,6.41
525,6.41
718,0.00
151,6.60
562,6.59
709,6.60
391,6.68
259,6.51
314,0.00
420,6.42
55,6.43
988,0.00
867,12.47
228,6.47
785,6.58
463,6.56
212,6.40
744,6.31
941,0.00
977,6.58
368,6.36
961,0.00
796,6.58
500,6.54
542,6.56
283,6.76
270,6.60
120,0.00
50,6.68
686,6.56
310,6.68
476,0.00
438,6.69
997,18.87
221,6.82
89,6.52
310,6.57
11,6.54
573,0.00
930,12.53
346,6.54
661,6.46
292,6.48
143,6.39
40,6.48
573,0.00
128,6.29
217,6.29
698,0.00
316,6.24
132,6.27
693,0.00
611,6.17
572,0.00
751,6.20
641,0.00
118,6.30
403,0.00
966,6.23
865,6.32
361,0.00
350,0.00
822,6.36
31,6.44
167,6.45
42,6.38
46,6.28
485,0.00
625,0.00
593,5.99
392,0.00
608,5.94
747,0.00
520,5.88
407,5.82
342,5.86
714,0.00
113,5.76
181,5.83
172,5.74
294,5.64
674,0.00
562,5.62
856,5.65
426,0.00
869,12.22
467,5.79
717,0.00
997,5.93
243,0.00
107,5.88
304,5.86
938,0.00
115,5.93
106,5.93
591,0.00
782,5.91
647,6.05
99,5.90
961,0.00
428,5.87
895,12.34
451,5.79
156,5.71
82,5.72
60,5.60
114,5.57
910,5.56
143,5.55
887,0.00
577,0.00
475,5.40
880,0.00
506,5.37
644,5.37
498,0.00
847,5.36
241,5.37
42,0.00
143,5.38
246,5.32
204,5.25
627,5.31
186,5.36
303,5.29
361,0.00
481,0.00
582,5.32
852,0.00
133,5.47
386,0.00
340,0.00
666,5.40
543,0.00
453,5.39
100,5.41
226,5.35
60,5.31
887,0.00
240,0.00
80,5.31
257,5.21
719,0.00
647,0.00
894,5.17
152,5.30
266,5.31
511,5.37
934,0.00
572,5.43
973,5.55
619,0.00
350,5.52
670,0.00
883,5.61
438,0.00
947,5.64
761,0.00
296,0.00
658,5.92
387,0.00
607,5.85
16,5.85
252,5.78
559,0.00
122,5.74
434,0.00
323,5.53
831,11.48
121,5.67
483,5.44
301,0.00
527,5.46
57,5.32
550,0.00
984,5.35
706,5.45
581,0.00
867,0.00
159,5.52
202,5.58
159,5.58
329,0.00
659,5.42
356,5.39
470,5.39
960,17.53
901,0.00
588,0.00
800,5.42
185,0.00
478,5.54
614,5.49
634,0.00
440,10.77
540,5.54
282,5.63
867,5.43
616,5.43
266,5.45
841,10.86
352,5.52
167,5.47
249,5.49
434,5.52
970,5.54
134,5.55
348,5.65
595,0.00
375,5.56
531,5.58
837,5.58
76,5.74
729,5.63
719,5.63
139,5.77
811,0.00
746,0.00
237,5.64
307,0.00
401,0.00
983,5.54
344,5.47
221,5.48
986,10.97
819,5.39
269,5.48
106,5.50
791,11.02
168,5.35
23,5.25
522,5.17
926,5.25
729,5.25
680,5.32
42,5.41
507,5.31
196,5.34
370,5.28
192,0.00
274,5.26
98,5.26
789,0.00
269,5.27
308,10.72
734,5.46
752,5.55
896,5.36
524,0.00
773,5.45
439,5.42
296,5.26
524,5.32
327,5.39
847,0.00
937,5.41
738,5.61
275,5.61
948,16.54
519,11.16
150,5.78
295,5.65
281,5.55
58,5.48
694,0.00
918,16.41
315,5.54
303,5.59
751,11.15
569,5.67
999,11.20
301,5.78
128,5.52
665,5.77
903,5.71
215,5.61
815,0.00
310,5.62
112,5.64
280,5.62
638,5.51
811,11.02
1,5.58
488,0.00
93,0.00
789,5.48
655,0.00
149,5.70
88,5.71
353,5.56
870,0.00
362,5.64
602,0.00
401,5.64
566,5.69
11,5.80
720,0.00
555,5.79
475,5.86
269,5.87
626,5.84
90,0.00
231,11.14
127,5.82
919,11.04
175,5.72
285,5.63
563,5.70
696,0.00
687,5.74
581,0.00
863,5.66
534,5.70
734,0.00
623,5.79
448,5.80
750,5.84
871,5.83
921,5.74
68,5.75
206,5.78
292,5.70
563,5.65
973,16.47
606,11.19
481,0.00
162,5.59
636,0.00
171,11.04
207,5.65
2,5.43
329,5.39
517,0.00
217,5.27
613,5.24
857,16.35
131,5.33
15,5.24
902,5.20
981,5.43
531,5.33
368,0.00
137,5.31
411,0.00
314,0.00
813,5.23
300,0.00
807,10.93
736,11.09
138,5.37
498,5.30
739,5.41
575,5.44
11,5.33
588,5.24
73,0.00
446,5.37
93,5.45
167,5.44
983,5.44
326,0.00
300,11.07
953,5.45
739,5.32
444,5.40
922,5.49
797,5.32
922,0.00
262,5.47
255,5.36
216,5.37
247,5.30
326,0.00
895,5.27
520,5.36
523,0.00
609,5.44
112,5.48
333,5.49
499,0.00
434,5.36
390,5.45
61,5.51
836,11.15
721,5.40
652,5.30
572,5.43
706,5.45
601,0.00
795,5.50
183,5.51
153,5.48
186,5.42
939,11.29
792,5.51
683,11.43
62,5.61
80,5.52
317,5.55
912,0.00
871,0.00
660,11.48
429,5.70
19,0.00
937,5.84
752,11.68
250,5.84
480,0.00
337,5.77
52,5.84
385,5.92
943,5.97
959,0.00
428,0.00
484,6.14
575,0.00
970,17.02
574,6.13
820,16.92
529,6.05
149,6.16
287,6.20
212,6.08
176,6.08
844,6.00
245,6.17
885,11.33
54,6.05
550,6.13
76,5.98
402,0.00
493,5.95
97,5.98
584,5.94
542,0.00
856,5.91
164,6.08
73,6.05
745,6.00
124,0.00
314,0.00
516,6.02
223,6.17
494,0.00
426,5.96
988,0.00
502,5.91
321,5.92
667,5.88
204,5.84
362,0.00
397,0.00
990,5.79
419,5.95
936,0.00
148,6.09
79,5.98
603,0.00
515,5.91
25,5.94
796,5.89
628,5.94
774,0.00
219,6.07
331,5.97
336,5.98
534,5.96
764,0.00
195,5.86
85,5.83
378,0.00
382,5.74
799,0.00
267,5.91
795,0.00
517,0.00
705,11.54
152,5.86
797,0.00
728,5.85
466,0.00
452,5.69
913,5.76
19,5.76
257,5.67
947,17.25
78,5.82
895,0.00
883,5.81
155,5.83
802,0.00
829,5.85
733,0.00
888,5.80
52,5.85
734,5.91
600,0.00
718,5.95
6,5.85
933,0.00
159,5.96
803,0.00
985,6.10
124,6.04
652,0.00
494,6.07
149,6.14
652,5.93
539,5.94
805,6.01
665,0.00
703,5.82
25,5.83
949,0.00
425,5.98
605,0.00
848,6.11
870,6.09
960,0.00
638,6.20
32,6.27
771,0.00
639,6.22
459,0.00
239,6.25
174,6.30
402,0.00
726,0.00
360,6.10
59,6.15
237,6.04
960,6.04
160,6.10
323,6.17
37,6.14
905,0.00
632,6.08
627,6.14
418,6.16
7,6.16
564,12.15
764,6.26
2,6.45
276,6.20
145,0.00
230,0.00
777,6.14
337,6.22
586,6.22
455,6.32
933,0.00
979,6.29
266,0.00
644,6.39
235,6.40
52,6.41
891,0.00
604,12.34
1,6.50
288,6.30
210,0.00
842,0.00
33,6.39
534,17.81
870,6.45
329,12.16
499,12.11
480,6.29
447,0.00
809,6.12
142,6.09
823,6.10
941,6.08
298,6.17
825,11.83
402,6.06
963,6.12
411,6.09
672,0.00
944,12.20
13,5.93
901,5.98
256,6.03
470,0.00
345,6.08
959,6.15
643,6.16
86,6.19
189,6.17
830,6.22
337,6.29
636,0.00
148,6.09
965,0.00
216,6.08
286,6.04
189,5.95
942,5.89
489,5.93
714,0.00
594,6.00
518,0.00
23,6.00
476,5.94
21,5.94
465,0.00
524,6.04
278,6.00
76,5.94
29,6.00
756,6.00
486,6.04
649,0.00
500,5.91
86,5.95
823,0.00
306,5.90
178,5.94
130,5.86
788,5.68
473,0.00
90,5.80
808,5.69
841,0.00
158,5.80
168,5.90
314,5.74
910,0.00
956,12.18
995,5.85
597,0.00
633,0.00
735,5.83
972,5.98
59,5.92
906,0.00
490,6.01
202,6.01
328,6.10
78,6.10
110,5.98
937,5.95
787,6.05
434,0.00
436,12.27
810,12.24
246,6.18
409,6.04
76,6.11
719,0.00
24,5.99
460,12.04
714,6.15
814,6.16
921,6.11
344,6.11
272,5.99
323,6.05
662,0.00
905,6.11
598,6.06
418,6.17
281,6.20
70,6.03
457,12.11
327,6.14
838,6.11
902,6.23
886,6.25
42,6.08
29,6.12
179,6.14
175,6.07
602,0.00
762,6.05
954,0.00
364,6.09
905,6.11
832,6.03
8,6.10
970,5.94
805,6.08
454,5.98
411,0.00
8,6.04
460,6.03
297,5.97
145,6.00
169,5.99
721,5.97
613,0.00
852,11.93
407,0.00
260,6.09
334,6.01
760,0.00
902,6.06
968,6.08
991,11.86
726,12.05
164,6.52
501,0.00
478,6.32
584,0.00
952,6.19
623,0.00
199,6.33
625,6.23
988,11.93
452,6.23
801,6.31
901,6.42
173,6.19
22,6.22
35,6.08
525,0.00
219,5.93
993,0.00
479,0.00
352,6.00
432,0.00
664,12.12
393,0.00
169,6.05
959,0.00
237,5.94
718,0.00
35,6.09
637,0.00
576,6.00
340,6.01
726,6.11
323,0.00
923,5.99
62,6.00
132,5.92
362,0.00
359,5.98
414,0.00
972,18.17
261,5.90
623,11.98
301,0.00
55,5.92
506,0.00
501,5.90
346,5.92
641,0.00
577,0.00
874,5.76
93,5.81
611,0.00
273,5.69
460,0.00
603,5.66
339,5.73
355,0.00
533,0.00
776,5.64
591,0.00
868,11.79
313,5.89
64,5.85
799,0.00
874,5.78
26,5.88
923,0.00
939,6.07
821,12.00
936,0.00
717,6.09
244,6.12
859,0.00
972,12.32
721,6.22
27,0.00
942,0.00
939,12.46
212,0.00
970,6.12
374,6.04
353,6.18
261,5.95
936,0.00
812,6.06
739,0.00
772,6.12
307,0.00
476,6.03
663,6.00
502,6.06
739,6.14
11,6.15
57,6.16
963,6.00
574,5.98
227,0.00
996,24.50
191,6.12
538,5.93
101,6.00
983,18.23
119,0.00
789,6.09
328,6.19
905,0.00
227,6.11
227,6.10
720,6.11
936,6.21
145,6.12
176,6.17
903,6.17
907,6.20
366,6.34
595,6.24
755,0.00
570,12.43
530,18.52
355,0.00
144,6.41
884,6.39
68,0.00
649,0.00
709,6.53
466,6.45
541,6.55
403,0.00
282,6.54
319,0.00
418,0.00
600,6.52
22,6.53
357,0.00
984,6.51
371,6.64
256,0.00
795,0.00
538,6.44
891,0.00
104,6.45
682,0.00
579,6.46
852,12.44
953,6.49
330,6.50
460,0.00
56,6.47
460,6.31
945,0.00
453,6.29
506,0.00
980,6.33
794,12.40
169,6.40
282,12.49
40,6.37
719,0.00
484,6.43
688,0.00
568,6.29
91,6.38
213,6.40
320,6.38
5,6.41
616,0.00
984,12.47
687,6.36
152,6.29
522,0.00
283,6.21
513,6.15
681,6.27
578,6.29
596,6.38
153,6.31
364,6.36
497,6.37
108,0.00
340,0.00
918,6.37
373,6.44
105,6.27
520,12.36
261,6.39
539,6.20
815,6.27
644,6.18
681,6.31
554,0.00
594,6.33
747,6.39
927,6.24
17,6.25
437,6.23
723,6.21
558,0.00
911,6.33
272,6.16
608,0.00
827,6.11
84,6.11
84,6.14
386,6.07
891,6.07
922,6.14
14,6.15
549,12.51
626,6.23
310,6.15
283,6.09
374,6.17
187,6.15
797,6.15
507,0.00
95,6.23
258,6.10
141,6.17
845,0.00
899,6.03
792,6.12
482,6.25
516,6.33
2,6.21
785,0.00
950,6.19
173,6.22
317,0.00
952,6.05
601,6.18
619,0.00
362,6.22
660,6.17
225,6.13
375,0.00
912,6.12
975,0.00
216,6.15
40,6.06
477,6.06
179,0.00
336,6.03
262,0.00
995,5.87
89,5.91
558,5.93
638,0.00
408,5.89
881,5.93
558,6.01
977,5.92
357,0.00
503,0.00
331,6.05
746,0.00
675,6.07
750,6.15
68,6.11
350,6.11
482,6.05
159,6.05
425,0.00
204,6.10
231,6.12
469,6.03
693,0.00
786,0.00
491,6.04
151,6.06
741,5.98
630,6.05
418,6.13
665,5.97
561,5.98
158,5.99
770,6.07
682,6.18
223,6.05
510,0.00
480,6.10
363,6.00
272,0.00
725,18.68
678,0.00
446,6.12
293,6.21
768,6.23
90,6.11
89,6.27
192,6.17
660,6.18
210,6.10
806,0.00
67,6.01
152,6.06
273,5.99
132,5.90
883,0.00
385,0.00
288,5.77
303,5.70
808,5.70
372,0.00
743,5.78
975,5.86
873,5.82
670,0.00
659,5.98
372,0.00
998,5.77
605,5.89
612,0.00
667,6.04
37,6.16
11,6.20
915,0.00
673,5.98
842,0.00
835,6.06
245,6.20
521,6.24
949,0.00
577,6.11
190,6.31
884,0.00
416,6.36
87,6.42
389,0.00
988,12.10
289,6.35
191,6.14
145,6.14
59,6.39
203,6.16
33,0.00
993,0.00
199,6.14
647,0.00
132,6.03
867,6.04
400,5.86
28,5.93
295,5.93
253,5.94
496,0.00
225,5.93
481,0.00
992,18.19
207,5.94
887,0.00
804,5.90
466,0.00
788,5.75
955,5.76
177,5.76
376,5.67
498,5.81
255,5.69
428,0.00
248,5.65
481,5.54
101,5.54
288,5.58
902,11.69
72,5.42
869,5.52
342,5.56
493,5.45
10,5.49
953,0.00
565,5.66
559,5.75
763,11.68
878,5.74
836,5.86
132,5.89
238,5.89
187,5.92
284,5.68
248,5.55
537,0.00
117,5.43
355,5.42
867,0.00
933,0.00
271,5.47
20,5.30
421,5.17
975,5.13
567,0.00
853,5.28
296,5.14
826,5.26
609,5.33
32,5.17
65,5.23
412,0.00
415,5.10
380,4.99
315,5.06
828,0.00
76,4.98
45,4.99
436,0.00
175,4.97
71,4.96
549,11.41
133,5.06
597,4.80
718,0.00
364,4.97
409,4.85
384,0.00
403,4.91
538,11.04
969,10.77
279,0.00
945,4.96
713,5.08
620,5.09
871,5.17
444,0.00
752,5.20
774,10.96
329,5.32
359,5.28
356,5.18
621,5.21
232,5.20
406,10.98
900,10.99
775,5.30
505,10.98
329,5.28
318,5.30
204,5.23
877,0.00
369,5.35
553,5.21
675,11.02
342,5.43
671,5.51
736,5.42
84,5.51
804,16.91
584,5.52
202,5.37
373,0.00
977,5.21
894,0.00
832,5.27
898,0.00
360,5.22
416,5.35
47,5.47
104,5.44
773,0.00
496,5.56
821,5.54
305,5.64
605,5.58
122,0.00
594,5.70
955,0.00
389,5.50
40,5.55
325,0.00
959,0.00
981,5.60
773,0.00
686,5.78
752,10.98
1,5.86
35,0.00
939,11.08
733,11.02
55,5.98
782,5.84
117,5.78
245,5.95
749,0.00
302,6.00
59,5.94
269,5.93
539,5.93
395,6.02
96,5.95
876,10.76
288,5.96
147,5.93
166,5.88
86,5.88
104,0.00
984,10.74
645,5.83
609,5.92
776,0.00
953,10.96
595,5.84
871,0.00
183,5.93
431,5.98
276,0.00
513,5.83
483,0.00
824,5.82
801,5.87
313,0.00
948,5.90
653,0.00
440,5.90
747,5.91
723,5.95
47,6.12
15,5.98
958,0.00
436,5.96
933,0.00
830,6.19
156,5.97
704,6.00
695,6.10
138,6.03
311,5.96
737,0.00
934,6.26
883,6.07
420,6.24
524,0.00
819,6.13
370,0.00
841,0.00
57,6.23
490,0.00
998,6.15
715,0.00
990,0.00
185,6.26
290,6.31
759,0.00
390,6.25
410,0.00
175,6.35
392,6.24
123,6.30
585,0.00
187,6.18
492,0.00
496,5.92
992,0.00
591,5.87
70,5.88
92,5.77
788,5.83
828,5.96
575,5.74
704,0.00
924,5.97
24,6.03
573,6.03
413,6.02
393,6.02
824,6.02
51,6.01
787,0.00
599,6.11
360,6.22
805,6.24
194,6.25
711,0.00
888,6.20
900,0.00
697,17.44
632,12.44
247,12.46
144,6.50
469,6.32
534,6.24
115,0.00
526,6.43
38,6.48
650,6.33
784,6.34
801,6.28
343,6.30
547,0.00
590,0.00
78,6.07
793,0.00
917,6.09
898,6.05
162,5.93
965,12.03
605,12.06
385,0.00
346,6.09
889,17.55
143,6.10
922,5.87
390,5.96
608,5.92
302,5.98
775,0.00
314,5.87
256,5.78
406,0.00
13,5.73
633,0.00
974,5.69
506,5.73
669,0.00
365,0.00
361,5.56
805,0.00
7,5.77
947,0.00
976,0.00
642,5.76
669,5.86
383,0.00
176,5.95
872,0.00
568,6.01
552,6.21
359,6.07
269,6.07
312,6.16
884,0.00
819,6.15
557,5.92
266,5.89
591,0.00
291,5.86
757,5.91
141,5.99
602,6.01
159,6.01
140,0.00
883,5.81
252,5.95
392,0.00
428,5.86
815,0.00
188,5.86
642,0.00
594,5.67
133,5.67
878,0.00
723,17.98
424,5.68
776,5.63
410,5.65
971,11.97
521,5.64
8,5.70
682,5.70
11,5.83
805,5.64
120,0.00
972,5.69
853,5.64
440,5.70
1000,5.82
187,5.63
934,5.75
85,5.76
683,11.80
162,5.67
865,5.73
348,5.67
200,5.62
521,0.00
193,5.61
36,5.52
6,5.52
763,11.30
331,5.58
272,5.45
273,5.42
496,0.00
873,5.38
148,5.49
766,5.56
409,5.62
850,5.48
192,5.53
476,5.40
115,5.54
98,5.64
492,0.00
821,5.38
589,5.45
246,5.51
687,5.42
105,5.49
170,5.32
214,5.35
604,5.20
753,0.00
632,5.18
640,5.16
309,5.16
644,0.00
534,5.18
336,5.21
664,5.24
732,0.00
892,5.16
827,0.00
337,5.26
316,5.30
130,5.37
606,5.36
523,0.00
309,5.50
625,5.37
959,0.00
524,5.45
657,5.48
728,0.00
945,11.19
477,5.52
735,0.00
529,0.00
971,11.28
664,5.59
598,5.64
435,5.61
788,11.35
582,5.77
313,5.81
152,5.66
202,5.66
95,5.67
681,0.00
432,11.44
701,5.79
36,5.80
706,0.00
442,11.38
353,5.85
66,5.83
555,0.00
154,5.77
629,0.00
641,5.63
654,0.00
932,5.71
257,0.00
473,0.00
976,5.66
50,5.64
6,5.71
368,5.71
326,5.81
200,5.75
913,0.00
471,5.89
108,5.88
493,5.88
980,0.00
152,6.04
843,0.00
590,0.00
254,5.94
113,5.91
624,0.00
277,5.77
363,5.77
866,5.79
105,5.80
684,0.00
185,5.66
608,5.73
497,0.00
448,5.74
865,0.00
596,5.77
906,5.78
986,5.92
373,0.00
871,5.92
308,6.02
13,5.96
149,6.00
407,11.03
894,5.89
501,5.97
515,5.87
552,5.97
344,0.00
360,5.95
666,0.00
698,6.00
133,6.02
339,5.98
160,5.97
639,0.00
482,11.47
386,6.08
261,6.09
163,5.88
207,0.00
349,0.00
331,5.94
881,11.44
664,6.02
916,11.51
114,6.06
5,5.94
637,0.00
993,0.00
188,5.93
737,0.00
152,5.96
630,5.98
776,11.61
307,5.94
265,0.00
184,5.81
487,11.56
336,0.00
933,5.87
280,5.97
504,5.95
561,5.94
656,5.98
436,0.00
830,5.99
249,0.00
911,6.09
335,6.09
94,6.02
476,0.00
703,0.00
242,6.03
633,6.07
392,0.00
982,6.20
610,6.05
747,6.21
58,6.40
649,0.00
415,6.21
163,6.23
842,0.00
235,6.20
502,6.22
269,0.00
404,6.15
98,6.11
722,0.00
555,6.21
930,0.00
912,6.16
102,6.41
329,0.00
280,6.36
466,6.20
607,6.22
930,6.24
491,0.00
670,5.99
544,0.00
164,5.95
983,6.00
76,6.03
96,6.01
211,5.92
310,5.94
714,5.73
637,0.00
345,0.00
340,0.00
848,5.78
243,5.73
579,5.70
513,5.70
208,5.69
134,5.61
383,0.00
156,5.54
538,5.56
903,11.48
248,5.63
414,5.52
416,5.59
174,5.55
455,5.34
683,0.00
177,5.43
676,0.00
479,5.51
736,5.59
152,5.60
926,11.69
224,5.57
431,0.00
789,0.00
5,5.46
781,5.34
733,0.00
598,5.44
528,11.51
836,5.52
861,11.56
888,0.00
800,5.43
556,5.55
784,5.65
126,5.50
462,0.00
930,0.00
756,5.63
984,5.45
483,0.00
241,5.52
695,0.00
1000,5.55
857,5.67
670,0.00
999,5.64
540,5.72
623,0.00
913,5.70
548,0.00
363,5.54
400,5.54
630,5.59
538,5.61
833,0.00
842,11.74
570,5.84
944,5.90
442,0.00
470,5.78
36,5.85
344,0.00
266,0.00
648,0.00
898,5.82
830,5.90
80,5.90
489,0.00
800,5.80
667,5.84
989,5.94
185,6.11
221,5.92
136,5.92
617,11.64
554,5.99
24,6.11
105,6.01
626,0.00
396,0.00
280,0.00
215,5.97
895,0.00
169,0.00
390,6.14
220,0.00
720,6.09
754,0.00
560,6.30
266,0.00
956,6.08
632,6.17
450,6.18
999,11.93
665,0.00
80,6.21
247,6.21
347,6.21
887,0.00
416,6.01
496,5.90
313,5.91
514,0.00
212,5.92
620,5.88
245,5.88
578,5.95
621,0.00
568,5.77
699,5.96
723,5.68
749,5.75
123,5.93
226,5.73
747,0.00
852,5.77
723,5.67
707,5.71
47,5.74
845,0.00
565,5.59
78,5.80
661,0.00
761,5.76
768,0.00
779,5.94
875,5.96
368,0.00
981,6.00
872,11.76
261,6.05
157,5.87
593,5.96
167,5.98
481,5.87
241,5.84
970,5.84
833,5.90
40,0.00
22,5.92
653,5.84
581,5.98
62,5.85
834,0.00
248,5.81
529,5.64
382,5.69
102,5.69
842,5.55
298,5.55
651,5.62
87,5.78
445,5.76
545,5.76
926,5.70
253,5.77
439,5.54
878,11.77
793,5.71
132,5.81
616,0.00
946,0.00
246,5.63
528,5.56
298,5.57
477,11.62
170,5.59
46,5.40
651,5.51
403,5.66
838,17.19
410,5.56
947,11.72
289,0.00
734,11.51
459,5.60
974,0.00
785,5.73
829,0.00
745,11.62
544,5.74
842,0.00
373,0.00
521,5.76
983,11.55
588,5.93
994,17.15
84,5.91
649,5.89
161,5.98
832,5.76
93,5.87
90,5.76
22,5.67
512,0.00
610,5.50
127,5.53
798,5.42
730,5.47
229,5.47
461,0.00
610,5.49
810,0.00
563,5.60
900,5.62
611,5.75
19,5.56
284,0.00
762,5.58
194,5.62
193,5.66
82,5.54
539,0.00
344,5.62
615,0.00
737,5.50
915,0.00
717,5.64
67,5.65
464,5.74
601,5.76
563,5.77
412,5.75
412,0.00
854,5.81
924,5.97
160,5.94
435,0.00
352,5.87
961,5.94
354,5.95
496,11.52
575,5.96
322,0.00
14,5.89
88,5.82
685,0.00
151,5.83
784,0.00
880,11.52
838,17.60
730,23.38
376,6.16
146,6.18
435,0.00
440,6.06
42,6.20
375,0.00
891,6.10
803,0.00
567,0.00
520,12.02
156,6.32
777,12.03
540,12.05
440,0.00
954,23.62
137,6.23
929,0.00
207,6.24
511,0.00
491,0.00
576,6.02
453,5.90
665,6.00
821,6.06
713,6.07
591,5.99
151,5.98
631,11.93
561,5.98
506,0.00
120,5.89
384,5.87
476,5.96
125,6.02
21,6.03
986,0.00
895,0.00
756,6.02
358,0.00
457,6.02
246,6.10
388,0.00
888,0.00
778,5.90
648,0.00
509,5.92
324,6.02
74,5.98
865,5.98
47,6.02
545,5.97
87,6.09
113,6.04
655,0.00
348,5.97
207,5.89
390,0.00
965,5.85
348,5.72
274,5.73
718,5.58
208,5.68
476,0.00
579,5.72
573,5.86
388,0.00
154,11.76
501,5.79
630,0.00
641,5.75
997,5.79
62,5.85
408,0.00
690,5.85
538,5.70
275,5.72
530,0.00
330,5.48
355,5.61
154,5.47
78,5.56
148,5.44
730,5.23
758,0.00
583,0.00
172,5.41
276,5.40
582,0.00
758,17.42
22,5.40
871,0.00
513,0.00
228,5.36
301,0.00
520,5.37
27,5.47
908,0.00
466,0.00
71,5.37
412,5.37
930,17.14
420,5.42
175,5.29
607,5.30
606,5.31
365,5.18
601,0.00
990,5.14
69,5.26
694,0.00
365,5.19
41,5.32
898,5.23
555,0.00
483,5.17
456,5.22
273,0.00
509,5.30
206,5.38
910,5.34
64,5.35
905,0.00
33,5.23
106,5.23
816,0.00
401,0.00
998,0.00
618,5.39
119,5.37
585,0.00
115,5.33
305,5.30
679,11.19
970,11.21
314,5.50
864,0.00
724,5.33
514,5.34
508,0.00
275,5.22
581,0.00
470,5.21
147,0.00
373,0.00
668,4.93
682,4.92
363,4.98
489,0.00
741,10.62
247,5.02
642,5.04
514,5.09
845,4.99
893,5.11
801,10.54
210,5.33
605,5.08
111,5.24
458,0.00
666,5.11
816,16.87
120,5.22
930,10.59
122,5.29
174,5.18
897,0.00
682,5.25
208,5.26
409,0.00
973,5.34
393,5.38
541,5.39
237,0.00
876,5.46
904,16.55
453,5.54
308,5.38
806,0.00
145,5.39
4,5.38
674,0.00
515,0.00
476,5.36
289,5.45
426,0.00
731,5.42
65,5.51
339,5.39
935,0.00
330,5.44
97,5.46
879,5.39
103,5.47
793,5.36
747,5.45
141,5.53
101,5.50
136,5.42
617,5.32
995,5.33
174,5.32
52,5.37
253,5.34
939,0.00
499,5.45
895,10.95
296,5.54
812,5.58
705,5.60
125,5.77
509,5.61
201,0.00
797,5.61
450,5.62
731,0.00
289,5.64
294,5.70
662,5.76
42,5.86
677,5.87
823,5.89
837,6.06
390,5.94
645,10.88
520,6.00
327,11.06
517,6.04
897,5.97
718,5.98
84,6.01
67,5.80
882,0.00
244,5.74
483,5.64
790,0.00
375,0.00
231,11.03
587,0.00
711,10.95
592,5.60
352,5.63
281,0.00
652,5.64
305,5.66
228,5.62
927,5.56
726,0.00
789,16.26
482,11.05
319,0.00
167,5.69
637,5.74
302,5.74
778,5.68
844,0.00
995,5.84
168,5.72
383,0.00
428,5.63
706,0.00
807,0.00
947,5.61
751,0.00
634,5.67
854,0.00
678,0.00
435,5.69
696,0.00
529,5.76
519,5.81
559,0.00
309,5.78
321,5.72
218,5.81
648,0.00
504,5.67
402,0.00
786,0.00
183,11.14
219,5.35
960,11.13
953,5.62
469,5.45
309,0.00
687,5.36
95,5.49
658,0.00
891,0.00
783,11.37
745,11.41
156,5.47
597,5.60
818,5.52
314,0.00
692,0.00
637,11.52
441,11.63
625,5.57
243,0.00
569,11.63
360,5.70
381,5.53
73,5.67
840,11.48
5,5.69
410,0.00
677,11.65
701,5.74
684,5.78
636,5.85
715,0.00
349,0.00
299,6.26
763,0.00
389,6.20
271,6.40
337,0.00
442,0.00
884,6.42
4,6.37
829,0.00
174,6.38
422,6.29
691,0.00
870,6.26
509,6.32
98,6.32
580,0.00
593,6.27
480,6.27
637,0.00
468,6.28
529,6.33
100,6.48
284,6.44
964,0.00
470,6.40
869,6.40
644,6.49
576,0.00
522,6.43
529,0.00
86,6.48
451,0.00
173,6.44
436,6.38
440,0.00
501,0.00
41,6.39
630,0.00
342,6.39
380,0.00
222,6.50
281,6.46
163,6.52
388,0.00
683,12.08
503,6.42
763,6.54
617,6.67
1,6.63
646,6.53
47,6.54
397,0.00
356,0.00
165,6.43
425,0.00
421,6.45
787,6.31
880,0.00
956,6.36
645,6.30
120,6.25
795,6.14
984,6.22
85,6.36
429,0.00
191,6.15
658,0.00
905,6.08
702,6.32
825,0.00
475,12.00
700,6.23
180,6.24
642,0.00
134,6.07
950,6.14
92,5.85
330,5.76
729,5.62
372,0.00
813,5.68
342,5.77
834,5.69
893,5.79
662,5.59
872,5.72
919,17.79
709,5.89
12,5.80
540,5.68
923,12.00
657,5.76
45,5.63
413,0.00
842,5.74
901,0.00
310,5.75
486,0.00
729,0.00
853,5.64
823,0.00
716,5.79
372,5.86
610,0.00
138,5.75
33,5.72
423,0.00
615,5.69
273,5.75
204,5.84
505,5.71
151,5.77
201,5.68
145,5.72
450,5.57
845,0.00
574,5.60
602,0.00
97,5.77
455,0.00
791,12.25
460,5.57
159,5.59
649,5.59
336,0.00
767,12.26
334,5.76
341,5.81
227,5.76
370,0.00
614,5.70
235,5.76
369,12.07
929,5.68
721,12.02
920,11.85
772,5.76
574,0.00
464,5.79
610,0.00
186,5.71
223,5.74
954,0.00
632,5.52
496,5.61
849,11.99
877,5.70
181,5.76
491,5.62
442,5.73
711,0.00
890,0.00
915,5.72
890,5.76
850,5.97
54,5.91
299,5.85
937,0.00
496,5.95
424,5.92
177,5.92
999,0.00
827,6.10
940,0.00
383,6.02
725,18.08
190,6.01
725,6.13
937,29.56
556,6.04
718,5.96
61,5.99
452,5.90
275,5.91
30,5.94
61,5.89
389,0.00
671,5.57
954,5.65
744,0.00
752,5.70
296,5.88
163,5.87
243,5.83
45,5.74
951,0.00
643,0.00
455,0.00
703,5.93
702,5.91
795,0.00
401,5.89
820,0.00
677,5.97
95,6.07
973,0.00
992,6.15
11,5.71
532,0.00
746,0.00
581,5.76
174,5.93
381,11.60
981,5.97
43,5.98
977,11.76
750,11.72
573,5.91
408,5.80
757,5.86
654,5.73
924,0.00
3,5.93
951,5.82
406,5.83
614,5.94
819,5.74
424,5.82
569,0.00
285,5.83
89,5.75
583,0.00
844,5.55
156,5.57
863,5.36
439,0.00
465,5.47
725,0.00
414,5.50
425,5.52
257,5.40
830,5.27
247,5.35
697,0.00
787,11.46
488,5.33
626,11.38
353,5.41
582,11.39
393,11.36
312,5.59
781,11.48
94,5.56
170,5.39
196,5.41
249,5.48
774,5.48
339,5.59
966,5.58
787,11.18
699,5.37
608,5.50
542,5.58
161,0.00
296,5.53
16,5.54
425,0.00
340,5.41
104,5.33
226,5.37
268,5.22
776,0.00
603,0.00
114,5.06
591,0.00
312,11.16
894,11.20
923,5.34
374,5.41
53,5.47
956,5.51
992,11.42
541,5.56
899,5.59
651,0.00
294,5.61
954,5.56
63,5.70
759,5.59
438,5.59
669,5.59
278,5.66
235,5.57
917,11.42
455,5.62
917,5.44
782,5.56
86,5.56
694,5.66
91,5.55
898,5.70
208,5.71
411,5.60
236,5.63
232,5.61
533,5.63
463,0.00
738,5.70
560,0.00
851,5.63
88,5.75
812,0.00
105,5.61
4,5.63
796,0.00
9,5.60
713,5.51
54,5.58
891,0.00
839,10.91
880,0.00
679,5.46
792,0.00
65,5.49
620,0.00
344,5.51
356,5.54
938,5.61
705,0.00
556,5.61
999,0.00
810,5.77
709,5.77
231,5.84
268,0.00
793,5.74
233,5.77
354,5.68
394,5.69
443,5.71
386,0.00
924,5.81
877,0.00
21,5.95
772,5.93
482,5.98
188,6.02
579,0.00
777,0.00
234,5.73
248,5.77
426,0.00
748,11.20
945,5.61
246,0.00
629,5.67
430,5.74
999,5.90
553,0.00
804,0.00
517,5.87
269,0.00
927,5.76
572,11.55
610,11.54
61,6.06
129,5.89
264,11.38
959,5.94
72,6.09
924,0.00
829,6.02
839,0.00
57,6.03
880,11.62
209,6.07
83,5.89
90,0.00
784,0.00
332,11.49
645,0.00
453,5.98
496,0.00
824,6.07
181,6.14
489,0.00
589,0.00
356,6.12
525,6.07
699,0.00
138,6.15
459,0.00
4,6.20
96,6.20
895,6.13
770,11.68
48,6.24
740,0.00
463,6.27
835,6.31
135,6.34
609,6.44
218,6.47
782,0.00
294,6.20
260,6.28
789,0.00
989,6.22
252,6.24
334,6.21
571,0.00
752,0.00
397,6.09
584,0.00
353,0.00
760,0.00
631,6.01
600,0.00
707,6.16
267,6.23
167,6.28
172,6.18
248,0.00
394,6.20
168,6.23
288,0.00
727,6.06
626,6.14
843,0.00
756,6.11
582,6.11
717,6.18
851,17.57
541,6.35
209,0.00
364,0.00
263,6.19
729,11.80
281,6.22
369,6.07
90,6.07
871,0.00
673,6.06
687,6.12
301,5.84
653,0.00
381,5.97
506,12.01
305,0.00
280,5.97
921,0.00
795,6.18
488,6.07
214,6.08
253,0.00
525,6.13
143,6.14
525,0.00
195,6.09
359,6.09
438,0.00
248,6.15
558,0.00
802,6.06
479,11.97
314,6.10
308,0.00
379,0.00
997,5.85
441,0.00
799,5.88
404,5.88
815,5.87
242,0.00
502,5.92
304,5.97
36,5.97
499,5.93
648,0.00
522,17.69
58,5.80
62,5.75
270,5.64
248,0.00
622,12.02
853,5.68
123,5.71
795,5.59
220,5.51
646,5.52
225,0.00
915,5.50
812,5.51
18,5.64
784,5.52
631,0.00
784,5.66
722,0.00
167,5.62
951,5.58
582,0.00
185,5.69
57,5.64
708,5.63
527,5.57
948,11.63
778,11.65
884,5.71
664,5.78
83,5.80
585,5.75
877,5.81
381,5.64
7,5.55
677,5.64
277,5.69
246,5.56
809,0.00
822,5.52
910,5.64
420,5.77
521,5.76
998,5.76
191,5.76
277,5.60
561,0.00
438,5.49
730,0.00
366,5.43
914,5.43
327,5.41
741,5.40
511,5.56
91,5.54
817,5.50
684,5.60
562,5.45
821,5.55
71,5.51
933,11.48
315,5.61
932,0.00
495,5.65
413,5.72
965,5.64
546,0.00
873,5.82
312,5.62
67,5.82
818,5.75
921,5.82
113,5.82
99,0.00
966,5.90
729,5.85
607,0.00
232,5.92
879,6.08
906,0.00
929,6.07
199,6.14
742,6.24
939,11.75
261,6.17
111,6.21
819,6.18
789,0.00
884,6.22
377,0.00
709,6.16
512,0.00
970,6.20
11,6.20
657,6.31
350,0.00
32,6.26
19,6.26
437,0.00
886,11.91
898,0.00
992,0.00
723,6.30
981,11.99
274,6.40
864,0.00
608,12.00
934,12.10
255,6.55
43,6.56
357,0.00
858,0.00
520,0.00
222,6.53
473,6.52
484,0.00
922,6.48
618,0.00
967,6.39
798,12.07
111,6.36
568,6.43
78,6.37
322,0.00
534,6.38
709,6.40
409,6.34
673,6.34
941,0.00
998,0.00
676,6.53
197,6.46
680,6.36
258,6.44
549,0.00
554,0.00
889,6.29
960,0.00
811,6.30
223,6.21
736,6.26
548,6.23
140,0.00
122,0.00
266,6.38
125,6.37
164,6.30
967,0.00
791,12.37
870,6.44
384,6.52
756,0.00
339,6.26
749,0.00
986,12.75
719,0.00
873,6.45
148,6.60
804,0.00
584,6.51
177,6.51
144,6.59
222,6.49
40,6.58
611,0.00
827,0.00
963,6.30
365,6.36
36,6.46
376,6.35
569,0.00
122,6.43
702,12.71
782,6.44
811,12.83
301,6.50
581,0.00
982,0.00
760,0.00
607,6.56
859,0.00
188,6.46
446,6.38
254,0.00
635,6.53
73,6.54
950,13.08
226,6.38
787,0.00
939,13.03
527,0.00
936,6.52
539,0.00
393,0.00
546,13.12
996,13.13
32,6.71
301,6.52
820,6.58
106,6.67
907,0.00
734,13.13
275,13.01
751,6.80
526,12.96
753,6.57
552,0.00
816,6.68
468,6.76
337,6.64
279,6.55
163,6.58
583,6.49
431,6.53
993,6.48
244,6.64
390,0.00
966,6.62
917,6.54
532,6.71
962,6.71
91,6.75
112,6.53
311,6.58
668,0.00
173,12.85
883,6.49
346,6.50
895,6.44
102,6.67
120,6.49
924,0.00
97,6.44
69,6.31
712,6.10
101,6.15
562,6.07
462,0.00
736,0.00
751,6.22
818,6.21
102,6.32
174,6.31
292,6.33
265,6.25
900,6.18
603,0.00
395,0.00
704,6.25
665,6.36
743,0.00
648,6.42
637,0.00
326,6.27
128,6.31
873,12.73
232,6.27
905,6.12
377,0.00
102,6.10
704,0.00
31,6.07
401,0.00
6,6.09
738,6.06
907,12.57
13,6.07
883,12.59
78,6.15
339,0.00
324,5.89
590,0.00
495,5.92
239,5.93
794,5.83
743,5.96
454,6.05
859,12.88
306,5.94
522,6.01
54,6.09
297,0.00
846,6.01
240,6.02
724,5.98
33,6.05
634,0.00
165,0.00
658,5.88
952,0.00
596,0.00
864,5.99
21,6.17
792,6.09
978,0.00
512,6.19
635,6.20
438,0.00
22,5.98
383,0.00
929,6.05
171,6.05
445,0.00
992,6.18
565,6.25
91,6.19
263,6.19
980,12.48
509,6.21
73,5.94
340,6.02
469,0.00
621,6.06
330,0.00
799,0.00
985,6.23
904,0.00
870,0.00
314,6.20
250,6.11
800,0.00
653,6.06
228,6.17
657,6.26
496,6.17
944,12.55
853,6.51
403,6.27
287,0.00
726,0.00
321,6.48
552,0.00
189,6.32
322,6.51
979,6.40
923,12.54
172,6.55
72,6.37
822,6.45
559,6.53
343,6.55
88,6.58
441,6.50
824,12.48
226,6.65
72,6.51
876,0.00
119,6.63
308,0.00
910,25.56
149,6.66
775,12.67
927,6.72
57,0.00
994,12.66
36,6.66
222,0.00
931,6.76
278,6.71
550,12.75
693,6.83
284,6.80
975,6.73
872,6.77
177,6.87
308,6.86
114,6.92
603,0.00
987,12.76
386,6.75
722,6.67
12,6.70
641,6.71
719,6.75
476,6.64
723,6.71
887,0.00
973,6.79
810,0.00
461,6.80
934,6.95
850,13.12
582,6.93
371,6.94
222,6.79
441,6.91
429,7.01
859,6.95
126,7.05
425,0.00
214,0.00
824,6.97
315,7.08
80,7.02
202,6.95
480,6.86
690,13.05
115,6.94
878,6.82
419,0.00
273,6.84
292,6.81
293,6.87
526,0.00
335,6.91
323,0.00
413,0.00
601,6.76
595,6.76
16,6.62
236,6.49
770,6.49
682,6.50
617,6.39
882,6.46
612,6.51
203,0.00
842,6.60
485,0.00
220,6.36
851,6.45
362,6.45
569,0.00
637,12.74
410,6.33
200,6.35
473,6.31
633,0.00
503,6.20
505,6.30
350,0.00
919,6.25
264,6.22
740,6.22
564,6.40
878,6.12
142,6.09
182,6.17
569,6.09
922,6.18
333,0.00
844,6.09
129,6.24
221,6.08
115,6.09
367,6.02
903,0.00
486,6.10
976,0.00
557,6.03
182,6.01
7,6.01
250,5.90
126,5.83
741,0.00
115,5.76
887,0.00
578,5.69
858,5.63
337,5.50
132,5.51
58,5.56
763,0.00
996,5.39
460,5.41
422,0.00
156,5.45
21,5.36
493,0.00
688,5.43
624,5.44
40,5.34
781,0.00
444,5.50
162,5.54
539,0.00
407,5.49
170,5.50
299,5.44
17,5.44
508,5.43
64,5.47
924,0.00
589,5.44
239,5.47
209,5.46
462,5.45
220,5.53
557,0.00
632,5.62
767,5.53
922,5.59
906,11.85
582,5.48
396,0.00
543,0.00
346,5.38
634,0.00
565,11.75
532,5.43
291,0.00
404,0.00
75,5.28
770,0.00
516,5.28
817,11.49
550,5.33
906,0.00
674,0.00
847,11.65
557,5.54
383,11.87
406,5.59
12,5.58
539,0.00
504,5.37
102,5.41
147,5.37
756,5.37
121,5.52
479,0.00
811,5.45
224,0.00
607,5.53
312,5.55
927,5.53
61,5.48
348,0.00
553,5.49
267,0.00
492,5.46
867,0.00
997,11.27
883,11.25
444,0.00
729,0.00
116,5.54
557,0.00
642,5.67
442,5.68
538,0.00
920,11.22
301,5.70
380,0.00
680,5.77
377,5.70
339,5.79
426,0.00
396,5.65
434,0.00
505,5.61
85,5.69
737,0.00
595,5.73
1,5.78
798,0.00
765,5.78
933,0.00
979,0.00
61,5.84
594,0.00
567,0.00
742,11.20
655,5.87
204,5.88
879,5.71
371,11.17
123,5.75
809,11.12
338,11.09
667,10.98
169,5.74
139,5.56
739,10.92
785,5.70
29,5.72
186,5.65
38,5.56
801,0.00
518,0.00
502,0.00
106,5.71
96,5.61
716,0.00
218,5.46
865,10.95
130,5.41
279,5.26
838,0.00
801,10.95
470,0.00
249,5.45
623,5.29
851,5.34
715,0.00
577,5.31
129,5.31
102,5.33
710,0.00
688,5.25
417,5.34
861,5.51
512,5.41
731,0.00
925,5.41
903,10.93
521,5.45
620,5.52
186,5.65
763,5.59
832,5.60
170,5.60
556,5.50
725,5.51
133,0.00
875,5.55
486,0.00
397,5.46
584,0.00
541,5.47
87,5.51
124,5.51
123,5.43
794,0.00
154,5.47
778,5.38
838,0.00
237,5.43
234,5.43
556,0.00
578,5.33
756,11.18
844,5.40
336,0.00
161,5.46
921,0.00
646,5.47
926,11.28
15,5.48
249,0.00
265,0.00
948,11.18
952,11.37
561,5.71
17,5.62
527,0.00
876,5.72
72,5.71
54,5.77
415,0.00
461,5.69
282,5.64
163,5.64
802,5.60
376,5.66
383,5.66
908,5.72
370,5.73
900,11.18
890,5.78
268,5.79
752,5.80
665,5.95
529,5.89
732,5.97
843,6.01
726,0.00
881,6.09
173,6.09
945,0.00
772,5.96
778,5.92
266,6.00
340,0.00
698,6.14
242,6.05
129,6.06
659,0.00
395,0.00
734,5.84
4,5.86
813,5.87
746,11.43
325,5.96
675,5.95
134,11.39
780,6.08
512,6.09
837,11.54
850,6.07
13,6.17
176,5.97
888,0.00
36,6.01
164,5.95
838,6.00
15,5.96
711,0.00
264,5.90
220,5.94
86,5.88
504,5.81
911,0.00
221,5.97
958,0.00
266,5.94
644,11.52
319,6.12
74,5.89
803,0.00
992,11.43
360,6.05
201,0.00
900,17.30
391,5.85
899,11.64
951,6.06
635,6.08
567,6.00
711,6.09
867,6.08
547,6.15
216,6.29
507,0.00
26,6.18
268,6.16
905,0.00
232,0.00
190,6.32
371,6.17
989,0.00
666,6.33
297,6.27
505,6.35
109,6.45
155,6.22
309,0.00
963,11.96
439,0.00
404,6.05
375,6.19
911,0.00
897,12.08
517,0.00
356,5.89
294,11.96
912,5.98
463,6.00
83,6.04
450,5.88
230,5.84
427,0.00
299,0.00
931,5.80
163,5.87
336,5.90
56,5.90
189,5.89
733,0.00
771,0.00
721,5.77
872,5.78
220,5.70
234,5.60
958,11.58
173,5.89
121,5.68
190,5.62
540,5.67
813,5.79
331,0.00
272,5.77
896,0.00
409,5.78
202,5.80
41,5.84
149,5.83
153,5.78
375,0.00
520,5.83
165,5.72
648,0.00
830,0.00
120,5.55
319,5.55
112,5.60
899,11.46
58,5.52
315,5.43
473,0.00
724,11.52
305,5.52
824,5.49
44,5.48
80,5.43
523,5.28
809,11.45
626,5.46
41,5.47
816,0.00
300,0.00
723,5.25
727,11.38
748,5.43
79,5.40
817,5.35
436,0.00
362,5.45
474,0.00
317,5.36
112,5.37
670,5.34
97,5.34
733,0.00
436,5.37
930,0.00
618,11.73
674,11.57
392,5.64
36,5.55
14,5.51
660,11.55
998,5.50
635,0.00
409,5.43
470,5.58
662,0.00
244,5.69
544,11.74
906,5.90
220,5.91
838,5.74
908,5.98
988,0.00
253,5.87
182,5.95
825,5.92
890,5.89
745,0.00
812,6.12
817,0.00
685,12.12
319,6.38
534,0.00
539,0.00
173,6.21
281,6.30
159,6.16
574,0.00
126,6.07
304,6.08
838,0.00
564,6.12
460,6.09
923,0.00
560,6.24
692,0.00
399,6.27
711,6.36
981,6.38
230,6.49
453,0.00
730,6.42
894,6.54
673,6.62
730,17.96
423,6.75
924,12.13
644,0.00
231,6.55
749,0.00
443,0.00
728,6.53
696,6.69
565,0.00
684,12.12
392,6.68
857,11.91
244,6.63
676,6.69
100,6.44
362,6.50
577,0.00
937,6.50
331,6.61
879,6.46
733,6.60
173,6.43
323,6.50
86,6.48
391,0.00
991,12.01
713,0.00
819,12.02
197,6.51
217,0.00
465,0.00
818,12.03
63,6.59
123,6.50
336,6.50
547,6.44
70,6.50
808,0.00
867,6.35
243,6.47
789,6.51
768,6.27
807,6.28
221,6.27
865,0.00
916,6.38
476,6.46
68,6.20
480,0.00
581,6.01
800,6.05
207,6.06
191,6.07
910,0.00
871,6.09
367,6.10
622,0.00
875,6.13
76,6.24
681,0.00
343,6.22
129,6.27
899,12.36
359,6.19
385,0.00
90,0.00
614,0.00
934,6.14
103,6.22
564,0.00
956,6.18
98,6.17
554,0.00
819,0.00
413,6.12
395,0.00
921,6.17
794,12.76
240,6.10
91,6.03
342,0.00
459,6.04
490,5.91
903,5.91
202,6.04
530,0.00
774,5.88
345,0.00
25,5.94
699,0.00
621,5.94
811,0.00
464,6.05
268,6.05
665,6.08
104,5.95
597,0.00
329,6.03
186,6.15
976,5.97
557,5.97
540,12.41
833,6.17
818,6.09
800,6.09
244,5.99
65,6.05
703,0.00
591,0.00
779,6.09
174,6.25
659,0.00
630,0.00
975,12.58
813,6.26
920,6.31
640,0.00
395,0.00
979,6.27
524,0.00
920,6.31
105,6.36
494,0.00
610,6.39
592,0.00
823,6.26
1,6.39
562,12.34
773,6.30
94,6.25
113,6.18
365,6.05
402,0.00
837,6.01
261,6.11
554,6.13
583,6.13
461,12.32
859,6.22
794,6.20
532,0.00
528,6.18
493,0.00
660,0.00
905,6.35
352,6.23
781,6.29
608,6.30
58,6.35
949,12.46
123,6.31
975,0.00
586,6.37
27,0.00
930,12.79
981,12.66
703,12.77
389,0.00
729,12.91
842,12.84
555,6.80
872,6.98
616,0.00
989,6.96
751,0.00
745,0.00
846,6.76
3,6.94
351,6.93
176,0.00
147,0.00
887,13.10
26,6.84
284,6.78
168,6.81
314,6.65
974,6.66
862,12.61
203,0.00
894,6.73
395,0.00
663,6.75
433,0.00
526,6.68
204,6.73
371,6.67
512,0.00
437,6.63
632,0.00
412,6.62
312,6.66
631,0.00
898,6.69
990,12.86
988,6.64
34,6.70
487,6.73
947,12.93
565,6.62
483,0.00
838,6.65
3,6.74
748,0.00
64,6.55
803,12.85
526,12.95
773,6.65
371,0.00
710,6.66
413,6.58
150,6.76
363,6.70
306,6.67
862,6.71
803,6.63
970,6.73
251,6.86
404,6.77
419,0.00
95,6.71
160,6.73
679,0.00
685,6.57
448,6.57
957,0.00
656,6.54
341,0.00
213,6.57
143,6.62
558,6.49
292,0.00
369,6.42
75,6.46
387,6.30
756,6.36
24,6.18
90,6.19
835,0.00
869,12.86
517,6.13
529,6.14
912,5.86
564,12.88
764,6.12
229,6.07
514,0.00
842,6.04
504,5.91
357,5.94
918,6.07
327,0.00
531,0.00
310,6.15
161,6.15
613,12.88
657,6.10
590,0.00
909,12.82
466,6.29
44,6.07
465,0.00
41,6.11
80,5.99
231,5.97
272,0.00
694,12.51
517,5.91
346,0.00
865,5.81
583,0.00
701,5.83
865,0.00
558,5.65
894,5.56
278,5.66
864,5.67
269,5.66
572,5.57
362,0.00
910,5.60
908,5.69
807,0.00
738,5.82
678,5.83
700,5.95
164,5.85
459,0.00
757,5.97
14,5.79
669,5.80
910,5.91
301,5.98
831,0.00
234,5.93
63,5.82
614,5.72
527,0.00
57,5.86
529,5.85
936,0.00
201,5.88
714,5.94
812,5.95
521,12.46
372,5.95
73,5.90
309,5.82
102,5.92
277,0.00
785,5.87
313,0.00
85,6.01
437,0.00
131,5.87
181,5.85
374,0.00
995,5.80
111,6.04
391,0.00
831,11.76
724,5.92
424,5.93
571,6.00
733,18.67
299,5.87
193,5.75
115,5.92
123,5.74
768,11.66
548,5.75
614,5.88
14,6.02
166,5.79
730,5.83
85,5.86
293,0.00
862,0.00
668,5.67
281,0.00
830,11.68
294,5.74
432,0.00
572,5.68
973,0.00
446,5.72
367,5.66
971,0.00
907,11.50
909,0.00
784,11.44
572,5.68
284,5.71
837,0.00
633,5.71
61,5.76
494,0.00
112,5.71
163,5.61
315,5.58
79,5.40
349,5.42
502,5.30
696,0.00
957,42.47
101,5.53
379,0.00
243,5.41
370,5.31
187,5.30
104,5.32
828,5.18
868,5.18
34,5.21
695,5.21
199,0.00
170,5.20
98,5.14
462,0.00
623,0.00
734,5.35
158,5.22
631,5.13
733,0.00
448,0.00
101,5.28
629,0.00
80,5.33
954,0.00
375,5.27
909,5.28
735,5.38
841,5.52
104,5.47
853,0.00
163,5.41
937,11.24
451,11.30
233,5.46
313,0.00
917,17.33
543,11.11
181,5.43
132,5.31
640,5.41
637,0.00
339,5.27
58,5.24
850,5.22
941,5.24
57,5.34
133,5.31
882,0.00
712,11.11
224,5.25
710,10.80
918,10.93
31,5.31
656,11.07
973,5.31
713,5.48
926,0.00
438,5.43
247,5.53
855,11.21
658,5.60
79,5.61
824,11.23
517,5.51
723,5.67
141,5.52
796,0.00
477,5.58
81,5.77
588,0.00
383,5.62
786,5.62
300,0.00
218,0.00
582,5.78
564,0.00
312,0.00
662,5.91
494,5.97
530,0.00
19,5.85
266,5.85
80,0.00
120,5.95
993,5.84
40,5.85
162,0.00
993,5.72
353,5.92
867,5.89
646,5.92
962,11.24
313,6.07
506,5.92
129,6.07
811,5.98
642,0.00
904,0.00
114,6.04
470,5.96
455,0.00
963,5.99
123,0.00
629,6.06
807,6.11
787,6.07
4,6.16
428,0.00
927,5.84
42,5.83
251,0.00
297,5.77
782,5.93
658,5.92
604,5.93
381,5.99
547,0.00
610,11.24
73,6.04
665,0.00
601,5.95
828,6.09
533,0.00
14,6.13
576,0.00
930,6.12
388,0.00
779,6.11
708,6.23
336,0.00
426,6.20
836,0.00
762,6.25
873,11.43
365,6.16
891,0.00
892,6.28
913,11.73
246,6.36
920,0.00
262,6.18
955,0.00
609,6.25
865,0.00
105,6.05
263,5.98
27,5.80
930,0.00
540,5.85
745,5.85
298,5.82
194,5.86
297,5.75
658,0.00
625,0.00
955,5.84
480,5.81
211,5.82
690,5.89
699,6.01
22,6.01
508,0.00
878,6.02
852,0.00
98,6.15
959,6.03
913,0.00
787,12.02
592,6.04
896,6.19
128,6.04
544,6.04
544,0.00
89,6.08
19,6.11
605,0.00
729,5.94
772,0.00
813,6.09
347,0.00
355,6.05
21,6.15
66,6.12
484,6.12
448,0.00
741,0.00
856,6.23
812,0.00
475,6.16
219,6.36
943,0.00
293,0.00
127,6.23
470,6.23
31,6.34
622,0.00
869,6.23
248,6.20
888,6.08
665,12.38
443,6.26
978,0.00
934,6.32
430,6.27
477,0.00
937,6.28
348,6.37
885,12.49
403,6.21
407,6.21
925,0.00
197,6.25
989,0.00
796,6.24
990,6.18
828,12.44
519,0.00
792,6.34
697,0.00
24,6.50
868,6.46
844,6.56
250,6.58
384,6.35
191,6.35
246,6.36
306,6.24
746,6.31
946,0.00
361,6.37
595,0.00
383,6.33
622,6.34
493,6.36
39,6.23
77,6.13
874,0.00
951,6.08
829,12.30
588,6.26
467,0.00
174,12.16
708,6.12
333,6.13
294,0.00
87,5.97
111,5.94
1000,0.00
45,6.03
250,6.00
431,0.00
648,5.93
285,5.82
192,5.92
645,5.81
729,5.85
921,5.93
17,6.07
120,6.06
574,5.86
532,0.00
612,5.86
377,5.71
652,5.76
325,0.00
653,12.23
314,5.75
157,5.89
46,5.80
693,5.81
245,5.87
725,5.84
831,5.95
765,5.83
329,11.99
909,5.79
207,5.80
540,0.00
789,5.65
937,5.76
857,12.12
332,5.70
209,5.70
661,11.89
944,5.74
602,11.90
880,5.68
158,5.70
425,0.00
361,5.62
821,0.00
26,5.61
494,5.62
727,5.57
894,5.59
500,5.60
731,5.65
130,5.58
920,0.00
811,0.00
194,5.93
860,24.09
848,0.00
205,5.75
66,5.74
774,0.00
585,5.77
275,5.95
254,5.86
173,5.85
951,0.00
730,5.77
902,12.10
601,5.85
930,5.75
889,5.77
470,5.92
562,11.86
689,6.14
120,5.95
515,0.00
85,5.89
988,6.04
926,0.00
709,6.11
631,6.20
530,0.00
656,0.00
215,6.17
215,6.17
720,0.00
665,6.20
313,6.40
179,6.24
82,6.31
16,6.26
838,24.38
26,6.31
552,6.19
127,6.14
738,0.00
256,6.24
310,6.25
139,6.21
954,6.14
208,6.15
880,12.05
752,6.23
618,6.23
420,12.22
551,12.06
249,6.49
57,6.29
344,6.26
707,0.00
840,6.37
704,0.00
898,12.28
855,12.17
440,6.56
695,0.00
81,6.62
722,12.33
378,6.43
983,6.55
28,6.40
523,0.00
952,6.44
94,6.47
642,0.00
958,6.46
737,0.00
2,6.59
767,0.00
917,6.52
470,6.74
160,6.61
358,6.62
610,0.00
931,6.64
343,0.00
754,6.49
926,12.43
743,6.66
300,6.67
51,6.57
737,0.00
797,0.00
585,6.56
841,6.59
783,0.00
991,6.62
341,6.73
190,6.71
969,6.64
734,0.00
159,6.56
269,6.44
583,12.55
166,6.72
397,6.45
319,0.00
596,6.38
517,0.00
645,6.36
329,0.00
902,6.20
63,6.31
602,0.00
952,6.24
731,6.15
936,0.00
659,0.00
131,6.29
644,0.00
927,0.00
686,6.42
856,6.49
555,6.47
884,12.98
513,0.00
975,0.00
221,6.53
962,0.00
321,12.83
598,6.51
132,0.00
699,0.00
646,0.00
277,6.34
195,6.35
277,6.35
916,6.27
506,0.00
229,6.27
418,12.80
683,6.22
146,0.00
604,12.57
183,6.29
823,6.20
24,6.22
626,0.00
612,6.23
39,6.21
315,6.21
126,6.34
376,0.00
305,6.16
507,0.00
454,6.10
184,6.10
736,6.02
870,0.00
929,0.00
262,6.13
415,0.00
99,6.32
532,0.00
941,6.18
449,0.00
790,12.66
95,6.26
768,0.00
941,6.11
463,6.02
852,5.93
633,5.96
127,6.02
630,0.00
426,5.97
763,0.00
303,6.00
615,6.08
35,6.19
637,0.00
985,12.69
239,6.16
417,0.00
708,6.12
215,6.09
501,0.00
561,6.27
744,6.22
754,6.27
694,6.27
427,0.00
305,6.24
378,0.00
938,6.29
598,6.30
224,6.37
276,6.37
91,6.28
809,6.15
302,6.30
287,6.19
456,6.15
549,6.19
944,18.81
832,12.66
34,6.02
336,0.00
581,5.95
533,0.00
607,6.11
332,6.14
657,5.99
452,6.12
694,0.00
1000,5.94
69,5.93
684,0.00
1000,6.15
23,6.18
605,0.00
614,6.05
883,0.00
856,6.13
304,6.14
625,5.99
366,6.07
701,0.00
150,6.10
560,0.00
533,6.08
549,0.00
116,6.18
671,0.00
521,6.24
113,6.14
49,6.19
993,0.00
246,6.02
782,12.13
915,5.92
685,5.98
574,0.00
910,0.00
777,6.05
650,12.14
77,6.14
314,0.00
433,6.26
410,6.30
780,6.33
287,6.45
673,0.00
949,6.32
844,6.30
453,0.00
926,0.00
342,6.40
391,6.26
198,6.29
475,0.00
468,6.22
488,0.00
62,6.19
261,6.19
206,6.16
967,6.16
60,6.28
448,0.00
692,6.11
297,6.19
521,0.00
892,6.26
51,6.38
546,0.00
959,0.00
636,0.00
773,6.22
292,6.07
141,6.15
34,6.08
952,6.10
383,0.00
827,6.22
637,18.90
641,12.31
12,6.34
323,6.23
416,0.00
574,0.00
803,6.20
388,6.26
505,6.13
814,0.00
770,6.11
340,6.29
276,6.17
10,6.14
536,0.00
954,12.40
496,6.15
820,6.18
176,6.20
832,0.00
312,6.25
588,6.25
482,6.37
697,6.24
832,6.34
503,6.28
770,6.32
153,6.48
933,6.28
250,6.31
688,0.00
647,6.46
254,6.52
852,6.47
999,0.00
725,6.57
106,6.58
265,6.45
567,0.00
505,6.43
287,6.44
257,6.50
515,6.52
470,6.36
109,6.46
168,6.37
978,0.00
615,6.20
687,12.51
610,6.24
835,6.17
141,6.21
565,6.21
886,6.23
650,6.20
459,6.26
529,0.00
484,6.37
378,6.51
677,6.32
966,6.36
63,6.37
1,6.38
18,6.38
23,6.23
39,6.11
48,0.00
504,6.11
948,0.00
655,6.18
921,6.18
384,0.00
432,0.00
450,6.32
108,6.33
30,6.33
563,0.00
918,12.53
984,12.61
607,6.37
652,6.24
727,6.45
962,12.63
442,6.48
850,0.00
499,0.00
165,6.64
752,6.65
43,6.67
715,0.00
673,6.44
471,0.00
629,6.56
370,0.00
645,12.66
358,6.53
343,6.60
617,0.00
209,6.45
746,0.00
411,6.38
585,6.35
530,6.27
169,6.28
83,6.29
722,6.18
855,6.27
546,6.25
663,0.00
261,6.17
486,0.00
1000,6.14
186,6.24
254,6.32
241,6.08
307,0.00
528,6.08
416,0.00
433,0.00
486,6.03
993,0.00
797,6.08
755,5.98
869,6.09
645,0.00
538,12.47
883,6.26
824,6.31
403,0.00
527,6.23
637,0.00
446,6.27
193,6.33
273,6.16
737,12.56
56,6.20
705,0.00
515,6.17
753,6.13
385,6.28
246,6.31
131,6.22
510,6.28
775,0.00
42,6.42
496,0.00
326,6.12
176,6.21
975,6.10
283,0.00
911,6.14
666,6.22
493,6.21
484,0.00
622,6.15
584,6.12
310,6.13
810,18.67
300,6.13
42,6.14
427,0.00
496,6.06
87,5.95
318,5.98
663,5.94
139,5.95
634,0.00
165,0.00
640,5.85
658,5.95
407,0.00
667,5.99
673,0.00
739,6.00
146,6.13
51,6.02
870,5.95
342,0.00
524,0.00
374,5.87
53,6.09
680,0.00
877,18.58
862,6.17
4,6.23
176,6.03
668,0.00
871,6.02
770,6.06
106,6.14
498,6.01
607,0.00
338,6.07
243,6.02
195,5.95
75,5.95
105,5.95
28,0.00
906,5.99
27,6.11
288,0.00
604,5.89
126,0.00
697,5.97
221,6.06
943,0.00
997,6.16
956,6.15
954,6.28
336,0.00
106,6.26
426,0.00
607,12.32
733,6.11
131,6.13
238,6.09
281,6.14
270,5.89
277,5.95
880,5.90
727,5.96
130,6.07
112,5.94
799,5.93
860,12.10
27,5.96
802,0.00
199,5.99
223,5.87
684,0.00
708,5.88
543,5.95
677,12.38
391,6.24
264,6.11
15,6.20
550,0.00
793,6.15
323,0.00
945,6.15
824,0.00
840,6.11
79,6.21
842,0.00
250,6.19
157,0.00
453,0.00
859,6.23
386,0.00
671,6.21
272,6.22
604,0.00
16,6.23
180,6.17
750,6.17
469,6.23
244,6.18
18,6.13
107,6.03
127,0.00
88,6.05
587,0.00
897,0.00
499,5.94
818,5.88
243,0.00
717,5.86
559,0.00
78,5.94
62,5.89
905,11.98
458,5.93
731,5.94
781,0.00
868,5.90
12,5.93
90,5.93
900,0.00
185,5.87
141,5.87
644,5.87
83,5.92
197,5.81
508,5.87
794,0.00
755,5.84
254,5.83
635,0.00
655,0.00
790,5.69
484,0.00
599,5.59
112,5.72
318,0.00
141,5.78
695,5.79
206,5.59
519,0.00
479,5.68
990,5.62
339,5.65
933,0.00
70,5.62
951,5.68
212,5.68
4,5.60
722,0.00
115,5.53
616,5.53
391,0.00
848,0.00
300,5.41
754,0.00
88,5.43
239,5.46
74,5.40
349,5.46
384,0.00
811,5.34
884,5.38
405,5.36
998,0.00
459,5.45
540,5.45
944,5.49
263,5.40
553,5.46
394,0.00
261,5.41
806,5.51
999,5.46
459,5.66
426,0.00
413,5.54
278,5.61
81,5.61
15,5.57
659,0.00
117,5.50
843,0.00
412,11.48
271,11.53
456,5.79
887,5.56
48,5.73
949,0.00
660,5.65
316,5.73
323,5.67
701,5.71
624,5.72
850,11.48
512,5.77
619,0.00
756,5.58
632,5.65
10,5.71
85,5.77
870,5.77
198,5.78
185,5.86
741,5.80
865,0.00
189,6.00
388,5.95
318,5.96
749,5.84
967,5.84
857,0.00
938,6.06
42,6.09
73,5.97
302,5.85
684,0.00
393,5.80
482,0.00
753,5.98
944,0.00
630,6.11
509,0.00
529,6.13
193,6.19
465,6.13
734,6.14
961,6.11
689,6.15
903,6.23
435,6.35
730,6.36
153,6.50
284,6.51
81,6.36
798,0.00
458,6.37
209,6.41
494,6.42
300,6.42
544,0.00
160,6.31
433,0.00
647,6.26
720,6.28
797,6.21
582,6.23
320,0.00
827,11.62
797,11.70
597,0.00
477,6.16
257,6.23
827,0.00
757,6.23
115,6.20
588,6.20
787,0.00
518,6.30
664,6.30
681,6.36
36,6.25
623,0.00
370,6.19
645,6.07
859,0.00
223,6.23
870,0.00
674,6.18
285,6.32
663,6.09
713,6.18
290,6.28
337,6.08
620,0.00
9,5.97
994,11.89
124,6.14
816,0.00
507,6.07
340,6.07
486,6.13
979,6.20
83,6.10
322,0.00
705,5.91
303,5.89
782,5.89
455,5.97
166,6.05
219,6.06
456,0.00
822,0.00
705,11.92
261,5.93
313,5.91
901,0.00
716,5.88
669,5.97
627,0.00
331,5.87
663,12.16
401,5.89
193,5.73
246,0.00
259,5.67
275,5.50
54,5.47
995,0.00
283,5.51
362,0.00
752,5.48
589,0.00
709,5.59
545,5.66
645,0.00
336,5.69
215,5.73
831,12.03
778,5.82
17,5.83
602,11.99
733,11.96
537,0.00
453,5.62
77,5.62
930,0.00
716,0.00
713,5.78
209,5.67
699,5.70
735,5.74
355,5.74
897,5.64
68,5.57
462,0.00
978,5.65
856,5.73
497,0.00
340,0.00
1000,12.01
531,5.90
330,6.05
175,5.82
992,5.90
550,5.91
424,5.78
860,5.95
283,0.00
214,12.17
911,5.93
397,6.08
773,5.95
945,6.05
233,6.11
29,6.12
176,6.06
116,6.00
804,0.00
963,5.98
231,6.14
77,6.17
996,0.00
327,6.10
828,6.02
379,6.10
302,0.00
894,11.93
670,6.22
80,6.14
318,6.07
298,6.10
595,0.00
775,5.99
507,0.00
659,11.94
149,5.93
8,6.05
674,6.07
109,6.12
713,5.93
77,5.99
931,5.99
228,0.00
355,6.01
777,0.00
702,5.94
115,6.09
654,0.00
742,0.00
564,0.00
899,5.98
982,0.00
776,0.00
749,6.22
224,0.00
191,6.16
722,6.18
435,6.20
102,6.12
745,11.98
911,12.09
916,6.18
162,6.13
25,6.20
949,0.00
472,0.00
845,11.98
497,6.34
369,6.35
581,12.00
496,6.49
986,6.39
713,0.00
856,12.37
293,6.73
3,6.58
929,12.31
173,0.00
21,6.43
717,12.18
198,6.51
458,0.00
445,6.42
131,6.47
263,6.39
409,6.43
256,6.44
981,0.00
904,6.40
586,6.24
70,6.32
611,6.22
198,6.23
258,6.05
366,5.96
153,6.02
231,6.02
886,6.08
390,6.09
211,5.89
5,5.84
585,0.00
461,5.77
254,5.83
605,11.86
142,5.77
337,5.80
918,0.00
994,0.00
456,5.93
178,5.97
833,0.00
123,5.97
965,0.00
816,12.10
954,6.00
810,11.96
832,6.09
317,6.00
429,6.15
365,6.08
514,0.00
258,6.03
305,5.98
93,5.91
366,5.85
288,5.85
940,11.84
218,5.86
751,0.00
298,5.85
987,0.00
971,0.00
959,6.06
504,6.14
424,6.15
149,0.00
518,0.00
15,6.16
606,0.00
278,12.38
995,6.10
174,6.10
153,6.12
595,0.00
308,5.89
186,5.98
978,0.00
456,5.90
882,12.22
111,5.78
877,12.29
132,5.72
796,12.22
647,5.70
993,5.67
643,5.73
322,5.81
144,5.74
177,5.66
893,0.00
135,0.00
38,5.62
758,0.00
991,5.69
800,5.71
405,5.80
963,5.84
284,5.81
385,5.95
925,0.00
34,6.13
632,0.00
273,6.11
78,6.19
608,0.00
594,6.23
78,6.16
915,6.16
428,0.00
429,6.15
930,0.00
20,6.41
531,6.41
550,6.42
218,6.30
57,6.35
153,6.29
474,0.00
552,6.02
3,6.09
871,6.02
778,5.97
45,5.95
193,0.00
620,6.06
854,6.11
967,18.06
231,6.01
569,12.21
527,6.22
807,6.14
260,6.20
97,6.08
934,6.12
242,6.15
516,0.00
545,0.00
596,6.36
516,0.00
415,6.35
8,6.35
258,0.00
473,0.00
428,6.27
785,12.05
344,6.28
799,0.00
479,6.12
971,6.12
244,6.15
76,6.20
583,0.00
910,0.00
344,12.40
536,12.22
560,6.22
723,0.00
355,6.21
85,6.36
754,6.27
461,6.32
960,6.24
73,0.00
904,12.26
304,6.45
147,6.47
128,6.39
435,0.00
960,0.00
317,6.51
21,6.45
40,6.49
45,12.18
40,6.45
727,0.00
402,6.48
959,12.00
53,6.44
436,6.38
715,6.38
347,0.00
118,6.36
12,6.44
573,6.24
262,6.26
579,6.04
113,6.00
443,0.00
835,5.93
435,0.00
950,5.96
472,0.00
685,0.00
905,6.12
726,6.19
957,6.35
410,6.36
199,6.35
726,6.19
350,6.29
303,0.00
610,6.27
631,0.00
690,6.36
304,6.45
133,6.43
520,0.00
466,0.00
887,6.48
614,6.48
561,0.00
73,6.50
309,12.68
229,6.43
210,6.48
493,12.49
126,6.39
584,6.39
347,6.37
169,6.22
349,6.16
868,6.24
15,6.23
704,0.00
490,6.01
837,6.10
652,6.15
450,6.15
228,0.00
601,6.12
244,6.23
815,6.23
479,6.29
704,0.00
724,6.33
984,0.00
693,6.26
137,6.28
531,0.00
720,12.59
604,6.33
544,0.00
915,0.00
790,6.37
976,6.46
590,0.00
701,6.24
694,0.00
613,6.46
204,6.47
124,6.54
878,0.00
602,6.50
470,6.61
594,0.00
702,6.60
868,6.69
358,6.84
366,6.67
604,6.66
578,6.77
489,6.78
539,6.86
260,0.00
518,6.81
492,6.86
942,7.03
156,7.06
57,7.17
254,7.06
183,7.15
266,6.98
479,0.00
403,6.98
903,7.03
355,7.13
485,0.00
831,6.86
84,6.99
114,6.82
64,6.88
521,0.00
715,6.87
538,0.00
65,6.75
305,6.79
472,6.72
441,0.00
981,6.68
612,6.78
81,6.89
332,6.91
295,6.80
503,6.70
206,6.71
14,6.73
508,6.61
165,6.69
98,6.61
163,6.61
389,0.00
221,6.63
44,6.63
373,0.00
452,0.00
572,6.69
567,12.93
417,6.78
694,6.59
693,6.79
711,0.00
237,6.81
861,6.73
519,6.78
286,6.81
524,6.69
746,6.77
354,6.86
622,0.00
634,6.61
537,6.61
84,6.62
510,0.00
923,6.52
59,6.53
505,6.70
206,6.62
995,0.00
332,0.00
566,6.40
10,6.53
78,6.41
725,0.00
558,0.00
965,6.26
157,6.20
596,0.00
178,6.20
179,6.13
478,6.04
334,6.05
637,6.02
472,6.16
563,0.00
299,5.94
224,5.83
201,5.84
930,24.75
277,5.91
470,0.00
696,5.79
234,5.73
215,5.72
677,5.66
159,5.79
776,0.00
475,5.68
892,0.00
725,5.75
576,5.73
24,5.62
466,0.00
352,5.60
799,5.71
844,5.74
799,5.78
674,0.00
338,5.88
561,0.00
243,5.77
191,5.68
341,5.66
512,5.66
9,5.73
602,5.59
550,0.00
877,5.55
843,5.75
500,0.00
674,5.82
603,5.89
420,0.00
367,5.97
645,0.00
276,6.01
900,6.02
136,5.79
274,5.69
943,0.00
935,5.89
54,5.80
837,0.00
721,5.86
449,0.00
642,5.84
517,0.00
982,12.77
735,6.11
878,6.13
688,6.30
584,6.08
221,6.19
554,6.31
475,6.12
529,0.00
437,6.09
157,6.16
297,0.00
706,18.84
108,6.03
207,6.15
483,0.00
542,6.01
652,0.00
790,6.09
505,6.05
924,0.00
584,0.00
660,6.30
213,6.33
460,6.19
106,0.00
749,6.33
99,6.33
238,6.28
86,6.32
717,6.34
108,6.34
281,0.00
916,19.24
202,12.12
934,6.50
886,0.00
371,6.45
967,12.15
308,6.58
193,6.43
927,6.43
936,12.03
314,6.47
194,6.35
407,6.46
627,0.00
63,6.46
935,6.39
794,6.36
812,6.50
248,6.37
55,6.41
245,6.36
607,0.00
530,6.38
185,6.40
533,6.40
949,0.00
360,6.49
171,6.58
567,6.58
267,6.66
715,0.00
825,12.21
431,6.57
741,0.00
618,6.43
541,6.44
854,0.00
299,6.49
199,6.48
907,12.60
900,6.69
445,6.71
460,0.00
621,6.75
408,6.81
852,6.66
344,6.65
92,6.75
26,6.69
180,0.00
686,0.00
34,6.48
975,0.00
82,6.31
470,0.00
283,6.28
660,6.28
995,6.33
568,6.12
452,6.30
584,6.24
581,6.24
791,6.26
282,6.27
652,6.46
85,6.57
294,6.40
407,0.00
661,12.47
147,6.47
161,0.00
536,0.00
83,6.35
697,6.25
764,0.00
649,6.28
419,6.37
825,6.43
163,6.26
489,6.39
52,6.21
919,6.24
149,6.25
709,0.00
338,6.20
965,6.18
962,6.25
713,6.15
830,0.00
75,6.27
405,0.00
525,6.22
68,6.21
296,6.12
163,0.00
582,0.00
296,6.03
735,6.01
730,0.00
954,6.05
659,6.17
110,6.29
115,6.19
897,0.00
305,6.16
710,6.08
311,12.73
198,6.20
410,0.00
402,6.07
865,18.45
415,6.13
368,6.01
783,0.00
696,6.02
227,5.96
263,12.64
585,5.94
257,5.81
895,0.00
711,5.83
605,0.00
988,5.88
558,5.88
142,0.00
575,5.94
667,6.00
425,0.00
272,6.13
848,6.07
4,6.00
131,6.11
391,6.07
968,31.31
205,6.14
976,6.23
676,6.22
875,6.35
17,6.24
773,6.37
825,6.42
318,6.29
493,6.23
589,6.13
744,0.00
427,6.19
804,6.19
315,0.00
898,6.20
511,12.51
641,12.56
24,6.29
521,0.00
152,6.27
698,12.51
703,6.28
968,6.43
551,6.37
114,6.39
447,6.35
549,0.00
771,6.46
346,6.48
811,0.00
476,12.76
457,6.50
753,6.63
489,6.52
1,6.53
943,12.68
295,6.61
518,0.00
724,6.57
773,6.45
192,6.45
125,0.00
768,6.69
820,6.62
726,6.70
877,6.79
943,0.00
41,6.69
750,6.57
532,6.66
954,0.00
479,6.79
41,6.74
633,6.81
90,6.86
193,6.71
340,6.70
69,0.00
735,0.00
784,12.91
539,6.83
661,0.00
255,6.94
495,0.00
973,0.00
942,6.91
916,0.00
795,0.00
144,7.11
586,12.96
769,7.21
483,7.28
421,7.10
727,12.91
267,7.08
409,0.00
839,6.96
621,7.02
281,7.14
906,0.00
219,7.08
597,0.00
995,0.00
47,7.10
214,7.04
872,0.00
588,7.11
643,0.00
604,6.93
730,6.94
923,0.00
740,6.93
867,7.03
814,13.11
119,7.09
594,0.00
144,7.02
130,7.04
227,6.92
709,6.94
999,7.05
188,6.86
624,6.93
346,7.14
356,6.96
533,6.91
415,0.00
763,7.02
315,6.94
471,0.00
261,6.90
445,13.19
723,6.87
17,6.71
301,6.70
108,6.85
944,0.00
718,13.42
479,6.82
680,0.00
499,6.90
817,6.91
592,0.00
995,6.76
722,6.86
332,7.04
707,7.03
303,7.15
683,7.08
928,7.19
767,7.23
152,7.09
870,0.00
916,7.03
474,0.00
499,0.00
271,7.04
826,0.00
173,7.00
67,6.97
701,6.92
588,6.93
268,6.93
190,6.95
220,6.85
942,0.00
394,6.74
74,6.78
806,6.68
35,6.89
68,6.64
446,0.00
53,6.55
580,0.00
679,0.00
710,0.00
935,0.00
622,6.55
858,6.68
128,6.88
824,0.00
558,6.58
566,0.00
42,6.49
111,6.48
775,13.46
131,6.56
756,0.00
417,6.40
277,6.49
478,0.00
585,6.51
79,6.57
657,0.00
688,6.61
613,6.57
852,6.58
587,6.66
329,6.68
61,6.55
539,0.00
400,6.42
926,0.00
148,6.39
437,6.43
849,0.00
11,6.56
221,6.49
13,6.51
685,0.00
441,6.32
459,6.32
523,0.00
766,6.31
294,6.33
205,6.22
111,6.33
839,0.00
801,6.38
75,6.24
89,6.08
764,0.00
272,5.99
697,6.00
403,6.01
257,6.08
29,6.05
338,0.00
92,5.81
902,0.00
806,12.86
459,5.78
311,5.68
740,5.78
467,5.90
775,5.86
464,0.00
367,12.93
873,5.98
114,5.98
357,5.98
493,5.84
517,0.00
538,5.97
532,0.00
362,5.93
440,5.92
414,5.92
112,6.04
967,6.07
733,6.15
232,5.98
896,6.09
658,0.00
116,12.99
10,6.11
181,6.01
425,5.93
184,0.00
641,6.02
654,6.04
145,6.08
362,6.03
46,6.02
512,0.00
682,12.49
944,0.00
694,5.84
729,0.00
100,5.96
871,5.90
470,0.00
15,5.95
562,5.93
574,0.00
714,0.00
260,5.96
950,0.00
353,6.02
450,5.96
860,0.00
524,6.06
792,0.00
689,6.12
578,0.00
909,6.10
128,6.12
937,6.12
335,0.00
676,0.00
46,6.22
535,0.00
607,0.00
80,6.20
144,6.18
485,6.09
284,6.08
633,6.08
336,0.00
394,12.55
413,12.47
144,6.30
291,6.15
675,0.00
733,6.19
211,6.14
59,6.31
373,6.31
405,6.29
713,6.33
83,6.21
117,6.19
307,6.21
901,19.17
335,6.14
317,6.01
496,6.25
215,6.14
50,6.10
379,6.10
223,6.08
995,0.00
98,5.97
666,5.83
185,5.86
94,5.79
805,5.71
112,5.80
672,5.80
601,0.00
281,5.75
457,0.00
163,5.79
220,5.74
84,5.73
921,0.00
315,5.73
810,0.00
798,5.68
6,5.69
53,5.68
313,5.67
898,5.67
708,0.00
833,0.00
421,5.77
824,5.85
53,5.95
751,5.91
95,5.92
404,5.84
511,5.68
469,0.00
717,5.75
843,5.76
401,0.00
480,5.82
656,0.00
220,5.87
605,5.84
874,5.89
530,0.00
533,5.83
787,5.76
177,5.76
23,5.77
861,0.00
73,5.67
47,5.52
651,5.36
199,0.00
950,11.73
368,5.35
199,5.43
374,5.40
301,5.32
687,0.00
536,0.00
902,5.51
513,0.00
285,5.43
869,0.00
878,0.00
853,0.00
262,5.46
332,11.72
691,5.59
835,5.67
256,5.54
744,0.00
62,5.58
836,5.59
923,5.66
595,5.77
898,0.00
88,0.00
202,5.62
679,5.65
917,5.73
615,5.79
849,5.88
730,5.98
370,5.84
810,5.85
809,5.92
25,6.08
549,5.92
572,0.00
320,5.96
954,5.98
88,5.96
820,0.00
792,5.96
69,5.99
755,6.00
549,6.08
223,5.92
744,5.92
270,5.93
786,11.59
230,6.01
343,0.00
223,0.00
795,5.92
529,0.00
810,0.00
85,5.96
597,0.00
757,0.00
617,6.17
914,0.00
406,6.08
898,6.09
987,6.32
235,6.17
918,12.09
82,6.27
700,0.00
260,6.20
332,6.21
645,6.13
599,6.19
316,0.00
793,6.00
898,6.12
960,6.23
118,6.45
571,6.34
841,0.00
201,6.34
574,0.00
914,11.81
549,6.57
411,0.00
771,6.53
849,11.97
707,6.71
968,12.10
993,6.70
455,6.89
749,0.00
524,6.83
119,6.84
319,0.00
643,12.30
997,12.32
670,12.17
297,6.81
661,0.00
921,6.81
393,0.00
265,6.93
858,0.00
837,6.90
963,12.48
83,6.98
780,0.00
531,6.82
255,6.94
730,0.00
279,6.83
706,6.85
540,6.85
803,6.61
397,0.00
866,6.84
889,0.00
836,0.00
224,6.69
227,6.86
573,0.00
458,6.90
410,0.00
263,6.94
597,0.00
771,6.83
929,6.95
717,0.00
808,7.10
641,6.95
606,6.92
117,6.96
303,6.96
265,0.00
187,6.86
416,6.90
868,0.00
239,6.74
323,0.00
853,6.67
222,6.74
963,6.67
141,6.67
388,0.00
104,6.66
995,6.71
345,6.78
242,6.83
836,6.57
737,0.00
704,0.00
124,6.76
572,0.00
694,6.38
742,12.75
116,6.42
464,6.48
308,6.52
186,6.52
866,6.34
117,6.43
861,6.27
42,6.27
615,0.00
670,12.87
558,6.19
89,6.17
504,5.99
334,0.00
426,12.79
747,18.36
18,6.27
445,0.00
238,13.00
583,6.09
697,12.88
387,6.11
135,6.03
496,0.00
591,5.97
742,12.69
102,5.95
129,5.95
765,12.76
765,5.98
599,5.93
156,5.94
561,5.77
11,0.00
544,0.00
36,5.78
537,0.00
987,5.77
939,5.83
911,18.50
48,5.99
978,5.81
48,5.83
781,0.00
997,18.61
730,5.75
171,5.85
384,5.77
136,5.71
904,5.73
299,5.96
370,5.83
760,0.00
544,12.77
484,5.85
868,5.86
205,5.79
52,5.77
894,0.00
789,5.80
541,0.00
207,5.78
890,5.76
255,5.72
192,5.73
383,0.00
607,5.73
613,0.00
802,5.60
835,5.64
351,5.71
74,5.72
641,12.24
725,5.57
298,5.66
365,0.00
921,5.60
283,5.73
386,0.00
739,5.72
441,0.00
753,0.00
419,5.74
145,5.68
306,5.68
187,0.00
192,0.00
787,5.80
305,0.00
115,5.70
397,5.69
408,0.00
461,11.76
112,5.71
39,5.54
929,0.00
14,5.62
861,0.00
536,11.75
56,5.64
898,5.50
602,11.50
852,5.74
510,5.75
75,5.68
929,11.49
187,5.73
818,5.62
591,5.62
416,5.67
722,5.91
108,5.66
773,0.00
650,5.79
665,0.00
286,5.73
373,0.00
291,11.59
621,11.73
513,5.88
635,0.00
571,5.79
40,5.75
265,0.00
247,5.50
460,0.00
939,0.00
783,5.50
517,0.00
400,5.33
464,0.00
646,11.15
914,5.29
42,5.30
586,0.00
144,5.30
13,5.32
894,5.23
50,5.32
391,0.00
116,5.20
61,5.12
335,0.00
915,5.18
18,5.19
427,5.14
322,5.11
230,5.03
92,4.96
385,5.02
535,4.95
271,0.00
306,5.11
544,5.11
473,0.00
884,10.63
395,0.00
786,5.05
313,5.10
560,5.03
929,5.01
172,5.08
399,0.00
945,0.00
417,4.94
319,5.08
977,5.08
60,0.00
666,5.08
143,5.13
888,5.09
53,5.22
106,5.13
985,0.00
769,5.19
574,5.12
822,5.20
369,5.35
216,5.16
460,5.23
951,23.68
707,10.84
322,5.16
269,5.37
826,0.00
355,5.21
417,5.14
726,0.00
993,10.99
508,5.15
579,5.25
354,5.25
614,0.00
639,5.33
139,5.35
711,0.00
921,5.28
158,5.41
337,5.38
561,0.00
620,5.51
533,5.55
418,0.00
910,5.64
398,0.00
103,5.63
682,0.00
968,5.65
832,0.00
484,5.71
684,0.00
902,11.21
801,16.95
764,6.08
166,5.90
289,6.06
99,5.97
85,6.07
316,6.02
693,6.02
989,0.00
448,0.00
820,6.16
595,6.34
954,6.39
697,6.40
866,0.00
722,6.42
867,0.00
552,6.56
903,6.60
850,11.61
186,6.63
853,11.66
558,6.77
501,6.64
544,11.64
524,11.72
390,6.81
202,6.82
618,6.74
231,6.72
737,0.00
945,6.57
81,6.51
591,0.00
950,6.61
91,6.62
429,0.00
957,11.88
129,6.53
222,6.53
920,0.00
897,6.51
914,6.45
781,0.00
658,12.02
415,11.96
396,6.81
161,6.66
87,0.00
12,6.79
328,0.00
786,6.49
461,0.00
944,6.45
373,6.55
632,0.00
561,6.46
933,6.45
630,6.55
25,6.39
292,6.39
546,11.91
178,6.57
319,0.00
716,6.46
357,6.46
587,0.00
131,6.39
753,0.00
133,6.36
152,6.39
445,6.24
453,0.00
867,6.22
371,0.00
323,6.20
417,17.23
37,6.12
715,5.98
175,6.11
773,0.00
306,6.06
580,0.00
757,6.11
291,6.23
859,6.00
226,6.15
434,0.00
419,6.04
83,6.04
137,5.96
335,5.97
988,5.79
275,5.86
579,0.00
658,12.43
337,5.67
571,0.00
810,12.44
897,5.73
879,0.00
705,0.00
568,12.55
706,12.46
168,5.95
427,5.84
185,0.00
786,6.16
832,5.84
969,12.54
32,5.91
9,6.07
531,5.82
748,5.95
738,5.98
933,12.52
256,5.95
736,5.92
829,17.92
343,5.86
673,5.68
742,0.00
418,5.74
919,5.71
569,5.77
824,5.81
487,0.00
193,5.87
924,0.00
528,5.79
266,5.99
527,5.95
284,6.00
872,0.00
393,5.87
943,5.85
905,5.81
41,6.03
488,5.90
708,0.00
755,0.00
445,6.01
927,6.03
95,6.13
363,6.04
142,6.14
980,0.00
127,6.18
18,6.19
962,12.14
304,6.25
127,6.10
376,0.00
937,6.19
909,12.07
50,5.98
156,5.98
444,5.92
953,0.00
150,5.96
386,5.90
633,0.00
120,6.02
593,6.06
425,6.10
414,5.90
94,6.06
691,11.60
967,6.10
607,6.10
39,5.88
548,0.00
295,6.07
455,11.76
213,6.03
269,6.13
274,6.00
741,5.95
248,6.04
877,0.00
909,11.94
918,18.70
184,6.13
38,6.03
482,0.00
916,0.00
372,6.02
431,12.09
862,18.53
236,6.18
814,6.22
583,6.27
410,6.13
432,0.00
623,12.16
513,6.15
313,6.20
432,0.00
851,12.26
763,6.24
749,6.36
240,6.37
817,0.00
817,6.35
939,6.47
765,6.50
141,0.00
913,6.47
269,6.64
47,6.45
492,0.00
190,0.00
83,6.52
492,0.00
386,6.33
884,6.29
798,12.34
680,6.54
633,12.31
207,6.63
719,0.00
385,6.77
425,6.57
667,6.49
789,0.00
556,6.46
294,6.53
383,0.00
578,6.42
161,6.39
501,0.00
385,0.00
980,6.32
197,6.31
746,6.31
156,6.40
860,0.00
851,18.45
513,6.46
229,6.34
365,6.36
489,6.38
108,0.00
227,6.25
395,6.25
419,0.00
540,0.00
984,6.22
379,6.36
632,0.00
85,6.27
193,6.16
759,6.27
489,6.12
91,6.12
267,6.13
226,6.02
227,6.12
193,6.01
330,5.95
191,6.04
368,0.00
898,0.00
168,5.65
114,5.66
605,5.79
223,5.69
759,5.66
227,5.48
490,0.00
406,5.57
679,5.57
363,5.58
550,0.00
950,11.71
631,5.51
448,5.75
66,5.52
199,5.56
609,11.80
897,5.43
822,5.30
158,5.42
821,0.00
368,5.42
423,0.00
733,5.23
964,5.23
456,5.21
104,5.30
6,5.26
519,0.00
572,5.30
773,0.00
94,5.25
766,5.14
560,0.00
584,5.18
110,5.27
398,5.05
797,11.61
886,5.09
63,5.31
453,0.00
628,5.17
782,5.24
442,5.23
7,5.28
434,0.00
639,5.12
282,5.15
825,0.00
231,5.08
691,0.00
818,17.60
661,11.67
825,5.31
689,5.30
395,5.37
533,0.00
43,5.43
522,0.00
704,5.46
346,5.51
421,0.00
463,5.43
974,0.00
458,0.00
480,5.57
82,5.56
526,5.56
162,5.56
383,0.00
653,5.56
154,5.39
225,5.48
459,0.00
563,0.00
494,5.52
134,5.59
424,0.00
485,5.51
552,5.50
566,0.00
75,5.75
443,0.00
907,11.39
360,5.72
930,5.74
187,5.75
901,5.85
245,5.88
454,0.00
921,5.94
976,0.00
872,6.02
645,0.00
235,6.07
21,6.18
95,5.94
551,0.00
501,11.34
712,6.01
932,6.14
187,5.98
72,5.87
995,11.23
613,0.00
509,5.99
355,0.00
676,6.08
993,0.00
911,6.09
399,0.00
332,6.10
725,6.04
563,0.00
744,11.26
59,6.07
22,6.05
635,0.00
821,0.00
682,5.96
961,0.00
394,5.93
13,6.10
849,0.00
733,6.02
252,6.13
598,6.11
378,0.00
695,6.17
862,6.25
124,6.26
372,0.00
609,0.00
482,0.00
588,5.97
545,5.92
317,6.05
963,0.00
335,5.93
350,0.00
211,6.15
108,6.09
246,0.00
391,0.00
526,5.92
658,5.93
23,5.99
319,5.99
327,6.01
201,5.90
516,0.00
987,5.94
492,0.00
153,6.07
537,5.99
797,5.99
899,0.00
622,0.00
576,6.21
899,23.86
107,6.33
760,0.00
585,6.25
579,12.09
99,6.31
273,6.14
890,12.27
870,6.14
517,0.00
837,12.11
226,6.17
722,0.00
295,0.00
428,6.04
391,6.12
816,0.00
34,6.14
616,12.24
153,6.22
454,6.16
840,6.19
936,6.24
166,6.06
804,12.14
869,12.27
145,6.12
567,6.20
382,0.00
913,6.09
31,6.14
641,0.00
636,6.06
592,6.12
699,12.24
96,6.20
306,0.00
727,12.32
222,6.25
25,6.01
505,6.08
748,0.00
942,6.20
731,0.00
497,6.18
480,0.00
798,6.12
373,6.06
690,6.11
79,6.27
887,6.22
672,6.28
613,0.00
780,6.40
449,6.37
233,6.43
878,0.00
894,6.36
955,6.48
44,6.48
472,6.46
761,0.00
343,6.55
443,0.00
925,6.35
40,6.49
789,6.46
601,0.00
207,6.55
185,6.48
603,6.48
30,6.60
47,6.60
634,0.00
550,12.53
266,6.58
350,6.42
430,6.42
303,6.46
131,6.35
456,0.00
894,12.57
417,0.00
754,6.11
429,6.11
549,6.22
364,6.24
71,6.21
756,6.03
214,6.15
998,6.23
565,6.24
449,6.22
611,12.39
397,6.33
389,12.17
77,6.32
169,6.12
305,6.21
884,0.00
798,6.20
30,6.12
55,6.29
34,6.11
380,6.11
371,6.07
560,0.00
858,12.35
806,6.07
36,6.04
876,5.97
646,6.06
68,5.94
286,5.90
607,5.84
861,0.00
611,0.00
871,0.00
510,6.09
7,0.00
688,6.09
47,6.10
813,6.17
278,6.16
67,6.21
574,0.00
838,12.26
226,6.14
219,6.15
130,6.04
533,5.93
868,0.00
724,5.99
785,6.07
679,0.00
811,0.00
329,6.20
497,0.00
753,5.99
731,6.09
107,6.15
556,0.00
248,6.03
963,0.00
565,6.09
647,6.07
769,6.11
378,0.00
738,6.20
503,6.28
89,6.15
361,6.19
871,0.00
366,6.13
448,0.00
545,6.19
107,6.20
785,6.16
996,6.20
286,6.22
859,0.00
595,6.40
103,6.49
720,6.45
331,0.00
413,6.46
559,0.00
67,6.43
809,0.00
554,6.41
20,6.33
632,0.00
67,6.31
498,6.38
474,6.47
192,6.32
38,6.31
302,6.26
129,6.22
96,6.11
634,0.00
323,6.17
370,6.21
239,6.11
463,0.00
601,6.04
330,6.05
991,0.00
501,6.07
728,6.14
196,6.26
851,6.27
995,6.37
58,6.36
354,6.35
515,0.00
562,6.44
157,6.36
542,6.36
710,12.15
82,6.19
371,6.25
146,6.11
601,0.00
917,6.10
682,6.10
366,6.18
173,6.06
88,6.04
8,6.10
82,5.99
607,0.00
880,5.99
187,0.00
257,6.06
984,5.96
210,5.96
463,5.78
691,0.00
719,5.93
849,11.99
413,6.06
407,0.00
312,5.75
783,5.71
426,5.84
599,0.00
898,5.78
780,5.85
122,5.71
562,0.00
208,5.72
456,5.68
191,5.69
280,5.67
357,5.74
5,5.64
298,11.66
469,5.61
569,0.00
762,5.51
296,5.55
27,5.56
104,5.43
434,0.00
179,5.17
894,5.17
298,0.00
412,5.15
61,5.15
976,5.14
693,0.00
364,5.28
875,5.34
639,5.35
337,5.25
64,5.22
213,5.19
700,5.16
1000,0.00
83,5.32
71,5.32
215,5.46
234,5.31
177,5.27
269,5.27
815,5.20
59,5.43
834,5.37
227,5.50
805,5.49
193,5.54
329,5.43
377,5.28
922,17.70
355,5.37
444,11.57
74,5.21
469,5.04
276,5.08
261,5.08
222,5.19
878,11.56
784,5.09
612,5.21
730,5.18
914,5.30
476,5.31
247,0.00
679,11.39
225,5.48
759,0.00
811,5.38
16,5.37
602,5.37
206,5.56
594,5.40
106,5.49
970,5.50
592,5.50
253,5.49
876,0.00
856,5.32
427,0.00
217,5.42
393,0.00
884,5.57
777,0.00
997,5.56
344,5.69
669,0.00
610,5.75
747,5.84
40,5.89
773,0.00
183,5.65
269,5.73
653,5.71
202,5.75
384,0.00
486,5.81
18,5.84
193,5.84
608,0.00
90,0.00
942,11.25
262,5.90
788,5.82
82,5.95
332,5.94
269,6.00
22,5.96
853,0.00
290,5.96
772,5.90
382,5.95
236,6.09
74,6.18
258,6.07
260,6.00
525,0.00
802,6.03
717,0.00
995,6.16
591,6.25
17,6.12
553,0.00
623,6.11
502,0.00
346,6.14
758,0.00
281,6.13
98,6.12
800,6.19
551,6.11
575,0.00
507,0.00
612,6.13
997,0.00
366,6.16
52,6.22
158,6.18
726,6.26
609,6.28
533,6.52
430,6.34
82,6.37
17,6.36
483,11.49
483,6.37
392,6.37
253,6.35
1000,6.31
138,6.36
568,6.21
813,0.00
95,6.23
615,0.00
410,6.21
662,0.00
324,6.19
997,6.27
552,6.39
254,6.26
111,6.27
322,6.27
916,6.28
386,0.00
20,6.23
203,6.17
831,6.04
514,0.00
659,6.05
427,6.06
125,6.01
265,5.88
544,0.00
834,0.00
590,5.73
585,0.00
298,5.74
990,0.00
529,5.72
884,0.00
902,5.80
536,0.00
779,5.80
359,5.93
682,0.00
769,5.85
922,5.96
761,6.01
259,5.95
470,0.00
981,5.85
799,6.00
695,6.06
216,0.00
876,6.06
532,0.00
186,5.92
48,5.92
284,5.96
156,5.93
823,5.91
631,0.00
418,5.87
559,5.91
504,5.82
378,0.00
693,5.79
186,5.98
97,5.91
548,0.00
873,0.00
686,0.00
850,6.04
346,12.34
927,6.07
459,0.00
418,6.08
747,0.00
583,6.05
661,6.05
924,6.20
635,0.00
228,6.21
658,0.00
606,6.24
530,6.16
522,0.00
520,6.20
62,6.23
525,6.16
120,6.22
814,0.00
832,12.41
182,6.02
412,0.00
395,5.93
171,6.00
265,6.05
476,0.00
914,23.87
503,12.27
982,0.00
636,6.26
807,6.32
887,12.51
336,6.49
817,6.45
915,6.61
842,6.52
393,0.00
97,6.63
736,0.00
921,6.66
457,6.60
949,0.00
206,6.82
636,0.00
514,6.79
776,12.61
879,6.83
766,0.00
533,6.72
529,0.00
552,0.00
607,12.72
525,6.71
453,6.56
706,0.00
34,6.49
336,0.00
935,6.44
201,6.47
677,6.38
566,6.39
107,6.31
580,6.31
473,6.45
476,6.41
527,12.41
82,6.61
778,12.44
512,6.63
486,0.00
402,6.41
686,6.47
884,6.49
86,6.49
162,6.46
203,6.37
300,6.26
464,6.30
375,6.37
304,6.14
828,6.06
181,6.06
607,6.02
148,6.06
660,0.00
637,5.88
89,5.98
482,0.00
798,5.89
30,6.04
852,0.00
790,0.00
972,5.96
372,6.07
414,0.00
556,6.16
69,6.13
485,6.08
580,0.00
677,6.09
368,6.12
533,0.00
443,6.14
573,0.00
45,5.95
600,0.00
280,12.16
184,5.86
178,0.00
517,0.00
741,5.71
322,5.67
72,5.67
78,5.53
169,0.00
558,0.00
766,5.52
856,0.00
585,5.38
385,5.35
230,5.28
841,12.14
609,5.38
104,5.39
826,5.16
149,5.27
375,0.00
393,5.20
319,5.26
523,5.26
885,12.02
425,5.42
936,5.22
358,5.38
81,5.49
426,0.00
882,5.51
492,5.59
271,5.55
999,11.94
105,5.40
782,5.69
665,0.00
672,0.00
941,24.06
48,5.48
521,0.00
997,12.19
418,5.62
915,0.00
949,0.00
842,0.00
170,5.64
881,0.00
622,5.69
245,5.75
666,5.78
401,0.00
622,5.89
472,5.70
545,5.79
175,5.93
234,5.83
192,5.83
362,0.00
124,0.00
259,5.83
433,5.84
650,0.00
249,5.80
225,5.64
48,5.67
17,5.48
922,0.00
1,5.53
632,0.00
264,5.43
197,5.50
512,5.53
450,0.00
539,5.62
638,5.60
344,5.66
870,5.53
283,5.46
578,5.51
879,5.51
301,0.00
567,11.29
955,11.20
954,17.76
205,5.69
480,5.55
548,5.65
84,5.65
626,0.00
987,0.00
615,5.72
919,5.62
342,5.76
169,5.69
859,5.69
536,5.69
347,5.68
421,0.00
598,5.69
45,5.67
839,5.71
425,5.72
927,35.02
675,5.79
341,5.71
104,5.60
870,0.00
121,5.67
891,0.00
874,5.68
948,11.31
809,5.76
934,5.65
33,5.77
294,5.73
220,5.69
269,5.69
310,5.77
759,0.00
473,5.61
762,5.67
267,5.68
27,5.75
689,0.00
391,5.54
483,0.00
229,5.52
444,0.00
385,5.51
868,5.44
702,5.45
102,5.45
594,0.00
925,11.38
458,11.39
592,0.00
773,5.55
899,5.58
453,5.58
678,5.58
824,5.68
15,5.65
377,0.00
60,5.69
455,0.00
704,5.70
455,0.00
713,0.00
805,5.76
728,5.72
904,0.00
563,5.83
794,5.92
205,6.03
251,5.97
46,5.96
365,5.99
112,5.80
833,11.38
829,5.73
5,0.00
473,11.31
373,5.85
568,5.86
25,5.85
322,5.84
499,5.68
672,0.00
735,5.65
145,5.61
112,5.61
659,5.75
40,5.78
644,5.53
554,5.56
5,5.67
84,5.67
8,5.68
928,0.00
603,5.63
975,11.45
296,5.66
508,5.68
257,5.62
111,5.49
811,0.00
541,5.63
364,5.69
406,5.61
695,5.65
543,5.66
580,0.00
703,11.68
356,5.71
609,0.00
584,0.00
77,5.77
768,0.00
915,23.45
246,5.72
81,5.69
248,5.69
457,5.68
646,0.00
6,5.75
830,0.00
355,5.71
142,5.75
442,0.00
490,5.77
818,5.79
418,5.93
703,5.71
215,5.87
481,5.72
519,5.76
676,5.77
379,0.00
701,5.93
639,0.00
603,5.73
350,5.76
878,0.00
251,5.80
482,0.00
73,5.77
260,5.86
884,23.24
929,17.21
4,6.04
737,5.86
501,5.88
86,5.95
350,5.87
465,5.60
151,5.61
243,5.52
822,0.00
361,5.50
242,5.61
871,5.63
690,5.77
439,5.79
354,11.39
224,5.81
307,11.36
140,5.80
474,0.00
808,5.59
813,5.66
224,5.84
318,5.82
431,5.74
987,0.00
946,5.85
4,5.96
928,0.00
503,0.00
990,5.89
679,0.00
644,5.92
44,5.97
377,5.98
849,11.66
261,5.98
378,6.08
325,6.06
801,0.00
221,6.04
691,5.95
482,0.00
721,6.04
588,0.00
152,5.95
434,5.76
123,5.76
187,5.81
935,5.84
356,5.94
289,5.80
652,5.89
849,6.00
282,5.97
682,5.91
977,0.00
764,6.00
768,6.07
534,6.10
275,5.91
999,5.82
197,5.85
781,5.76
774,5.92
582,6.00
461,0.00
79,6.04
542,0.00
204,6.01
72,5.95
753,0.00
520,5.90
79,5.94
284,5.99
112,5.93
859,0.00
718,0.00
645,11.83
830,5.97
210,5.86
397,0.00
375,5.94
716,6.00
948,0.00
337,0.00
639,11.64
86,6.09
509,0.00
267,5.96
519,0.00
345,5.98
833,5.99
202,6.03
97,5.97
692,0.00
983,6.08
977,6.01
158,6.26
441,6.00
872,0.00
384,6.04
354,6.14
216,6.10
533,6.00
470,6.06
536,0.00
924,6.01
324,6.11
757,0.00
985,6.10
926,0.00
310,6.19
117,6.14
850,6.19
214,6.24
136,6.14
3,6.22
744,0.00
540,6.04
721,0.00
9,6.03
355,0.00
887,12.00
462,0.00
837,6.14
71,6.29
38,6.15
179,6.16
226,6.10
247,6.01
796,11.76
511,5.95
301,5.80
269,5.92
795,5.81
615,5.96
235,5.88
995,11.99
576,11.96
831,6.03
943,6.15
108,6.08
538,6.17
438,0.00
822,5.96
240,6.07
225,6.11
110,5.90
697,0.00
212,5.93
479,5.92
782,0.00
815,0.00
61,6.02
394,5.99
494,0.00
865,6.01
230,6.13
349,6.02
450,0.00
567,6.16
100,6.22
927,0.00
280,6.13
619,12.10
231,6.14
471,6.24
99,5.97
355,6.01
544,0.00
224,6.11
496,0.00
992,0.00
128,6.22
603,0.00
501,12.27
83,6.16
875,12.10
13,6.29
870,6.08
403,6.17
379,5.98
403,5.89
332,5.96
482,0.00
960,5.90
355,5.95
586,5.84
761,5.91
637,0.00
667,0.00
761,5.74
270,5.69
742,0.00
589,5.68
579,5.69
466,0.00
529,5.63
290,5.71
569,5.68
701,5.73
570,0.00
286,5.79
727,0.00
772,0.00
977,12.04
383,0.00
403,5.76
385,5.82
896,0.00
202,6.08
390,11.90
812,6.11
129,0.00
617,0.00
398,0.00
985,0.00
161,11.97
325,5.95
849,5.76
585,5.84
575,5.84
502,11.92
170,5.85
752,0.00
100,5.72
854,5.72
504,0.00
401,5.81
891,0.00
852,5.88
349,0.00
464,5.96
219,5.98
398,0.00
853,5.78
998,5.85
543,0.00
812,5.81
999,5.75
757,0.00
518,5.91
242,5.92
173,5.94
61,5.96
202,5.83
668,0.00
884,5.78
8,5.88
656,0.00
685,5.87
394,0.00
340,5.83
443,0.00
306,5.93
506,0.00
574,0.00
723,5.98
627,5.90
437,6.01
249,5.97
839,0.00
842,11.85
688,5.94
511,11.78
267,6.02
361,11.77
822,5.89
705,6.00
762,6.04
543,0.00
420,6.07
8,6.18
686,6.18
544,0.00
468,6.20
867,0.00
9,6.27
548,0.00
906,6.25
13,6.01
300,6.03
304,6.07
237,11.69
999,5.94
129,5.81
250,5.95
499,0.00
825,5.98
743,0.00
257,6.01
522,5.98
656,6.05
374,6.18
424,6.20
489,6.01
938,0.00
397,6.23
162,6.37
416,0.00
806,0.00
338,6.25
757,0.00
849,12.04
588,6.20
286,6.13
452,6.13
349,5.95
112,0.00
522,5.88
85,5.83
477,5.80
305,5.86
905,0.00
927,5.96
38,5.98
849,11.68
920,6.01
325,6.10
405,0.00
187,5.94
805,0.00
526,6.01
375,0.00
67,5.97
813,5.97
645,0.00
955,0.00
784,6.10
333,0.00
235,5.99
133,5.96
629,6.04
272,5.88
990,5.91
661,6.04
9,5.96
365,0.00
487,5.92
222,5.96
213,5.98
859,5.95
149,6.00
217,6.04
979,0.00
914,12.06
356,0.00
528,5.86
164,5.83
62,5.73
524,0.00
773,5.64
21,5.77
549,0.00
822,5.67
889,5.64
431,0.00
371,5.78
617,0.00
686,5.70
726,5.75
591,5.75
580,11.84
363,5.74
151,5.88
662,5.65
650,0.00
844,5.61
510,0.00
223,5.65
631,5.66
41,5.37
912,0.00
646,5.50
252,5.57
814,5.50
682,5.68
398,5.59
820,11.83
820,11.80
643,0.00
246,5.70
935,11.52
871,5.92
348,5.80
115,5.79
618,0.00
12,5.84
635,0.00
991,0.00
650,0.00
343,5.69
44,5.77
728,0.00
765,5.60
281,5.73
434,5.62
367,5.57
266,5.64
806,5.79
71,5.51
100,5.59
822,5.54
523,5.55
57,0.00
544,5.69
440,0.00
944,5.50
90,5.45
136,5.45
345,5.58
194,5.55
80,5.49
950,0.00
655,5.53
472,0.00
27,5.60
569,5.56
316,0.00
597,11.62
414,5.64
295,0.00
64,0.00
655,5.71
118,5.69
440,0.00
384,5.59
634,0.00
12,5.65
488,0.00
755,5.68
210,5.72
884,5.62
314,5.63
995,17.51
293,5.89
705,5.71
590,5.76
896,5.85
554,5.86
191,5.73
665,5.73
467,5.77
714,5.79
47,5.79
235,0.00
196,5.73
958,0.00
958,5.77
804,5.93
230,5.72
67,5.80
141,5.71
976,5.74
491,5.78
763,5.65
898,0.00
782,17.54
899,11.62
447,5.75
745,17.78
654,5.93
769,17.73
939,0.00
266,6.12
323,0.00
899,6.02
729,6.09
657,6.19
941,6.21
306,6.29
234,6.27
502,0.00
412,6.24
895,0.00
532,6.31
774,0.00
585,6.31
327,6.29
891,0.00
627,6.22
368,6.31
680,6.22
748,6.35
804,12.09
43,6.57
545,0.00
482,6.48
489,0.00
506,6.53
164,6.66
565,0.00
718,6.82
49,6.74
266,6.71
259,6.70
921,0.00
65,6.75
126,6.76
1000,6.59
999,6.68
797,6.65
775,18.47
730,12.38
146,6.89
273,6.70
96,6.71
575,6.73
80,6.95
154,6.73
805,0.00
281,6.87
927,0.00
415,6.98
31,6.85
612,12.44
961,6.80
984,6.82
210,6.75
607,6.77
139,6.80
963,6.80
492,6.85
44,6.73
679,6.68
652,6.76
492,12.47
97,6.84
332,6.69
941,0.00
5,0.00
910,6.95
88,6.71
621,0.00
327,6.86
487,0.00
524,0.00
858,6.80
894,0.00
354,6.81
247,6.75
92,6.76
736,12.58
512,6.33
445,0.00
717,6.45
501,6.62
92,6.57
334,6.48
557,6.38
62,6.45
783,6.28
870,6.35
828,6.36
106,6.24
901,12.70
865,6.48
635,6.49
87,0.00
62,6.50
443,6.51
735,0.00
746,6.48
457,0.00
831,6.31
765,6.44
248,6.49
111,6.39
217,6.27
59,6.21
315,6.12
954,6.06
167,0.00
172,6.28
466,6.32
559,6.38
737,6.18
504,0.00
943,6.39
640,0.00
453,12.94
695,6.39
942,6.52
949,6.34
555,6.44
880,6.54
227,6.44
844,6.35
337,6.34
731,0.00
433,6.36
664,6.31
215,0.00
26,6.43
904,0.00
590,13.29
939,6.53
177,6.54
325,6.60
570,0.00
271,6.54
765,19.13
596,13.28
215,6.65
233,6.51
423,6.61
397,6.63
856,6.68
711,6.69
876,6.62
145,6.78
369,6.75
786,6.67
406,0.00
131,6.86
666,6.60
823,0.00
999,6.84
200,6.66
123,6.68
400,6.68
36,0.00
595,13.32
771,19.29
177,6.73
286,0.00
403,6.73
537,6.84
8,6.95
587,13.32
538,6.89
875,6.90
347,6.91
502,0.00
163,6.99
934,0.00
948,6.82
604,6.92
172,7.00
638,7.01
346,6.95
483,6.95
186,6.96
647,0.00
216,6.88
696,6.79
104,6.75
537,6.68
16,6.78
927,6.69
3,6.85
575,6.66
631,6.71
882,12.95
152,6.73
434,6.54
707,0.00
172,6.61
141,6.69
905,6.73
713,0.00
390,0.00
56,6.73
408,6.68
678,0.00
446,0.00
801,0.00
425,0.00
822,6.57
279,6.47
899,12.91
730,6.60
887,12.85
44,6.55
796,6.76
666,6.61
694,0.00
684,6.68
55,6.77
407,6.64
56,6.71
395,0.00
227,6.55
979,12.98
674,6.38
205,6.50
96,6.47
183,6.44
32,0.00
275,6.45
311,6.46
318,6.33
838,0.00
406,6.34
122,6.25
644,0.00
693,6.11
732,12.85
453,6.34
124,6.27
796,0.00
470,6.06
43,6.12
946,0.00
399,6.11
636,6.02
241,0.00
261,0.00
772,6.13
958,0.00
191,6.11
434,6.13
284,6.19
942,6.02
261,6.20
727,5.99
76,0.00
363,0.00
94,6.05
588,0.00
734,5.79
106,5.91
944,12.96
989,12.91
519,0.00
434,5.93
539,0.00
108,0.00
146,6.01
930,6.02
388,0.00
353,6.14
703,6.04
488,6.01
858,0.00
299,6.11
32,6.09
343,6.01
170,0.00
297,6.06
310,6.06
51,6.00
807,0.00
7,5.96
344,5.97
594,0.00
985,5.81
550,12.47
536,5.88
96,5.99
566,0.00
967,5.80
446,5.84
433,5.93
576,0.00
535,12.44
928,5.98
443,6.09
548,5.97
710,5.98
701,6.12
37,5.98
81,5.87
458,5.82
349,5.70
267,5.74
35,5.72
169,5.73
75,5.70
546,0.00
863,12.34
603,5.73
634,5.74
82,5.55
58,5.75
4,5.72
164,5.70
573,0.00
470,5.63
303,5.69
108,5.68
779,0.00
174,5.73
214,5.68
531,0.00
888,11.72
572,5.66
531,5.53
347,5.69
824,5.76
268,5.63
854,18.48
281,5.91
636,5.79
147,5.89
854,5.78
102,5.79
231,5.83
307,0.00
764,5.68
322,5.74
241,5.69
63,5.64
488,5.64
765,0.00
134,5.71
227,5.71
355,5.72
821,0.00
90,5.69
879,11.68
682,5.64
994,5.46
95,5.57
552,11.63
542,11.62
491,5.70
390,0.00
918,5.54
283,5.59
5,5.55
669,5.50
447,0.00
13,5.56
412,5.56
786,5.53
242,5.64
73,5.54
97,0.00
445,5.59
32,5.66
942,11.38
763,5.66
211,5.68
437,5.56
941,5.56
688,5.61
460,5.61
176,5.59
911,5.49
240,5.47
831,5.53
358,5.60
545,0.00
538,0.00
192,5.50
441,0.00
710,5.50
173,5.57
664,0.00
91,5.46
387,0.00
808,5.52
113,5.58
624,0.00
162,5.61
737,0.00
313,5.58
641,0.00
846,11.22
755,0.00
96,5.74
790,5.74
631,0.00
195,5.92
231,0.00
225,5.83
381,0.00
52,0.00
816,0.00
609,5.89
807,0.00
349,6.00
414,0.00
403,5.97
429,0.00
747,11.72
161,5.75
870,11.49
577,0.00
616,5.80
843,5.66
107,5.81
41,5.73
426,5.64
888,5.66
3,5.74
480,5.60
563,5.60
91,0.00
436,5.59
765,5.58
659,5.70
895,0.00
500,5.69
452,11.46
887,11.34
487,5.84
828,11.51
817,0.00
576,5.78
675,0.00
794,0.00
639,5.89
380,0.00
747,5.93
103,6.04
347,5.93
650,0.00
713,5.89
563,0.00
56,6.00
121,5.99
495,5.92
223,5.86
119,0.00
534,0.00
406,5.91
538,6.10
8,5.86
361,5.89
118,5.88
923,5.89
156,5.93
190,5.85
416,11.35
925,5.83
386,5.66
977,5.80
684,5.89
160,5.73
161,5.88
545,0.00
352,5.79
825,5.85
140,6.06
889,0.00
129,5.98
673,0.00
129,5.99
864,0.00
272,6.10
497,0.00
657,5.90
133,6.08
639,5.92
354,5.91
631,0.00
929,6.15
667,0.00
369,6.09
506,0.00
121,6.05
902,0.00
529,6.10
991,6.09
510,0.00
608,6.17
756,6.11
730,11.93
17,6.24
733,11.90
176,6.18
171,6.13
397,6.10
481,0.00
292,6.12
659,6.18
994,6.23
369,6.29
170,6.06
186,0.00
499,0.00
616,5.97
611,0.00
571,0.00
411,6.09
358,6.23
847,0.00
368,12.05
971,6.21
971,12.03
824,6.41
31,6.42
33,6.37
114,6.28
33,6.17
770,0.00
373,0.00
557,0.00
850,6.18
996,6.33
184,6.35
575,0.00
515,6.48
611,6.36
671,6.40
549,6.40
355,0.00
862,0.00
995,30.61
294,6.49
147,6.57
711,0.00
687,0.00
833,0.00
595,0.00
47,6.73
550,12.49
974,6.76
350,6.69
816,0.00
569,6.70
513,0.00
387,6.75
364,6.89
368,6.89
764,6.67
876,6.72
996,12.77
130,6.85
411,6.93
905,6.74
108,6.79
719,6.80
328,6.89
27,6.73
653,6.66
471,0.00
894,6.63
138,6.81
844,6.61
206,6.66
48,6.53
171,6.64
985,0.00
906,12.79
462,6.65
984,6.80
168,6.62
738,0.00
676,6.64
924,6.58
403,6.69
49,6.70
924,6.60
489,0.00
118,6.68
790,6.62
228,6.73
535,6.67
301,6.68
246,6.62
592,0.00
677,6.42
872,6.41
777,0.00
82,6.43
691,6.49
576,18.46
984,23.92
376,6.39
272,6.25
762,6.35
586,6.36
954,6.42
337,6.29
699,12.61
308,6.21
507,6.24
411,6.33
516,0.00
714,6.35
23,6.37
289,6.40
51,6.49
935,0.00
953,0.00
532,6.31
576,6.29
517,6.32
759,6.26
131,6.29
265,6.23
557,0.00
20,6.32
634,13.02
683,6.25
220,6.13
618,6.21
352,6.27
466,0.00
321,6.16
955,6.08
712,6.15
407,6.09
764,12.84
589,6.14
15,6.09
702,0.00
116,6.12
141,6.01
780,0.00
206,5.92
668,6.06
139,6.02
196,5.85
76,5.90
430,5.86
180,5.89
521,5.81
962,0.00
567,5.79
718,5.82
735,5.59
335,18.41
32,5.62
975,5.65
558,5.66
350,5.62
220,5.72
953,0.00
827,5.61
30,5.66
111,5.66
325,5.65
905,5.64
844,5.65
955,5.66
432,0.00
305,5.59
782,12.10
49,5.64
314,5.58
199,5.60
605,11.78
794,5.65
566,5.46
639,5.59
565,5.61
351,5.61
519,5.72
501,5.80
844,11.97
86,5.71
252,0.00
182,5.66
70,5.50
59,5.48
558,0.00
158,5.43
478,0.00
134,5.40
284,5.40
55,5.33
372,11.51
929,5.33
665,5.34
540,5.32
26,5.37
698,5.24
543,5.40
575,5.33
188,5.45
827,5.25
291,5.34
259,5.34
613,5.38
765,5.57
539,0.00
749,5.44
566,0.00
979,5.60
749,11.75
958,5.66
78,0.00
277,5.77
493,0.00
891,5.68
411,5.78
826,5.60
418,0.00
954,5.80
729,11.85
955,24.49
170,5.92
957,0.00
831,6.03
269,0.00
793,11.85
953,6.06
975,6.23
936,11.85
556,6.45
856,0.00
591,6.43
381,6.40
20,6.50
483,6.46
34,0.00
859,0.00
747,18.70
277,6.71
604,6.48
929,12.15
821,6.40
953,6.50
847,6.48
864,6.58
475,6.63
314,6.55
818,6.62
959,0.00
173,6.67
286,6.62
483,0.00
843,6.64
190,6.56
863,0.00
353,6.56
109,6.50
749,6.45
582,6.49
638,6.53
514,6.64
461,6.68
283,6.63
622,0.00
402,6.64
783,6.78
927,6.79
341,6.91
758,0.00
149,6.91
782,0.00
460,6.81
498,0.00
270,6.71
811,0.00
995,6.75
136,6.90
668,6.71
89,6.58
529,0.00
799,6.36
641,6.48
770,18.17
456,6.39
394,0.00
246,6.44
733,6.45
552,6.46
84,6.31
916,6.31
675,0.00
297,12.48
472,6.49
511,6.50
607,6.25
685,6.43
787,6.35
913,12.44
403,6.44
484,6.52
335,6.53
394,6.39
471,6.23
844,12.74
35,6.21
362,6.12
377,6.14
207,6.23
643,6.13
525,0.00
836,0.00
975,18.42
977,18.36
737,6.46
796,12.97
489,6.43
726,6.38
418,12.98
521,6.50
483,6.51
772,0.00
25,6.28
639,0.00
544,0.00
894,6.29
820,18.69
954,6.49
104,6.47
287,6.48
887,12.93
302,6.27
499,0.00
936,6.37
108,6.42
398,6.40
500,0.00
429,6.23
204,6.24
982,6.21
769,6.19
528,0.00
808,6.20
461,6.15
950,6.22
77,6.10
531,6.23
765,0.00
799,6.38
942,6.38
617,6.39
123,6.47
35,6.50
640,6.35
635,6.39
66,6.40
864,6.38
16,6.49
310,6.39
76,6.40
784,0.00
900,12.88
326,6.34
305,6.24
583,12.79
102,6.49
68,6.24
306,0.00
28,6.24
617,0.00
769,6.29
738,6.39
202,6.36
238,6.15
66,6.14
878,0.00
439,6.15
825,6.26
713,12.51
698,6.29
406,6.30
93,6.12
47,6.16
465,0.00
540,0.00
655,0.00
546,6.11
62,6.15
752,0.00
692,6.13
395,0.00
655,0.00
441,5.92
202,5.82
404,5.71
760,12.31
90,5.88
489,0.00
356,5.79
194,5.80
369,5.95
740,5.88
604,5.88
244,5.78
13,5.86
553,0.00
680,5.81
636,0.00
437,5.78
695,5.75
161,5.91
581,12.40
860,12.43
455,6.09
379,5.97
653,6.26
416,6.20
286,6.14
981,0.00
231,6.13
246,6.23
911,6.15
825,12.54
990,6.23
248,6.26
182,6.21
833,6.21
674,6.26
655,6.27
108,6.09
234,6.23
784,0.00
402,6.13
259,6.23
832,0.00
973,0.00
36,6.24
632,0.00
587,0.00
272,6.29
877,6.34
463,0.00
439,0.00
994,6.42
537,6.43
82,6.30
574,6.41
51,6.47
6,6.44
215,6.34
777,6.26
850,6.34
114,6.25
127,0.00
900,0.00
916,12.60
411,6.26
458,12.50
100,6.35
309,6.23
283,6.20
887,6.19
2,6.24
200,6.29
323,6.21
15,6.25
993,6.19
427,0.00
739,12.33
932,18.56
102,6.29
116,0.00
24,6.46
941,12.23
278,6.42
491,12.30
294,6.32
844,12.15
530,6.29
329,6.17
77,6.31
693,0.00
264,6.34
519,0.00
222,6.36
111,6.22
321,6.26
576,0.00
715,6.06
107,6.17
457,0.00
14,6.07
19,6.03
737,0.00
361,5.96
938,0.00
740,0.00
375,5.93
586,5.89
500,0.00
168,6.05
564,0.00
509,0.00
423,5.89
501,12.28
778,5.96
917,5.90
997,5.99
262,5.88
552,0.00
480,5.96
551,0.00
837,12.40
112,6.00
981,0.00
146,6.04
588,5.93
598,0.00
815,5.99
240,5.99
546,5.85
779,5.90
310,5.93
532,0.00
86,5.81
418,5.76
260,5.79
766,5.80
424,5.89
801,0.00
889,12.21
386,5.95
32,5.99
305,5.96
92,6.01
410,6.01
636,0.00
237,5.97
275,5.97
663,5.93
445,5.96
679,0.00
456,0.00
615,0.00
735,0.00
952,12.21
449,6.02
934,0.00
86,5.98
256,5.94
315,5.94
227,6.05
861,0.00
765,18.37
18,5.80
430,5.74
219,5.82
605,12.14
609,5.78
598,12.23
577,5.78
71,5.81
287,5.76
743,12.21
588,5.56
330,5.75
301,5.76
376,5.72
106,5.76
709,0.00
965,5.73
182,5.82
584,5.78
629,0.00
890,5.81
134,5.97
877,0.00
430,5.78
540,0.00
594,11.81
711,6.07
123,5.88
198,5.88
439,5.79
130,5.84
827,0.00
402,0.00
708,0.00
433,5.74
220,5.75
718,5.63
585,0.00
785,5.75
18,5.72
269,5.68
396,5.83
664,0.00
16,5.77
153,5.62
992,5.59
318,5.57
816,5.65
602,0.00
846,5.55
497,0.00
170,5.59
438,5.60
636,0.00
140,5.44
778,5.33
207,5.51
320,5.46
359,5.45
739,0.00
629,5.45
64,5.66
358,0.00
464,0.00
678,5.65
32,5.65
436,0.00
651,5.72
373,5.64
459,5.58
154,5.62
718,0.00
630,5.54
944,0.00
508,5.84
386,5.82
605,0.00
802,6.02
374,5.98
798,0.00
682,11.85
153,6.11
972,6.08
657,0.00
88,6.25
209,6.28
711,6.28
819,6.37
627,0.00
161,6.26
999,18.43
292,6.29
236,6.34
744,11.95
467,6.45
931,0.00
157,6.36
435,0.00
580,12.03
636,6.21
272,6.27
204,6.34
727,0.00
193,6.20
55,6.23
114,6.16
926,0.00
259,6.02
945,0.00
796,11.96
466,0.00
533,6.15
850,0.00
533,6.18
557,6.24
66,6.38
868,6.37
377,0.00
334,6.40
900,6.46
688,6.51
2,6.45
519,6.29
744,12.04
241,6.48
721,0.00
442,6.52
184,6.46
907,12.05
593,6.50
248,6.51
733,6.46
426,6.48
573,0.00
738,6.54
483,0.00
207,6.59
179,6.62
479,0.00
378,0.00
651,6.45
5,6.58
245,6.60
690,0.00
305,6.38
75,6.38
51,6.43
1000,0.00
706,6.37
331,6.50
30,6.46
134,6.43
420,6.48
223,6.35
225,6.40
217,6.30
438,6.29
352,6.06
15,6.14
830,0.00
479,5.92
44,6.01
813,12.00
964,5.79
67,5.64
731,5.61
367,5.61
627,5.65
440,5.67
150,5.64
309,5.58
636,0.00
906,17.60
724,12.00
15,5.40
460,0.00
949,11.89
695,5.59
587,5.71
113,5.66
638,5.57
336,5.66
527,0.00
637,5.59
279,5.78
315,5.80
85,5.78
558,5.78
954,0.00
416,5.88
533,5.93
326,5.88
208,5.91
83,5.72
264,5.73
576,0.00
253,5.64
206,5.44
450,5.45
643,5.27
551,5.28
794,5.32
406,11.59
846,5.43
333,5.27
744,0.00
843,5.27
882,5.34
310,5.39
37,5.47
401,0.00
606,5.37
782,5.47
714,5.29
180,5.27
930,0.00
193,5.32
142,5.29
701,5.40
118,5.45
400,0.00
418,0.00
551,5.22
221,5.31
504,0.00
78,5.42
154,5.37
236,5.39
581,0.00
494,0.00
822,0.00
471,5.22
2,5.16
218,5.22
592,0.00
289,5.20
863,0.00
977,0.00
964,5.36
633,5.34
951,5.39
337,5.35
419,0.00
751,5.32
4,5.44
302,5.48
750,0.00
62,5.40
698,0.00
995,11.13
509,5.54
631,11.23
705,5.76
56,5.59
206,5.70
504,0.00
216,5.54
774,0.00
543,5.49
337,5.49
539,0.00
736,0.00
540,0.00
150,5.48
190,5.48
489,5.48
940,0.00
933,0.00
571,5.50
120,5.54
542,5.55
810,5.62
690,0.00
995,0.00
919,5.88
582,5.89
937,0.00
216,6.03
581,5.98
340,6.01
507,5.96
595,6.03
54,5.78
123,5.94
882,5.92
758,6.01
607,0.00
107,5.85
239,5.91
335,5.91
760,5.98
713,6.01
965,6.10
773,0.00
132,6.09
502,6.04
95,0.00
622,0.00
494,6.11
142,6.16
708,5.98
859,0.00
953,6.12
162,6.29
475,6.22
932,0.00
430,0.00
38,6.51
960,6.44
414,6.45
499,0.00
39,6.54
652,0.00
814,11.75
647,11.76
586,6.66
462,6.49
975,0.00
780,6.56
563,6.68
826,0.00
407,6.81
408,6.89
601,0.00
515,6.78
502,0.00
526,12.28
265,6.94
786,0.00
751,12.39
225,6.85
462,6.92
593,0.00
530,6.68
344,6.75
29,6.71
249,6.75
596,6.70
200,6.79
261,6.81
922,0.00
522,6.63
830,6.69
694,0.00
770,6.75
94,6.70
771,0.00
845,6.70
339,6.71
346,6.62
185,0.00
176,6.85
957,0.00
687,12.42
716,12.48
755,6.60
371,6.71
331,6.60
406,6.63
555,6.59
415,6.68
310,6.68
165,6.73
81,6.57
898,0.00
948,6.58
200,6.48
880,12.32
638,12.16
500,6.39
356,6.40
715,12.34
386,6.44
838,6.22
794,6.36
1000,6.37
329,6.50
620,6.34
115,6.43
987,6.52
511,6.29
224,6.35
187,6.23
70,6.06
97,6.01
324,6.03
345,6.03
644,0.00
563,5.89
199,6.01
615,0.00
395,5.94
460,0.00
703,6.08
496,5.97
735,0.00
829,5.85
7,5.88
222,5.81
858,0.00
947,5.72
657,5.80
328,5.85
393,0.00
485,0.00
903,12.71
747,5.82
625,0.00
429,18.22
427,5.72
907,12.83
459,5.87
747,5.88
709,6.01
526,0.00
878,5.97
721,6.05
163,0.00
747,0.00
523,6.13
859,6.13
380,6.25
766,0.00
548,6.18
998,6.23
627,0.00
550,6.31
589,6.20
548,0.00
493,0.00
944,12.90
618,6.33
311,6.36
865,0.00
16,6.23
638,0.00
311,0.00
600,0.00
933,6.23
43,6.32
532,12.72
876,6.38
346,6.41
897,12.78
972,6.42
598,6.43
459,12.83
638,6.60
58,6.62
741,0.00
435,6.64
904,6.61
150,6.42
260,12.72
944,6.54
41,6.56
392,6.41
232,6.36
697,0.00
920,6.31
327,6.25
96,6.31
413,6.37
818,0.00
12,6.42
108,6.42
668,0.00
347,6.49
257,6.49
271,6.51
48,6.43
741,0.00
48,6.46
881,6.41
587,0.00
478,6.61
721,0.00
852,6.58
387,6.65
195,6.65
368,6.61
598,6.48
276,12.33
956,6.66
481,0.00
471,12.41
622,6.62
435,6.63
118,6.52
858,6.46
77,0.00
650,0.00
420,12.62
399,12.52
524,6.50
625,0.00
103,6.44
996,12.40
158,6.56
446,6.38
200,6.37
531,0.00
583,0.00
899,6.30
200,6.28
481,0.00
785,0.00
743,6.02
113,6.04
898,6.04
95,6.12
118,6.00
139,6.05
912,0.00
84,5.93
603,5.85
698,5.97
250,5.97
386,5.88
557,5.91
69,5.91
848,0.00
722,0.00
571,5.91
909,0.00
799,6.01
361,5.99
790,12.33
617,6.09
828,0.00
39,5.93
985,0.00
653,6.04
635,5.94
305,5.93
194,5.90
33,5.86
445,5.85
883,5.86
19,5.97
927,0.00
863,6.00
833,12.37
122,6.05
958,12.27
478,6.26
281,6.12
839,6.15
1000,0.00
594,0.00
195,6.17
326,6.17
151,6.27
852,6.09
655,6.25
629,6.14
846,0.00
240,6.03
694,6.13
79,6.06
327,6.13
958,0.00
711,12.80
344,6.14
637,6.22
931,0.00
101,6.01
156,6.10
491,6.12
535,6.13
54,6.12
86,5.95
383,5.95
917,12.57
89,6.08
419,0.00
610,6.03
636,6.05
628,0.00
220,6.03
12,6.07
745,0.00
381,6.02
242,5.92
223,5.98
729,0.00
779,5.90
184,5.94
381,0.00
464,5.87
894,0.00
18,6.06
471,6.07
347,6.00
999,18.17
115,5.96
222,6.03
425,5.98
487,5.87
183,5.87
603,11.83
844,6.07
884,5.99
83,6.06
711,0.00
915,5.95
685,6.07
470,5.96
374,5.86
787,11.88
49,6.07
312,5.89
561,11.85
63,5.91
157,5.94
38,5.89
211,0.00
559,5.94
220,5.94
407,0.00
508,0.00
959,5.79
588,0.00
994,18.30
368,6.07
96,5.92
850,0.00
154,5.92
929,5.80
394,0.00
896,12.01
608,5.89
394,5.87
123,5.93
499,0.00
487,5.92
190,5.91
569,6.00
127,6.04
146,5.91
469,5.80
188,0.00
627,5.78
628,0.00
107,5.78
663,0.00
305,5.76
259,5.83
281,5.64
499,0.00
460,5.61
41,5.71
97,5.67
726,0.00
625,11.67
206,5.68
576,0.00
921,24.25
205,5.74
593,5.68
771,5.75
744,5.78
306,5.80
29,5.79
447,5.77
383,5.87
51,5.69
863,5.66
43,5.76
143,5.70
352,5.72
267,5.65
619,0.00
470,0.00
831,5.66
490,5.58
948,0.00
26,5.77
12,5.59
419,0.00
814,5.61
265,5.69
991,5.70
540,0.00
279,5.79
328,0.00
227,0.00
143,11.86
310,11.69
996,5.74
125,5.58
904,0.00
951,5.54
982,5.54
193,5.70
184,5.50
490,0.00
28,5.50
791,0.00
286,5.57
222,5.63
728,5.53
810,5.65
867,5.66
319,5.65
496,0.00
682,0.00
867,5.52
835,5.72
604,5.73
289,5.74
259,11.50
714,11.51
144,5.63
51,5.71
418,5.65
297,5.53
648,0.00
406,5.51
172,5.48
175,5.53
261,5.50
916,0.00
241,5.57
641,5.56
59,5.70
827,5.54
392,0.00
18,5.66
397,0.00
218,5.59
211,0.00
477,0.00
920,0.00
553,0.00
683,5.80
567,0.00
453,0.00
564,5.83
484,0.00
900,0.00
590,11.66
676,6.07
182,11.56
859,11.68
14,5.90
152,5.83
621,0.00
984,5.82
94,5.77
31,5.85
639,5.85
727,5.88
494,0.00
919,5.92
43,5.93
819,5.83
64,5.88
42,5.81
641,0.00
715,5.89
487,0.00
481,5.81
114,5.88
666,5.77
821,5.77
842,5.78
158,5.90
886,11.68
723,5.94
129,6.12
275,5.93
283,0.00
92,0.00
855,11.52
367,5.98
883,11.54
737,5.96
58,6.06
605,6.05
40,6.02
113,5.96
747,5.97
901,11.53
214,5.97
611,6.02
211,5.87
303,6.10
535,0.00
528,0.00
104,5.80
3,5.79
396,0.00
122,5.79
589,11.42
754,17.27
74,5.77
332,0.00
237,0.00
208,11.56
3,5.69
948,0.00
826,5.80
326,5.80
679,5.77
167,5.86
129,5.68
284,0.00
607,5.75
185,5.72
290,5.67
452,0.00
304,5.54
151,5.43
875,5.48
579,5.58
58,5.58
224,5.59
158,5.59
959,0.00
728,5.47
66,5.58
428,5.45
481,5.45
11,5.22
124,5.33
367,0.00
850,11.28
696,11.20
311,5.35
50,5.23
405,0.00
136,5.21
441,0.00
214,5.31
359,11.02
586,5.29
453,5.29
173,0.00
529,0.00
865,5.30
438,0.00
992,5.41
324,5.32
823,0.00
781,5.32
324,5.55
380,0.00
565,5.52
474,0.00
964,5.61
502,0.00
786,5.76
530,0.00
832,5.77
164,5.85
763,5.85
241,5.94
647,0.00
800,5.80
447,5.68
812,0.00
353,6.02
542,5.86
883,5.86
575,11.91
933,6.01
589,11.98
54,5.99
106,5.89
22,5.80
926,5.81
119,5.88
458,0.00
289,5.83
583,0.00
971,11.89
229,5.84
816,5.80
422,11.92
192,6.09
886,5.85
60,6.04
301,5.93
608,5.95
364,5.94
36,6.03
764,11.75
823,6.04
298,0.00
527,5.99
391,0.00
590,5.79
39,0.00
831,5.80
126,5.83
316,5.78
255,5.84
102,5.93
377,5.93
893,0.00
160,5.99
196,5.89
296,5.90
985,0.00
135,5.96
888,0.00
457,5.88
760,5.88
490,6.00
667,11.55
301,6.13
183,6.02
407,0.00
750,0.00
280,6.09
736,6.07
234,5.99
97,5.98
730,6.03
390,11.16
124,6.10
643,0.00
53,5.94
622,0.00
934,17.23
504,5.91
255,0.00
229,5.94
584,5.69
557,0.00
411,0.00
928,5.65
98,5.81
910,5.65
708,0.00
457,0.00
710,5.63
858,5.61
670,0.00
739,5.77
192,5.66
397,0.00
668,5.43
163,0.00
530,5.61
848,5.36
836,0.00
556,5.58
248,5.54
800,0.00
131,5.58
343,0.00
345,5.50
103,5.56
436,0.00
588,5.53
685,5.54
401,0.00
41,5.42
305,5.42
623,5.24
385,0.00
166,5.37
138,5.28
923,0.00
150,5.28
271,0.00
657,11.38
100,5.48
703,0.00
385,11.50
337,5.63
325,11.46
759,5.70
406,5.71
655,5.79
6,5.63
668,5.63
977,0.00
962,0.00
323,6.01
783,5.83
163,5.92
319,5.79
822,0.00
494,5.83
546,5.70
459,0.00
597,5.84
939,0.00
967,0.00
78,5.86
184,5.86
959,11.81
358,5.88
67,5.82
928,11.79
866,5.79
930,11.91
491,0.00
964,6.17
83,6.03
246,5.97
13,5.97
651,0.00
894,6.04
488,6.13
652,6.00
342,6.04
491,6.08
699,5.97
772,6.09
803,11.90
406,0.00
949,6.03
885,6.11
1,6.23
705,0.00
565,6.12
324,6.09
666,0.00
667,6.12
942,0.00
363,6.23
682,6.23
838,11.80
25,6.46
784,6.28
94,6.29
24,6.36
935,0.00
725,6.18
258,6.19
218,6.16
585,0.00
176,0.00
803,6.31
633,6.22
892,6.42
503,6.45
694,0.00
912,6.53
684,6.54
103,0.00
59,6.31
658,0.00
874,0.00
934,6.53
747,6.67
529,6.72
221,0.00
590,6.61
319,6.62
143,6.61
437,0.00
985,0.00
86,6.51
670,0.00
493,6.48
877,12.21
328,6.64
577,0.00
188,6.60
906,0.00
644,6.38
874,0.00
517,6.52
779,6.65
898,6.82
281,6.93
265,6.88
814,0.00
772,12.68
659,6.96
343,0.00
700,6.83
898,0.00
759,7.02
897,7.13
730,7.03
110,7.24
929,13.04
517,7.25
308,13.09
461,7.04
45,7.08
655,6.99
27,6.99
503,7.12
381,0.00
555,6.93
151,6.93
580,6.91
457,0.00
794,0.00
632,7.00
821,7.00
902,13.09
90,7.00
583,0.00
154,6.91
588,0.00
569,6.93
549,6.80
583,6.96
686,6.76
822,0.00
345,6.61
912,0.00
743,6.79
750,6.65
246,6.73
494,6.69
279,0.00
915,0.00
577,6.58
805,6.51
425,0.00
564,6.56
469,6.62
750,13.19
51,6.73
835,6.52
576,0.00
598,6.49
852,6.54
250,6.66
457,6.67
229,6.73
664,0.00
197,6.65
232,6.68
325,0.00
681,6.64
146,6.69
738,0.00
136,6.61
452,6.61
867,13.22
51,6.65
948,6.52
503,6.47
665,0.00
674,6.35
282,6.51
535,0.00
671,6.25
91,0.00
974,6.25
497,6.30
899,6.41
938,6.27
767,0.00
950,6.23
835,0.00
661,6.25
999,6.32
941,6.44
283,6.44
284,6.31
768,6.44
422,6.50
808,0.00
674,6.52
479,6.56
516,6.58
145,6.51
412,0.00
221,6.44
240,6.46
252,6.35
754,6.36
120,6.49
836,0.00
410,6.29
733,6.28
958,0.00
789,6.44
546,6.53
611,0.00
349,6.48
966,13.09
470,6.39
25,6.29
362,6.27
561,6.28
751,6.37
529,0.00
915,12.94
609,6.24
928,6.38
289,6.39
178,6.29
292,6.20
530,0.00
362,12.97
1,6.32
438,6.18
546,6.23
585,6.27
196,6.19
812,0.00
881,5.98
518,5.98
8,6.04
389,6.04
330,6.11
27,6.09
281,6.07
127,6.07
697,0.00
953,6.02
335,6.16
200,6.00
737,0.00
440,12.56
961,6.13
965,6.27
364,12.54
437,0.00
878,0.00
608,6.01
250,6.05
465,6.16
689,0.00
614,5.86
186,5.87
824,5.78
412,5.79
41,5.90
921,5.72
241,5.73
132,5.71
341,5.69
623,11.94
406,5.62
356,11.94
606,11.92
68,5.63
91,0.00
317,5.52
340,11.99
886,11.90
273,5.45
622,0.00
297,5.43
445,5.43
493,0.00
837,0.00
333,5.51
483,0.00
180,5.62
870,5.49
577,0.00
733,5.62
627,5.75
126,5.76
550,0.00
273,5.61
358,5.53
930,12.00
520,5.62
260,5.62
683,5.66
667,5.71
697,5.72
586,5.63
35,5.70
983,11.86
808,5.58
384,5.56
510,5.56
683,5.62
665,5.72
215,5.60
472,5.58
534,0.00
639,5.60
270,5.65
646,5.71
931,5.69
48,5.72
201,5.78
370,5.63
578,0.00
244,5.61
652,5.58
941,5.67
462,0.00
802,5.57
930,11.67
172,5.68
598,0.00
994,11.87
861,11.86
879,11.93
312,5.83
881,12.07
190,5.87
693,6.14
182,5.97
964,12.00
445,6.02
306,6.10
547,6.01
146,6.06
109,5.97
560,0.00
430,0.00
200,5.89
307,5.97
706,6.00
197,5.91
50,5.79
688,0.00
648,5.87
96,5.79
686,5.77
37,5.89
877,0.00
967,17.92
153,11.61
225,11.48
599,6.10
722,6.12
168,5.85
288,0.00
354,6.03
234,5.97
228,6.00
16,5.96
753,0.00
922,5.92
193,5.92
105,5.96
656,0.00
687,5.86
840,0.00
564,5.93
598,5.89
854,11.37
147,6.03
656,0.00
58,5.89
304,5.89
505,0.00
851,5.82
805,11.62
985,6.01
641,6.01
798,11.65
108,6.07
768,0.00
562,5.97
56,5.80
644,0.00
763,6.07
680,6.18
221,6.09
599,0.00
72,6.08
431,0.00
791,5.99
234,6.03
300,6.10
923,0.00
173,5.96
928,6.00
86,6.04
39,6.06
715,0.00
181,6.00
829,0.00
659,11.76
21,5.99
675,0.00
172,6.01
782,5.79
936,5.79
599,5.89
139,5.99
564,0.00
111,5.87
823,0.00
690,5.72
444,0.00
600,5.92
589,5.92
442,5.95
156,5.96
271,5.95
723,0.00
382,5.98
235,5.98
220,0.00
483,0.00
185,6.08
951,6.09
758,6.07
519,6.08
971,17.67
228,6.06
313,5.98
75,6.00
848,5.93
342,6.03
545,0.00
883,0.00
317,6.13
244,6.13
310,6.13
224,6.14
2,6.15
621,6.01
645,0.00
915,6.02
991,6.16
751,6.32
687,0.00
526,6.24
150,6.32
132,6.39
373,6.27
942,0.00
629,6.38
994,6.34
612,6.46
317,6.47
644,12.32
156,6.52
61,6.43
874,18.17
103,6.46
415,12.27
714,6.38
689,6.42
741,6.40
255,6.50
207,6.39
60,6.35
415,0.00
917,12.27
282,6.10
621,0.00
499,0.00
39,6.15
729,0.00
918,12.26
930,17.94
232,6.32
176,6.23
651,6.27
812,0.00
640,12.35
255,6.32
271,6.26
296,6.14
431,0.00
874,6.20
495,0.00
128,6.27
94,6.21
962,6.11
204,0.00
485,6.11
448,0.00
335,6.22
32,6.02
543,11.95
865,6.02
540,0.00
530,6.26
288,6.15
439,0.00
893,6.12
721,6.18
533,0.00
697,6.09
576,0.00
843,6.30
458,0.00
976,6.27
502,0.00
678,12.17
611,6.33
907,12.43
84,6.45
871,0.00
93,6.22
292,6.22
936,0.00
532,6.24
366,6.35
740,6.45
842,0.00
576,0.00
803,6.13
734,0.00
219,6.29
798,0.00
517,6.20
704,0.00
563,6.22
746,0.00
741,0.00
894,12.77
601,6.17
486,6.20
455,0.00
166,6.19
453,0.00
750,18.50
119,6.16
340,0.00
637,12.58
516,6.11
721,6.21
963,12.48
60,6.46
34,6.32
452,6.40
188,6.39
111,6.29
930,6.20
294,6.23
289,6.14
805,6.21
519,6.26
725,6.26
74,0.00
137,6.13
963,6.03
53,6.04
346,0.00
395,6.12
255,6.03
118,6.05
515,0.00
673,5.86
922,0.00
396,6.08
201,5.97
549,0.00
931,6.05
286,6.12
215,6.04
229,0.00
872,6.26
80,6.11
228,6.01
660,5.97
91,5.97
423,5.88
738,0.00
448,5.98
193,5.91
409,5.84
361,5.88
604,12.14
562,5.85
69,5.87
274,0.00
999,5.86
651,0.00
948,12.10
841,12.12
376,5.90
81,5.80
119,5.78
378,0.00
189,5.74
553,0.00
745,5.49
699,5.51
269,5.51
62,5.51
872,0.00
526,5.33
474,5.34
95,0.00
980,5.42
673,5.47
307,5.41
591,5.38
180,0.00
652,5.37
811,0.00
447,5.37
738,0.00
684,5.27
178,5.41
490,0.00
507,5.38
258,5.42
610,5.42
342,0.00
681,0.00
594,24.16
730,0.00
396,5.50
210,5.49
918,5.43
250,5.42
287,5.48
690,5.62
260,5.65
231,5.54
244,5.54
60,5.51
788,5.46
461,0.00
425,11.62
455,5.68
64,5.52
490,5.55
447,5.64
676,0.00
495,5.59
274,5.61
380,0.00
939,5.77
82,5.88
324,5.89
427,5.68
671,5.68
573,0.00
588,5.52
169,5.51
908,0.00
753,5.61
630,5.62
132,5.60
755,5.60
620,5.85
687,5.69
952,5.68
232,5.76
117,5.77
164,5.74
734,0.00
449,5.69
398,5.80
843,5.76
364,5.78
922,17.87
49,5.72
952,0.00
226,11.36
328,5.61
527,0.00
943,5.63
791,5.72
453,0.00
853,5.79
781,0.00
799,6.02
279,6.09
277,6.02
600,6.00
405,5.99
784,5.84
516,0.00
341,6.07
449,0.00
402,5.93
57,5.98
466,5.89
967,0.00
206,5.97
883,11.36
858,5.92
839,6.09
372,5.95
165,5.99
221,5.81
60,5.87
651,0.00
953,17.64
86,5.84
256,11.33
776,5.90
329,5.84
484,0.00
66,5.89
255,5.83
99,5.84
650,5.80
314,5.82
768,0.00
681,5.74
870,5.83
519,0.00
546,5.76
157,5.84
185,5.67
293,5.65
116,5.73
64,5.73
999,0.00
722,5.88
838,11.48
303,5.98
634,5.88
885,0.00
417,5.89
173,5.77
660,5.88
112,5.88
372,5.90
848,0.00
900,0.00
155,5.79
261,5.85
298,5.86
782,0.00
316,5.74
997,5.83
900,5.93
511,0.00
360,5.84
292,5.92
844,11.60
127,5.91
640,5.92
686,11.57
388,6.05
264,6.10
35,6.04
431,5.84
113,5.92
277,5.69
606,0.00
760,5.56
96,5.66
267,5.71
656,5.67
304,0.00
65,5.71
563,0.00
444,0.00
646,5.63
407,0.00
737,5.73
244,5.75
344,5.75
381,0.00
952,11.55
812,5.83
559,5.84
668,0.00
513,11.69
236,5.81
37,5.85
852,11.74
934,5.90
258,5.90
374,5.81
894,0.00
32,5.65
815,5.75
316,5.95
194,5.70
617,0.00
127,5.74
401,5.77
572,5.76
619,11.72
818,5.91
689,5.99
955,11.49
530,5.84
73,5.87
912,0.00
588,17.27
410,0.00
356,6.01
347,5.93
575,5.82
261,5.86
704,6.01
451,5.95
908,6.07
858,5.96
105,5.96
476,0.00
854,6.04
598,0.00
886,0.00
725,6.08
133,0.00
984,6.12
875,0.00
49,6.16
666,6.11
984,6.23
806,12.27
670,6.48
262,6.47
146,6.37
264,6.40
651,0.00
494,0.00
556,0.00
824,0.00
993,23.61
473,0.00
346,12.23
580,0.00
580,6.20
477,6.37
145,6.41
360,0.00
663,0.00
350,6.30
343,0.00
459,6.29
325,6.33
781,6.27
512,6.36
181,6.40
829,6.25
357,6.23
652,6.14
360,0.00
869,6.29
225,6.39
2,6.45
943,6.34
56,6.35
798,6.23
700,0.00
662,6.32
355,6.31
914,6.38
218,6.43
505,6.43
998,6.45
60,6.44
897,12.20
934,12.15
433,6.40
804,6.45
255,6.49
372,0.00
723,0.00
490,6.57
894,0.00
771,12.56
852,6.64
759,6.78
712,12.65
97,6.81
841,0.00
506,6.68
713,0.00
227,6.62
684,0.00
623,0.00
300,6.63
512,6.51
466,6.51
416,6.68
535,0.00
532,6.56
224,6.54
46,6.49
682,12.54
243,6.51
697,6.50
645,6.55
124,6.42
267,6.53
942,6.37
178,6.54
592,0.00
947,6.40
265,6.51
435,0.00
734,6.35
247,6.45
66,6.29
779,0.00
383,6.32
352,6.36
381,6.31
114,6.50
125,6.43
276,6.34
715,0.00
729,6.46
292,6.46
343,6.35
379,0.00
935,6.36
793,6.25
265,6.48
510,6.46
282,6.41
566,0.00
175,6.43
317,6.45
557,0.00
223,6.39
719,6.43
230,6.51
798,6.36
586,0.00
380,0.00
712,6.18
136,6.26
687,0.00
784,6.39
295,6.27
422,0.00
895,12.57
752,6.32
558,0.00
294,6.29
326,6.18
515,0.00
146,12.76
439,6.26
600,6.34
493,6.15
921,6.30
300,6.10
106,6.15
233,6.10
498,0.00
837,6.07
737,6.08
459,6.17
378,6.11
94,5.98
392,12.73
898,6.05
787,6.01
122,6.02
734,5.95
216,6.00
106,5.82
557,0.00
864,5.83
307,5.86
349,5.74
934,5.68
12,0.00
283,5.78
749,0.00
695,0.00
14,5.94
939,0.00
44,5.94
526,0.00
898,5.85
820,5.91
849,0.00
327,5.84
280,6.00
123,5.90
603,5.80
978,5.85
171,5.89
751,5.88
40,5.88
676,0.00
230,5.67
226,5.75
274,5.75
267,5.84
509,5.69
52,0.00
777,5.78
756,5.83
894,12.18
87,5.95
656,5.78
149,5.79
997,5.69
544,5.77
299,5.88
691,0.00
331,5.82
463,0.00
918,5.88
237,5.97
904,0.00
511,0.00
762,6.04
337,6.05
581,0.00
817,6.16
483,0.00
472,6.11
899,0.00
134,6.08
895,6.15
737,6.16
135,6.14
265,6.14
546,6.22
892,6.18
809,0.00
895,6.17
57,6.30
470,0.00
869,6.25
291,6.16
955,0.00
490,12.55
811,6.21
380,6.15
565,0.00
473,6.20
589,6.21
738,18.93
775,0.00
582,6.20
842,12.32
926,6.24
989,12.29
602,6.46
356,6.47
654,6.43
975,6.47
26,6.54
36,6.42
679,6.54
404,6.48
301,6.46
816,0.00
674,6.38
698,0.00
764,6.44
758,0.00
833,6.48
506,6.55
916,6.52
193,6.59
162,6.46
121,6.42
298,0.00
418,6.43
95,6.40
323,6.36
802,6.36
52,6.46
185,6.37
481,0.00
350,6.44
602,6.34
70,6.36
923,0.00
666,0.00
282,6.42
582,6.44
850,6.45
32,6.32
256,6.21
744,0.00
303,6.24
930,0.00
258,6.28
347,6.19
113,6.26
129,6.14
98,6.02
683,0.00
700,6.01
632,0.00
681,5.96
651,6.04
900,0.00
95,6.03
319,6.05
213,5.89
990,0.00
16,5.79
569,0.00
379,0.00
513,5.78
803,5.69
51,0.00
402,0.00
433,5.73
310,5.86
903,5.94
685,5.95
565,5.94
295,5.94
719,12.18
207,5.97
681,5.85
920,5.84
426,5.95
621,12.22
211,5.89
780,12.06
121,5.99
883,12.21
89,12.19
213,6.04
846,0.00
252,12.19
305,0.00
631,5.94
758,6.11
361,5.99
312,5.93
668,6.06
269,5.99
887,5.95
777,5.89
363,6.00
679,0.00
323,5.94
634,0.00
322,5.92
155,6.02
992,5.86
68,0.00
504,0.00
241,5.92
680,0.00
737,5.86
225,5.98
557,0.00
837,5.82
711,5.95
753,6.06
558,6.07
592,6.18
755,6.30
395,0.00
95,6.25
59,6.28
918,6.26
311,6.23
948,6.17
375,6.36
156,6.27
36,6.26
937,0.00
500,6.29
42,6.27
309,6.27
337,6.28
378,6.29
571,0.00
445,6.26
96,6.33
558,6.27
912,6.35
829,6.41
838,6.54
399,6.55
143,6.51
819,0.00
877,6.51
965,6.61
856,0.00
943,0.00
63,6.69
550,6.66
9,6.69
696,6.56
139,6.57
381,6.59
107,6.59
817,0.00
675,6.50
562,6.53
409,6.54
80,6.45
335,6.38
971,6.44
842,6.60
765,6.71
329,6.71
883,12.60
886,6.65
255,12.53
274,6.70
670,0.00
326,6.64
716,6.56
443,6.62
532,0.00
234,6.61
301,6.58
156,6.56
669,12.58
869,6.67
820,12.52
732,6.57
122,6.61
401,0.00
491,6.57
117,6.72
910,6.62
670,0.00
739,6.60
370,6.60
103,6.56
913,0.00
882,6.45
605,0.00
990,6.63
8,6.63
961,0.00
487,0.00
437,12.46
343,6.37
103,6.33
196,6.30
533,0.00
756,12.65
581,0.00
368,6.32
190,6.20
525,0.00
165,6.38
884,0.00
88,6.27
145,6.29
266,6.28
786,6.17
10,6.27
54,6.18
246,6.12
776,0.00
33,6.06
820,0.00
380,5.83
367,0.00
740,12.39
242,5.89
659,5.84
294,5.88
810,0.00
793,12.47
980,12.44
64,5.88
985,24.65
838,5.97
237,5.82
310,5.94
294,5.94
182,5.82
114,6.01
497,0.00
535,0.00
181,5.84
749,12.33
391,0.00
734,0.00
754,5.66
739,5.72
907,5.72
141,5.72
495,0.00
481,5.64
127,5.66
325,5.67
441,0.00
195,5.61
639,0.00
440,5.50
786,5.51
715,18.05
992,5.51
96,5.46
609,0.00
157,5.33
288,5.39
929,0.00
969,5.42
304,5.35
850,5.46
789,5.57
574,5.48
381,0.00
562,5.48
198,5.51
247,5.52
809,0.00
830,5.41
36,5.42
364,5.50
784,0.00
938,18.15
988,18.17
416,5.61
962,5.73
696,5.91
904,12.20
959,5.92
250,5.95
904,5.86
241,6.06
942,5.94
991,5.94
538,6.08
993,6.21
219,6.22
562,6.26
501,6.35
650,6.40
500,6.39
450,6.34
772,6.44
334,6.43
459,6.56
287,6.32
941,6.28
279,6.37
498,6.33
242,6.37
476,6.23
532,0.00
639,0.00
449,6.22
520,12.29
103,6.22
62,6.29
823,6.10
140,6.20
711,6.19
202,6.29
904,6.23
337,6.27
47,6.21
798,0.00
959,6.04
166,6.21
120,6.11
846,0.00
690,11.91
31,6.18
405,6.10
410,6.09
493,6.07
101,6.06
526,0.00
371,6.09
248,6.18
906,0.00
431,6.36
143,6.25
688,6.25
582,0.00
536,6.29
572,0.00
223,6.20
215,6.26
217,6.10
676,0.00
310,6.12
931,0.00
106,6.03
954,0.00
705,0.00
834,6.15
982,6.26
1,6.36
118,6.25
425,0.00
264,6.18
369,0.00
264,6.08
547,11.57
383,0.00
548,0.00
614,11.56
506,5.94
141,6.00
500,0.00
463,11.70
306,5.85
229,5.72
926,17.87
308,5.82
494,0.00
687,5.73
263,5.85
233,5.86
292,5.71
120,5.57
287,0.00
180,0.00
71,5.55
772,0.00
986,5.47
715,5.46
993,5.48
374,0.00
184,5.71
555,5.60
982,0.00
649,5.75
110,5.77
348,5.78
857,0.00
845,5.75
167,5.93
632,0.00
719,5.80
811,5.90
434,0.00
974,5.99
449,0.00
826,12.14
261,6.03
759,0.00
822,12.19
899,6.06
778,0.00
659,6.20
858,0.00
73,6.18
898,12.32
869,6.26
136,6.23
345,6.20
611,6.21
987,17.99
647,6.24
613,0.00
367,6.21
91,6.35
245,6.17
517,6.14
711,6.14
895,12.56
250,6.23
459,0.00
858,6.33
289,6.37
166,6.41
692,6.27
447,0.00
111,6.30
258,6.30
345,6.13
736,0.00
35,6.07
107,5.96
450,5.96
785,0.00
352,6.07
443,0.00
546,6.19
958,6.13
75,6.26
362,6.24
174,6.14
833,0.00
37,6.04
827,0.00
185,6.18
558,0.00
996,6.19
788,6.20
17,6.09
894,0.00
752,5.94
668,6.13
413,6.13
139,6.32
355,6.19
957,0.00
849,0.00
646,6.37
128,6.38
208,6.27
483,0.00
132,6.19
966,0.00
767,6.04
176,6.06
861,0.00
943,11.91
79,5.96
182,5.98
328,11.82
971,11.73
960,11.84
335,6.14
241,6.03
850,11.93
458,6.04
544,0.00
43,6.07
696,0.00
434,12.06
689,6.08
187,5.88
792,0.00
52,5.82
693,12.04
818,5.83
607,5.84
802,0.00
595,12.11
754,0.00
283,5.77
924,5.65
876,5.72
164,5.78
211,5.73
906,5.57
41,5.74
464,0.00
944,5.55
588,5.64
510,5.67
844,0.00
369,5.75
410,5.67
330,5.74
99,5.67
104,5.67
579,5.66
360,0.00
849,5.60
408,5.67
48,5.61
938,0.00
109,5.73
376,0.00
936,5.61
295,5.69
336,5.56
552,0.00
970,11.69
663,5.73
124,5.70
779,5.62
182,0.00
78,5.74
365,5.54
542,0.00
913,5.49
234,5.58
392,5.57
401,11.68
222,5.62
360,5.33
490,5.32
286,5.38
648,0.00
576,5.42
974,0.00
458,5.51
998,5.56
583,5.63
703,5.64
764,0.00
659,5.68
718,5.68
314,5.81
661,0.00
764,5.71
747,0.00
684,0.00
738,11.80
171,5.74
486,0.00
823,11.74
565,5.81
393,5.58
822,5.71
851,5.81
988,5.86
828,5.75
76,5.79
189,5.91
542,0.00
626,5.90
873,6.00
598,5.92
872,6.00
742,6.02
596,11.70
202,5.89
886,11.64
159,5.93
1000,23.98
213,5.97
272,5.86
308,6.12
791,5.95
851,0.00
279,5.99
944,5.92
976,11.74
329,5.98
684,0.00
352,6.09
52,6.16
743,6.18
549,0.00
977,0.00
788,6.41
575,6.25
1,0.00
319,6.37
94,6.42
400,6.17
878,0.00
294,6.18
932,11.95
466,0.00
415,6.34
743,0.00
240,6.33
971,6.25
779,6.39
120,6.21
481,0.00
810,0.00
584,6.35
269,6.35
994,6.48
556,0.00
367,6.50
849,6.44
339,6.47
703,0.00
803,0.00
993,6.31
294,6.38
714,0.00
835,6.36
533,0.00
41,6.47
499,0.00
581,6.28
766,0.00
619,6.21
161,6.22
311,6.21
195,6.22
588,11.87
898,6.38
927,0.00
743,11.97
672,6.36
196,6.38
960,0.00
497,6.40
355,6.46
551,0.00
157,6.38
101,6.33
363,6.24
824,12.14
250,6.31
887,24.25
373,6.48
449,12.32
539,6.43
81,6.40
520,6.44
394,0.00
118,6.41
604,0.00
270,6.14
816,6.08
747,6.13
287,6.03
398,5.99
547,0.00
171,5.87
207,5.93
871,5.93
55,5.99
582,5.77
345,0.00
98,5.80
649,0.00
69,5.83
446,5.83
446,0.00
862,5.79
800,12.15
561,5.75
145,5.65
963,12.04
199,5.83
531,0.00
944,5.88
238,5.74
722,5.82
567,0.00
232,5.67
879,5.75
416,5.83
769,5.74
194,5.80
439,0.00
626,5.63
120,5.71
393,5.56
852,0.00
454,5.61
883,0.00
741,5.64
766,0.00
30,5.67
768,0.00
761,11.99
630,5.62
100,5.49
807,5.41
205,5.63
721,0.00
298,5.57
133,5.49
763,11.88
816,5.55
912,5.53
635,5.64
388,0.00
349,11.86
561,5.54
459,5.36
18,5.46
596,0.00
366,5.22
54,5.28
119,5.21
351,5.24
626,0.00
177,5.35
118,5.32
601,11.65
790,5.20
447,0.00
752,5.10
383,5.15
972,5.25
253,5.30
911,5.34
763,5.44
574,5.57
759,0.00
844,11.74
886,5.69
20,5.66
180,5.58
893,11.62
3,5.75
677,5.59
208,5.59
850,5.57
295,5.50
234,5.50
191,5.62
590,0.00
718,0.00
528,5.74
716,11.37
127,5.76
730,5.62
669,5.73
458,5.85
45,5.63
460,5.67
932,11.48
865,5.84
900,17.87
792,5.92
262,5.87
328,5.77
751,0.00
901,0.00
224,5.83
109,5.91
797,0.00
584,5.86
226,5.90
69,5.87
388,0.00
511,5.74
568,5.77
227,5.70
818,0.00
508,5.68
670,0.00
244,5.77
548,11.17
388,5.74
572,5.70
686,5.72
492,5.68
492,5.69
377,0.00
286,5.73
347,5.65
855,5.69
805,5.72
269,5.64
78,5.58
650,0.00
990,5.61
406,0.00
310,5.73
323,5.82
338,5.79
147,5.79
73,5.75
300,5.72
677,5.76
714,5.80
785,5.81
508,5.94
507,5.82
82,5.73
469,10.92
425,5.70
661,0.00
926,17.19
439,0.00
753,5.56
202,5.61
758,5.55
897,23.18
711,5.67
430,5.80
25,5.69
188,0.00
130,5.77
642,0.00
878,5.63
841,5.73
660,5.82
402,0.00
853,5.76
11,5.72
59,5.81
780,0.00
174,5.69
181,5.66
534,0.00
478,0.00
140,5.55
836,0.00
981,11.21
101,5.60
309,5.53
179,5.46
308,11.17
709,5.52
85,5.36
731,0.00
93,5.47
655,0.00
721,11.16
872,5.41
155,5.45
138,5.46
745,0.00
132,5.46
298,5.42
605,0.00
986,5.44
74,5.63
612,0.00
138,5.53
102,5.61
618,5.45
1000,5.49
4,5.50
911,5.61
597,5.62
562,5.52
123,5.52
452,0.00
778,5.59
331,5.59
676,0.00
47,5.67
862,5.67
369,5.80
678,5.68
587,0.00
666,5.84
562,5.70
546,5.77
326,5.76
249,5.67
725,5.66
690,0.00
294,5.78
507,5.81
78,5.84
634,5.80
691,16.86
118,5.86
133,5.69
549,5.75
406,5.92
36,5.72
465,0.00
692,5.76
127,5.79
461,0.00
242,5.64
761,0.00
903,16.80
364,5.61
574,0.00
927,5.47
513,0.00
551,5.64
584,0.00
452,5.65
171,5.74
173,5.66
22,5.69
504,0.00
626,5.46
649,0.00
314,5.46
932,5.56
645,0.00
957,5.60
561,0.00
544,5.77
378,5.84
91,5.66
875,0.00
223,5.73
243,5.72
854,5.70
998,11.12
42,5.86
464,5.63
802,0.00
346,5.80
280,5.68
74,5.81
909,0.00
972,5.87
366,5.98
153,5.97
684,0.00
316,6.08
810,5.89
49,0.00
540,0.00
154,5.98
387,0.00
832,0.00
857,6.04
60,6.05
146,11.66
880,6.06
192,6.07
481,6.01
539,6.01
546,0.00
646,5.89
129,6.01
653,0.00
100,5.89
527,5.82
140,5.88
349,5.72
763,5.75
399,5.61
536,0.00
98,5.83
945,0.00
189,5.86
823,0.00
445,5.94
588,0.00
857,5.96
178,5.99
439,0.00
871,11.84
752,6.00
9,5.97
730,11.72
52,6.15
947,5.99
126,6.05
363,6.06
223,5.95
499,5.95
914,17.39
901,6.09
121,6.02
717,5.95
533,0.00
306,6.06
52,5.97
215,6.02
372,6.00
895,0.00
941,6.11
273,6.15
483,0.00
503,0.00
370,0.00
981,11.76
908,6.27
365,6.28
527,0.00
370,6.21
938,0.00
181,6.20
864,0.00
267,6.29
768,0.00
366,6.28
364,0.00
415,0.00
349,6.48
147,6.32
312,6.15
121,6.23
756,6.10
69,6.11
334,6.07
448,5.90
907,5.98
785,0.00
622,6.00
595,0.00
857,6.14
671,6.00
177,6.05
622,0.00
261,6.02
716,5.90
217,5.99
59,5.96
518,0.00
825,12.00
960,6.09
579,17.58
676,6.32
376,6.25
269,6.22
787,6.19
239,6.31
199,6.25
22,6.20
743,0.00
803,12.03
268,6.23
355,0.00
26,6.31
269,6.18
203,6.09
238,6.20
105,5.97
257,0.00
446,0.00
449,5.84
205,5.84
667,0.00
815,6.06
918,0.00
807,0.00
734,6.15
60,12.30
370,6.36
820,12.36
508,6.42
100,6.21
212,6.15
936,6.23
620,6.23
120,6.20
232,6.32
598,6.39
621,0.00
777,17.80
215,12.56
527,6.30
119,6.36
233,6.20
560,0.00
899,6.19
387,6.23
306,6.23
208,6.16
336,6.26
156,6.03
230,5.99
429,5.97
817,6.02
419,0.00
184,5.93
237,5.93
525,5.84
470,5.84
847,12.04
200,5.94
173,0.00
120,5.72
996,5.78
204,5.95
971,5.75
861,0.00
820,5.97
835,6.01
398,0.00
669,6.10
392,6.01
856,6.01
188,0.00
851,5.96
589,5.99
683,0.00
403,0.00
562,5.97
597,0.00
979,6.09
216,5.99
856,0.00
343,5.74
202,5.84
882,0.00
553,5.89
147,5.78
338,0.00
554,5.78
96,0.00
842,5.83
647,5.95
992,0.00
109,6.16
570,6.10
996,6.10
678,0.00
620,6.32
527,6.20
871,18.28
293,6.21
160,6.04
664,0.00
709,0.00
875,0.00
735,6.02
210,5.98
581,5.87
230,5.96
740,0.00
600,0.00
949,12.30
522,5.93
383,5.97
62,5.92
461,6.01
616,6.21
749,0.00
527,6.10
468,0.00
979,6.21
549,0.00
102,6.08
851,6.13
870,0.00
611,6.21
831,12.36
559,12.26
62,6.62
494,6.34
415,6.42
664,6.49
773,6.57
204,12.34
242,12.40
304,6.71
752,0.00
141,6.49
87,6.50
130,6.40
422,6.29
86,6.30
580,6.21
37,6.26
823,6.09
210,6.19
647,6.21
484,6.27
104,6.05
426,0.00
411,6.04
980,0.00
527,6.13
327,6.20
108,6.28
407,0.00
405,6.20
533,6.18
240,6.29
538,0.00
450,18.23
781,6.24
505,6.35
487,6.23
206,6.38
494,0.00
916,12.12
210,6.26
632,0.00
929,6.48
649,6.42
466,6.42
469,6.65
716,0.00
502,6.53
958,6.53
216,6.59
259,6.54
475,0.00
349,6.46
618,6.47
666,6.37
343,6.39
718,0.00
100,6.26
572,6.29
1,6.42
529,6.26
638,6.40
549,0.00
872,6.37
360,6.39
53,6.40
336,0.00
810,6.45
548,6.56
249,6.59
5,6.52
795,6.42
339,6.53
73,6.46
353,6.40
693,0.00
435,6.48
880,6.49
132,6.54
807,12.34
468,6.35
162,6.22
178,6.39
195,6.28
930,0.00
944,12.54
464,0.00
376,6.30
432,0.00
228,6.39
467,0.00
325,0.00
519,6.22
680,6.17
450,6.26
504,0.00
728,0.00
53,6.13
545,6.12
344,0.00
589,6.13
825,0.00
696,6.22
966,6.30
893,0.00
839,6.43
521,0.00
362,6.61
607,0.00
147,6.60
552,6.62
484,0.00
130,6.63
741,0.00
46,6.55
669,0.00
220,6.40
260,6.42
158,6.38
538,0.00
87,6.36
936,0.00
620,0.00
674,6.43
503,0.00
246,6.34
95,6.31
216,6.20
450,6.16
904,0.00
368,6.11
966,6.18
143,5.96
336,5.95
412,0.00
506,0.00
541,5.89
230,5.95
72,5.80
797,12.31
956,5.90
327,5.91
794,5.83
996,18.36
188,5.97
99,6.00
818,0.00
219,5.90
732,5.99
790,6.05
320,5.86
412,0.00
553,5.90
145,5.84
314,5.71
22,5.73
601,0.00
942,5.71
633,0.00
800,5.92
242,5.77
648,0.00
345,5.79
474,5.91
700,5.92
609,5.76
12,5.89
808,0.00
24,5.80
531,0.00
699,5.84
87,5.86
166,5.71
386,5.81
666,0.00
317,5.80
319,5.78
411,5.70
730,0.00
590,5.77
182,5.76
559,5.66
46,0.00
246,5.82
228,5.78
943,0.00
821,0.00
113,5.70
659,0.00
615,5.70
363,5.71
346,5.65
713,5.50
778,5.49
60,5.54
384,0.00
173,5.48
687,0.00
332,5.49
269,5.46
576,5.44
519,5.52
457,0.00
810,5.53
291,5.58
392,5.54
806,5.47
563,0.00
569,11.77
218,5.45
41,5.38
140,5.60
2,5.55
950,0.00
12,5.40
779,11.64
894,5.52
20,5.62
184,5.46
41,5.47
79,5.52
302,5.46
772,5.40
300,5.49
114,5.47
937,0.00
837,5.55
112,5.51
486,0.00
846,5.44
512,0.00
452,11.24
534,5.39
112,5.43
429,5.38
419,0.00
948,11.32
936,5.49
41,5.47
138,5.57
679,5.55
845,11.28
190,5.66
497,0.00
513,5.63
247,5.47
60,5.47
133,5.50
864,0.00
543,5.30
757,11.23
33,5.14
818,0.00
912,5.08
601,10.80
15,5.19
803,5.09
899,0.00
644,5.17
50,5.19
138,5.09
415,0.00
541,5.04
61,5.13
750,0.00
883,5.03
316,5.13
237,5.03
730,0.00
143,5.00
909,0.00
773,4.99
813,5.00
738,5.15
187,4.96
89,5.07
444,5.07
32,5.19
979,0.00
727,5.22
508,5.23
760,5.24
841,0.00
108,5.22
280,5.18
583,5.17
964,10.76
65,5.17
830,5.28
69,5.05
272,5.05
347,0.00
470,5.10
811,0.00
98,5.11
499,5.11
296,0.00
334,5.12
317,5.17
564,5.24
355,5.34
782,0.00
391,5.34
387,5.39
937,10.82
331,5.13
360,5.25
952,5.29
222,5.30
602,5.28
922,5.53
551,0.00
196,5.41
31,5.60
510,0.00
775,5.37
143,5.27
249,5.26
817,5.26
156,0.00
479,0.00
484,5.15
118,5.27
245,5.31
558,5.31
522,0.00
408,5.31
208,5.37
955,10.71
464,5.42
539,10.54
529,5.31
889,0.00
840,10.63
293,5.43
112,5.42
593,0.00
580,5.37
895,0.00
609,5.52
730,5.64
158,5.61
401,5.61
80,5.73
636,5.63
652,0.00
97,5.68
858,0.00
525,5.64
983,5.72
644,5.82
240,5.93
464,0.00
871,0.00
639,5.84
193,5.90
912,10.85
220,5.84
828,5.88
711,0.00
336,5.88
586,0.00
576,5.84
286,5.90
740,0.00
563,5.96
126,5.99
302,5.99
954,5.99
299,6.06
98,5.99
897,6.10
844,6.19
434,0.00
841,6.19
179,6.19
994,0.00
754,0.00
926,6.35
237,0.00
766,0.00
136,6.47
149,6.37
314,6.26
953,0.00
324,6.26
467,0.00
986,11.60
99,6.26
474,0.00
594,11.71
286,6.14
394,6.01
553,5.98
15,0.00
561,0.00
230,5.99
975,0.00
870,6.20
19,6.18
703,0.00
755,6.20
725,6.34
913,6.48
529,0.00
568,6.44
204,6.47
940,0.00
920,0.00
956,0.00
919,12.05
873,11.99
79,6.72
964,6.83
217,6.69
888,12.41
16,6.88
440,6.86
807,6.74
142,6.84
169,6.83
718,0.00
500,6.61
815,6.57
175,6.70
428,0.00
186,6.69
671,6.69
261,6.61
732,0.00
301,6.58
545,0.00
767,6.46
849,6.36
300,6.47
563,0.00
889,6.38
149,12.30
86,6.44
628,6.37
947,6.48
353,6.47
813,0.00
86,6.48
210,6.51
486,6.38
478,0.00
174,6.25
177,6.25
647,0.00
247,6.25
242,6.25
25,6.17
259,6.10
59,5.99
803,6.02
631,6.09
645,6.10
451,0.00
761,12.24
23,6.14
588,0.00
648,5.91
792,12.36
187,6.06
476,0.00
766,0.00
152,6.03
23,6.07
103,5.97
407,5.97
468,0.00
666,12.10
477,12.11
555,5.98
748,5.89
287,5.89
751,6.02
313,6.10
859,6.03
136,5.94
798,5.94
153,6.03
698,5.89
775,5.89
381,5.90
363,6.01
560,0.00
960,5.87
413,5.93
195,5.97
418,0.00
766,5.88
827,5.78
286,5.78
459,0.00
930,5.79
914,0.00
879,5.72
14,5.71
253,5.84
629,0.00
594,5.76
461,5.79
621,0.00
211,5.77
653,0.00
984,5.80
941,5.90
359,5.81
927,5.84
10,6.04
766,0.00
870,5.93
366,5.86
893,0.00
879,5.99
873,0.00
550,6.10
661,0.00
749,5.96
590,0.00
458,0.00
770,6.01
167,6.06
425,0.00
719,6.02
567,6.10
815,6.21
535,6.29
280,6.20
341,6.24
619,0.00
703,6.30
873,6.29
603,6.20
779,0.00
789,6.31
251,12.29
628,6.26
461,6.15
981,6.24
683,12.37
784,6.31
385,0.00
174,6.46
76,6.47
311,6.47
908,0.00
521,6.47
394,0.00
792,0.00
394,12.76
431,0.00
63,6.50
93,6.35
572,6.35
723,6.44
894,12.25
388,6.36
707,6.23
583,12.14
870,0.00
505,6.36
548,0.00
297,6.25
373,0.00
532,6.39
284,6.32
569,6.32
644,0.00
841,6.37
154,6.38
152,6.22
591,0.00
771,6.14
846,11.99
759,6.24
789,6.20
96,6.30
253,6.31
10,6.21
91,6.10
864,12.05
494,6.18
195,6.19
362,0.00
525,5.94
478,0.00
917,6.06
517,6.14
791,0.00
72,6.13
864,0.00
920,6.05
353,0.00
739,6.12
534,6.02
270,0.00
58,0.00
650,5.95
649,0.00
208,6.21
29,6.11
502,0.00
395,6.16
854,0.00
294,6.19
290,6.12
648,0.00
567,6.04
33,6.08
737,6.09
812,0.00
57,6.07
269,5.97
157,6.05
591,0.00
386,6.14
758,0.00
74,6.09
455,0.00
816,0.00
700,5.94
13,6.11
810,0.00
43,5.95
304,5.94
251,5.97
395,0.00
861,12.38
388,5.75
129,0.00
430,5.81
453,5.85
435,5.90
876,12.28
566,5.96
722,5.92
89,6.09
630,6.01
803,6.16
216,6.03
306,12.39
611,6.27
576,6.27
447,6.20
418,6.30
768,6.13
57,6.30
148,6.10
85,6.14
952,0.00
946,6.13
723,6.31
920,0.00
857,6.37
967,0.00
590,6.57
188,6.40
557,6.45
158,6.51
20,6.34
13,6.37
102,6.47
723,0.00
132,12.77
766,6.47
602,6.56
485,6.41
396,6.32
615,0.00
685,0.00
677,6.64
147,6.68
337,6.63
563,0.00
53,6.63
211,6.88
741,6.81
762,6.89
922,0.00
164,6.80
744,0.00
342,6.81
220,6.85
633,6.74
830,0.00
249,0.00
939,6.81
425,6.81
153,6.92
162,6.81
136,6.78
605,6.70
945,0.00
305,6.79
738,0.00
823,6.79
260,6.90
335,0.00
962,6.87
217,6.98
986,6.95
353,6.96
147,6.87
313,6.97
17,7.03
220,6.96
498,0.00
74,0.00
521,6.85
719,0.00
503,6.75
950,12.96
132,6.87
649,0.00
571,6.86
450,6.75
490,6.89
118,6.81
619,0.00
784,6.93
568,7.04
705,7.00
973,7.17
140,7.15
451,0.00
20,7.12
624,12.91
93,7.13
315,7.04
705,6.87
81,6.88
621,0.00
680,0.00
514,0.00
498,0.00
401,6.68
77,6.51
619,0.00
517,0.00
3,6.63
637,0.00
9,6.46
697,0.00
612,6.38
467,0.00
247,6.39
270,6.35
154,6.30
591,0.00
383,6.41
469,6.25
79,6.33
495,6.21
122,6.12
792,6.19
180,6.14
967,0.00
602,6.01
472,0.00
516,6.17
552,0.00
711,6.00
68,6.00
309,5.90
345,5.97
939,0.00
938,5.86
868,5.86
119,6.11
502,0.00
432,5.92
160,5.88
760,0.00
964,5.83
762,6.01
190,5.90
733,0.00
218,5.77
836,0.00
187,5.70
946,5.76
847,5.78
653,5.60
5,5.57
477,0.00
326,5.40
971,5.41
418,5.44
404,0.00
719,5.35
783,5.30
26,5.36
953,12.36
189,5.17
380,5.28
419,5.28
228,5.28
283,5.28
500,5.23
764,0.00
818,5.35
657,5.39
141,5.44
562,0.00
746,5.33
735,0.00
751,5.56
918,5.60
176,5.70
737,12.21
731,5.58
71,5.75
957,5.60
172,5.63
138,5.61
548,0.00
54,5.58
526,5.58
179,5.72
386,5.59
254,5.67
854,0.00
313,5.68
573,11.88
755,11.86
672,5.81
705,5.81
279,5.83
85,5.68
481,0.00
160,0.00
953,5.77
467,5.76
610,5.72
788,0.00
323,5.78
266,5.67
990,24.33
110,5.68
415,0.00
875,5.54
27,0.00
812,5.49
863,5.52
368,5.62
426,0.00
849,5.46
834,5.49
238,5.57
872,5.65
14,5.67
336,0.00
54,5.60
979,11.37
510,5.53
851,11.51
802,5.78
460,5.83
740,5.82
744,11.48
943,5.96
563,0.00
417,11.30
412,11.36
882,6.16
252,6.02
930,11.33
238,6.13
982,11.24
586,6.06
321,6.12
430,6.12
776,6.06
175,6.23
46,6.30
720,0.00
623,0.00
645,6.05
537,11.45
3,6.13
415,0.00
498,0.00
978,0.00
993,5.91
625,0.00
481,0.00
96,5.98
698,11.51
335,5.96
774,5.97
471,5.98
149,5.83
231,5.91
737,5.83
674,5.90
361,5.95
954,5.91
92,5.92
416,0.00
107,5.99
621,11.56
342,6.03
526,5.86
707,5.85
861,5.82
701,5.92
912,5.87
177,6.04
960,11.78
996,5.94
70,5.97
482,6.00
950,11.53
367,6.03
202,5.99
180,5.95
465,0.00
251,5.85
65,5.86
350,0.00
741,5.85
561,5.93
589,0.00
632,0.00
894,5.82
391,0.00
792,5.83
473,0.00
969,5.99
773,17.22
845,11.68
756,5.90
82,5.94
471,11.84
700,6.00
788,17.42
243,5.94
513,11.77
120,5.98
318,5.91
727,11.80
899,0.00
592,0.00
770,11.69
138,5.75
737,0.00
901,5.86
332,5.65
398,0.00
859,5.71
62,5.77
16,5.70
887,0.00
605,5.78
892,0.00
830,5.94
89,5.98
81,5.89
417,5.96
87,5.91
106,6.01
765,0.00
619,5.85
435,5.84
63,5.86
672,5.82
4,5.87
423,0.00
289,5.84
736,5.85
264,11.70
575,5.88
75,6.03
249,5.89
522,0.00
750,5.87
74,5.75
736,0.00
774,5.80
179,5.82
973,5.71
358,0.00
484,5.77
305,5.76
560,5.79
210,5.87
945,0.00
904,5.67
369,5.68
381,5.52
593,0.00
859,5.64
898,5.66
998,5.78
262,5.91
718,0.00
293,5.85
893,5.87
773,0.00
998,6.07
365,0.00
209,6.06
123,6.10
512,0.00
873,5.89
632,5.98
754,0.00
308,5.96
210,6.01
283,5.98
869,0.00
503,5.90
378,5.93
963,5.94
37,5.91
953,11.88
61,5.88
157,5.85
715,0.00
862,5.87
188,5.90
692,11.69
170,0.00
553,5.90
959,11.85
369,0.00
234,5.94
502,0.00
583,5.76
766,5.77
279,5.71
63,5.75
200,5.61
345,5.51
180,5.53
441,5.41
65,5.38
653,0.00
338,5.43
77,5.24
8,5.25
67,5.22
610,0.00
217,5.30
120,5.21
197,5.21
941,5.15
386,0.00
4,5.31
356,5.24
205,0.00
59,5.33
132,5.25
494,5.19
745,0.00
783,5.27
682,0.00
757,5.39
99,5.44
372,0.00
901,5.16
271,5.23
762,0.00
154,5.29
332,5.25
277,5.26
856,5.30
499,5.31
34,5.35
101,5.31
835,5.22
922,5.13
828,5.13
983,5.10
727,5.06
229,5.22
283,5.25
543,0.00
343,5.08
654,0.00
747,4.99
533,0.00
511,5.19
609,0.00
715,5.20
1,5.28
139,5.19
509,0.00
382,5.11
698,0.00
763,5.04
204,5.09
449,5.15
70,5.21
921,0.00
778,0.00
610,5.13
365,5.01
550,5.08
898,0.00
674,11.16
261,5.27
317,11.17
548,5.23
226,5.07
433,5.08
377,5.13
382,10.66
523,10.69
875,5.21
771,5.22
784,5.14
796,16.56
683,10.71
973,5.44
58,5.37
732,5.34
651,5.40
186,5.49
185,5.52
585,0.00
863,5.57
470,0.00
580,5.59
206,5.65
274,5.64
176,5.64
413,0.00
324,5.59
168,5.50
865,0.00
719,5.60
539,5.69
667,0.00
474,5.64
484,5.66
971,5.81
124,5.80
542,5.84
507,5.93
790,0.00
609,0.00
989,11.20
330,5.86
621,0.00
237,11.12
886,5.95
541,5.96
471,5.89
660,6.06
490,0.00
585,5.98
495,0.00
619,5.91
570,0.00
445,5.95
54,6.00
756,0.00
265,5.81
456,0.00
798,5.81
773,0.00
769,5.81
280,5.93
833,0.00
65,6.03
979,0.00
690,6.06
66,6.10
4,6.06
370,0.00
803,5.95
775,6.06
163,0.00
869,11.09
432,6.08
289,6.09
40,6.17
215,6.10
803,0.00
312,6.08
833,0.00
588,0.00
329,11.34
977,6.14
382,0.00
499,6.10
919,17.67
484,11.60
642,6.62
154,6.29
112,6.35
307,6.37
776,6.50
858,11.54
944,0.00
570,11.86
879,11.85
41,6.58
371,11.87
419,6.53
219,6.64
90,6.50
450,6.49
608,6.45
126,6.58
145,6.49
917,0.00
589,6.45
345,6.47
897,6.30
663,6.41
416,6.52
629,0.00
469,6.63
828,6.46
439,6.58
803,6.45
187,6.51
741,0.00
115,6.49
362,6.41
197,6.38
868,6.30
187,0.00
501,6.37
595,0.00
629,6.32
620,0.00
533,0.00
329,6.30
113,6.21
972,6.05
364,6.18
176,6.08
230,0.00
799,5.98
489,0.00
992,6.01
178,6.09
749,0.00
284,6.19
81,6.22
715,6.13
579,0.00
359,5.99
283,0.00
945,5.92
707,0.00
857,0.00
451,5.92
19,5.99
588,0.00
270,5.94
177,5.94
380,5.89
723,11.92
902,5.96
84,5.84
129,5.74
237,5.72
524,5.81
45,5.79
445,11.90
960,5.76
101,5.63
619,0.00
495,5.61
259,5.63
346,5.68
135,5.64
824,12.05
717,5.61
502,5.62
227,5.63
801,0.00
141,5.39
512,5.42
399,5.42
630,0.00
410,5.46
648,0.00
747,0.00
795,5.48
325,5.49
24,5.50
742,5.51
976,5.55
208,5.58
663,5.64
876,11.97
799,5.75
317,5.60
304,5.48
153,5.60
312,5.57
875,5.54
543,5.59
617,5.60
336,5.54
218,5.44
911,5.51
759,5.61
223,5.49
787,11.93
746,5.71
834,5.54
504,5.55
349,5.73
851,0.00
324,5.70
902,5.70
785,11.77
963,5.86
248,5.87
363,5.81
512,5.77
283,5.88
70,5.79
118,5.78
712,0.00
643,5.77
878,5.81
766,5.79
137,5.84
208,5.82
706,5.78
206,5.79
170,5.79
51,5.72
667,0.00
428,5.75
440,5.76
69,5.82
780,0.00
48,5.85
764,5.85
95,5.91
541,0.00
833,5.78
129,5.75
160,5.75
683,5.76
546,5.82
433,5.82
900,11.40
395,0.00
785,5.79
728,0.00
938,5.86
327,6.01
564,0.00
265,6.03
541,0.00
228,5.99
439,5.96
88,6.05
363,5.98
473,0.00
233,5.94
247,5.96
791,0.00
664,5.85
878,5.93
559,6.05
22,5.93
309,5.91
975,5.88
8,5.93
75,5.84
294,5.85
566,11.53
53,5.78
20,5.72
658,0.00
260,5.81
659,0.00
885,5.65
191,5.87
406,11.34
544,5.91
634,0.00
908,5.93
180,6.06
479,0.00
800,5.91
276,5.90
685,6.03
749,11.50
620,5.95
667,6.09
678,5.91
408,5.83
20,5.95
278,5.85
584,5.89
63,5.97
906,0.00
230,5.85
810,5.86
399,0.00
456,0.00
895,5.64
508,0.00
378,5.62
929,5.66
262,5.78
491,0.00
249,5.76
790,5.75
32,5.82
874,5.75
811,0.00
986,11.62
941,5.83
552,5.88
216,6.01
475,5.94
157,6.07
767,0.00
1000,6.15
945,6.08
455,0.00
528,0.00
778,6.11
123,6.13
624,0.00
184,6.10
10,6.19
388,6.02
433,5.88
210,6.00
475,5.84
41,0.00
227,5.85
461,5.83
164,5.91
814,0.00
159,5.88
635,11.87
196,5.86
133,5.97
316,5.83
711,0.00
335,5.76
886,0.00
4,5.88
489,0.00
768,5.78
729,5.91
597,5.91
513,5.96
737,0.00
48,6.09
737,0.00
914,5.89
357,5.85
646,5.94
687,5.82
491,5.92
175,5.90
79,5.88
683,0.00
856,11.87
677,5.81
75,5.66
593,5.68
884,5.68
480,5.75
146,5.76
553,0.00
339,0.00
191,5.74
606,0.00
341,5.68
220,5.68
333,0.00
768,11.52
772,5.79
407,5.79
381,0.00
503,0.00
966,5.86
289,5.95
345,5.82
483,0.00
143,5.93
751,0.00
792,5.87
217,5.93
925,0.00
929,5.93
429,6.03
678,6.22
935,0.00
96,6.19
269,6.05
427,0.00
643,5.96
513,5.90
452,0.00
492,6.02
972,0.00
731,6.04
203,6.09
408,12.39
982,6.27
322,6.05
203,6.12
62,6.12
625,6.00
877,0.00
143,6.12
839,12.00
570,6.15
385,0.00
720,0.00
891,12.21
648,12.31
648,12.19
652,6.36
187,6.35
10,6.44
538,6.33
425,6.20
2,6.26
878,6.09
394,0.00
885,6.19
975,12.08
330,0.00
493,6.42
311,6.52
211,6.27
654,0.00
481,6.24
820,0.00
181,6.28
77,6.32
754,6.22
758,6.26
510,6.32
251,6.16
328,6.29
725,6.22
34,6.30
94,6.24
656,6.24
257,6.25
314,6.25
837,0.00
546,0.00
874,6.23
734,6.37
481,6.22
145,6.39
532,6.31
375,6.37
713,6.38
787,12.15
663,6.38
257,6.55
444,0.00
767,6.46
158,6.57
567,0.00
356,6.46
766,6.36
40,6.47
506,6.36
199,6.36
83,6.34
867,6.21
78,6.32
434,0.00
869,12.16
242,6.18
319,0.00
308,5.95
167,5.86
53,5.87
458,0.00
683,5.97
111,5.98
39,5.84
966,0.00
604,0.00
585,5.80
548,11.92
798,5.79
685,5.82
949,5.94
562,5.85
227,5.98
848,5.98
813,5.99
220,5.97
147,5.92
225,5.84
101,5.86
410,0.00
868,5.74
82,5.74
375,0.00
829,5.60
367,0.00
442,0.00
299,5.82
532,0.00
665,5.77
643,5.82
397,11.94
40,5.78
346,5.70
302,5.70
324,5.67
180,5.67
915,0.00
180,5.75
322,5.69
583,0.00
763,0.00
763,5.74
131,5.86
313,5.80
764,5.81
578,5.89
863,5.86
834,0.00
589,5.83
587,5.99
717,0.00
518,6.10
219,6.11
443,0.00
697,12.27
305,12.22
139,6.06
191,5.93
460,6.21
262,6.05
964,5.88
645,0.00
608,6.10
94,6.22
873,0.00
388,0.00
689,6.09
111,6.15
252,6.12
906,5.91
234,5.98
764,0.00
592,5.96
104,5.98
469,0.00
479,5.88
850,0.00
604,6.05
174,6.05
492,6.12
4,6.23
376,0.00
866,6.14
635,6.15
356,6.24
929,6.26
921,6.36
306,6.18
981,6.21
241,6.33
892,0.00
97,6.30
768,0.00
760,12.20
251,6.38
465,6.46
147,6.31
795,12.11
702,6.25
794,6.41
68,6.36
841,6.41
58,6.45
383,0.00
436,6.36
781,6.30
654,0.00
967,6.47
256,6.48
748,12.12
227,6.61
136,6.45
555,6.45
438,0.00
838,0.00
497,0.00
314,6.52
483,0.00
201,6.59
108,6.49
614,0.00
58,6.57
58,6.48
224,0.00
197,6.48
607,0.00
32,6.38
777,6.31
881,6.36
700,6.36
610,6.48
583,6.36
127,6.28
352,6.31
561,0.00
904,0.00
118,6.20
279,6.28
2,6.15
311,6.14
928,0.00
854,0.00
907,6.23
447,0.00
401,6.09
936,6.06
190,6.18
801,0.00
699,0.00
971,24.45
186,6.21
566,6.00
950,6.13
816,6.13
472,6.18
316,6.22
122,6.28
909,0.00
387,0.00
703,0.00
460,6.09
110,6.14
424,0.00
885,0.00
933,6.09
255,6.07
35,5.97
924,5.86
348,0.00
79,5.88
296,5.88
47,5.83
718,0.00
984,5.81
142,12.14
557,5.88
780,0.00
860,5.76
259,5.86
665,12.18
746,5.76
122,5.72
532,5.81
395,0.00
979,5.76
282,12.18
702,5.80
325,5.81
285,12.23
515,5.81
133,5.74
22,5.82
205,5.65
168,5.63
429,5.50
114,5.54
440,5.46
898,5.40
619,5.41
287,5.53
641,0.00
553,5.55
223,5.51
898,5.50
726,5.51
349,5.40
951,11.46
493,5.40
312,5.47
461,0.00
195,5.37
175,5.42
375,5.42
579,5.30
690,0.00
69,5.24
194,5.28
369,0.00
185,5.20
247,5.08
138,5.11
451,0.00
457,0.00
668,5.06
391,5.09
822,11.14
824,5.15
626,0.00
196,5.04
16,5.07
253,5.00
185,5.01
538,4.92
967,0.00
471,5.00
734,0.00
366,5.10
934,5.10
25,5.30
683,0.00
831,5.17
290,5.18
828,11.22
903,5.22
866,11.56
54,5.46
401,5.26
419,0.00
6,5.35
495,0.00
696,5.39
902,5.25
211,5.26
413,0.00
709,5.10
77,5.20
198,10.94
719,5.35
35,5.36
196,0.00
222,5.27
420,5.17
333,5.24
885,0.00
21,5.16
219,5.23
465,0.00
453,0.00
463,10.85
962,11.00
603,5.34
586,5.45
552,5.52
878,5.59
359,5.59
872,5.62
757,11.02
27,5.55
384,5.58
936,0.00
600,5.56
71,5.63
773,5.65
742,11.07
974,11.08
88,5.71
696,5.79
695,5.81
28,5.75
755,0.00
101,5.68
758,0.00
184,5.83
581,11.03
322,5.90
62,5.88
81,5.83
244,5.86
40,5.70
313,5.70
370,5.67
202,5.77
751,0.00
551,0.00
536,10.82
557,5.66
589,5.71
903,5.52
255,0.00
684,10.72
857,5.74
815,5.79
224,5.84
931,5.83
770,5.98
239,6.08
86,5.95
634,0.00
384,0.00
60,5.88
1000,5.69
781,0.00
645,5.82
441,5.90
560,11.01
542,5.81
133,5.69
977,0.00
1,5.73
838,0.00
130,5.63
601,0.00
858,5.75
110,5.72
334,0.00
301,5.79
142,5.81
845,0.00
603,5.60
814,5.66
436,5.74
704,5.87
80,5.88
871,0.00
949,5.81
39,5.92
293,5.98
646,5.92
313,5.79
642,0.00
361,5.70
620,0.00
645,0.00
934,11.25
719,11.35
874,11.35
272,5.75
214,5.69
690,0.00
116,5.84
493,0.00
462,5.81
833,11.47
909,5.93
417,5.93
14,5.94
868,16.90
699,6.05
431,11.50
447,5.96
92,5.81
868,0.00
436,5.93
821,11.75
216,5.97
299,0.00
512,0.00
366,5.89
410,5.97
679,6.02
152,6.11
820,0.00
638,6.23
743,6.13
900,6.18
871,0.00
521,0.00
503,0.00
186,6.48
522,0.00
828,0.00
869,0.00
698,0.00
639,6.25
826,6.16
316,6.17
70,6.22
930,0.00
19,6.31
33,6.31
434,6.10
192,6.10
702,6.03
894,6.12
910,6.26
684,6.18
126,6.14
258,6.20
475,6.16
642,6.15
401,0.00
800,12.00
282,6.08
844,6.25
550,6.23
258,6.25
956,0.00
727,11.95
990,6.30
795,0.00
654,0.00
872,12.08
788,6.18
108,6.25
175,6.07
280,0.00
151,6.26
43,6.19
957,11.87
746,11.83
869,6.21
264,6.11
429,11.77
248,6.18
353,6.10
467,5.89
731,5.92
362,6.02
5,5.97
284,5.87
280,5.86
952,11.79
376,5.95
434,0.00
299,5.67
237,5.81
286,5.72
484,0.00
215,5.65
966,5.65
750,0.00
647,0.00
938,0.00
603,5.71
983,5.67
6,5.68
93,0.00
761,5.73
355,5.59
281,5.64
311,5.61
589,0.00
456,5.43
733,5.53
105,5.71
605,0.00
534,5.52
258,5.59
382,0.00
552,5.56
156,5.55
963,0.00
72,5.56
895,0.00
521,5.53
418,0.00
936,5.63
80,5.82
782,5.82
624,11.92
894,0.00
671,5.68
210,5.61
660,5.69
241,5.78
6,5.64
552,0.00
609,11.90
884,23.03
383,0.00
594,5.79
491,11.92
616,5.84
248,5.69
196,5.69
225,5.64
621,0.00
878,11.86
619,5.67
711,5.72
825,11.85
278,5.70
395,5.52
232,5.52
831,11.68
229,5.55
720,5.49
461,5.50
277,0.00
764,5.51
614,5.52
263,5.49
665,5.50
917,0.00
946,11.48
192,5.65
516,0.00
431,5.89
142,5.83
664,5.77
849,11.46
370,5.74
585,5.83
814,5.89
943,5.90
244,5.83
194,5.86
799,0.00
729,5.78
426,5.85
712,0.00
419,6.04
803,0.00
847,5.93
321,0.00
367,11.46
600,6.10
504,6.11
503,0.00
649,5.94
627,0.00
544,6.06
929,0.00
191,6.15
207,6.15
750,0.00
943,6.16
44,6.28
53,6.15
968,0.00
666,0.00
957,0.00
592,6.11
805,6.21
631,6.18
667,6.18
98,6.26
862,6.16
833,0.00
686,6.18
104,6.10
424,0.00
974,11.93
998,24.10
977,6.34
33,6.44
84,6.44
233,6.29
845,6.33
180,6.43
698,6.23
564,6.34
246,6.38
437,6.37
599,6.48
191,6.36
497,0.00
945,18.12
783,11.97
818,0.00
353,6.44
183,6.39
822,6.34
524,6.36
186,11.79
864,6.54
840,0.00
520,6.56
742,12.15
168,6.71
605,0.00
750,6.62
824,0.00
663,12.34
652,6.72
226,6.60
564,0.00
854,0.00
646,12.52
878,6.65
314,6.78
244,6.66
943,0.00
4,6.73
692,0.00
948,6.58
897,6.68
384,6.60
625,6.52
432,6.42
502,0.00
221,6.49
29,6.51
655,6.34
383,0.00
702,6.36
300,6.38
691,0.00
63,6.20
855,0.00
858,6.08
276,6.18
838,0.00
780,6.07
692,6.11
446,6.15
967,6.12
752,0.00
695,6.00
606,5.93
573,6.16
939,6.18
678,12.29
565,6.10
399,0.00
281,5.91
83,5.83
218,5.73
833,0.00
690,0.00
351,5.83
863,0.00
491,5.89
41,5.90
73,5.85
967,0.00
240,5.93
786,5.84
131,0.00
829,17.89
785,12.27
228,5.80
809,12.16
193,5.93
852,5.91
16,6.02
853,0.00
121,6.07
728,12.53
91,6.01
328,5.87
362,5.90
795,0.00
638,12.33
909,5.73
397,5.73
756,0.00
733,5.76
908,5.79
69,5.92
950,5.90
938,5.80
642,0.00
479,5.66
125,5.63
747,5.66
223,5.76
550,5.63
908,5.68
130,5.72
880,5.72
376,0.00
915,0.00
776,5.78
249,5.76
154,5.85
425,0.00
875,5.81
707,5.80
944,5.90
870,6.03
44,6.08
539,6.00
350,0.00
469,0.00
244,5.94
287,5.92
922,12.09
813,6.00
678,5.90
799,5.90
357,5.96
398,5.80
992,0.00
681,12.05
727,6.04
579,6.10
896,12.03
956,6.05
234,6.12
629,6.02
862,6.12
90,6.25
149,6.25
343,6.18
828,0.00
298,6.21
734,0.00
65,6.04
427,6.04
512,6.04
820,0.00
974,6.11
810,0.00
280,6.36
897,6.42
984,18.67
66,6.56
288,0.00
138,6.47
782,6.36
457,0.00
651,6.31
195,6.44
629,0.00
187,6.45
527,6.35
699,0.00
380,6.57
268,6.41
104,6.50
533,6.36
684,0.00
363,12.06
675,0.00
224,6.18
857,6.45
888,6.30
848,0.00
546,6.35
613,6.28
844,6.38
51,6.40
991,0.00
497,0.00
539,6.36
2,6.42
966,0.00
380,6.47
168,6.38
310,6.30
332,6.27
34,6.29
180,6.11
304,6.15
767,6.15
727,6.07
123,5.95
277,5.93
817,5.91
158,0.00
55,6.03
132,5.98
958,0.00
372,6.01
687,0.00
583,11.99
754,6.06
892,24.28
23,6.14
901,6.04
110,5.89
791,5.85
455,5.91
934,6.01
72,5.93
932,11.93
801,0.00
863,12.03
277,5.80
615,5.75
362,5.80
865,5.93
11,6.02
653,5.81
582,0.00
1000,5.92
78,5.91
684,0.00
69,12.15
775,24.33
203,5.74
113,0.00
396,5.46
388,0.00
114,5.52
840,5.38
232,0.00
441,0.00
667,5.44
812,17.60
316,5.58
339,5.40
237,5.55
174,5.47
969,5.47
478,0.00
343,5.49
699,11.83
335,5.72
501,0.00
958,5.53
868,5.57
418,5.41
60,5.46
766,0.00
344,5.24
845,11.70
10,5.29
126,5.24
347,5.18
500,0.00
182,5.22
493,0.00
811,5.24
535,5.23
431,5.31
138,5.47
629,0.00
894,11.48
876,5.53
406,0.00
634,5.55
606,0.00
707,5.57
817,5.63
305,5.72
230,5.60
33,5.64
87,5.56
462,0.00
799,11.58
390,5.44
950,0.00
772,5.54
727,5.56
346,5.53
778,0.00
567,11.64
242,5.61
981,0.00
981,17.63
554,11.65
441,5.85
698,5.96
306,11.62
921,5.82
702,5.87
814,5.88
21,5.88
915,5.79
26,5.80
431,0.00
34,5.71
730,0.00
693,5.74
702,5.77
272,5.87
578,5.95
958,0.00
132,6.02
831,11.50
857,6.03
43,6.13
937,6.08
939,6.17
286,6.26
561,6.11
188,6.34
55,6.31
573,0.00
784,6.20
147,6.05
841,6.16
425,6.20
175,6.20
903,6.00
246,6.11
787,0.00
978,11.64
918,6.15
733,6.16
521,6.24
68,6.10
791,6.24
629,6.38
419,17.96
430,11.82
300,6.36
256,6.35
901,0.00
947,6.47
574,6.39
992,6.39
45,6.47
609,0.00
360,6.33
428,0.00
888,6.40
494,6.32
708,6.28
76,6.38
204,6.25
975,0.00
534,6.18
519,0.00
13,6.28
952,6.27
6,6.39
956,6.32
179,6.33
942,17.94
657,11.83
126,6.53
332,6.42
423,0.00
717,6.31
223,6.28
986,0.00
734,6.15
324,6.15
332,11.92
160,11.88
88,6.02
271,11.79
956,5.94
77,5.96
284,5.91
327,0.00
437,5.76
448,5.84
93,5.81
173,5.87
632,0.00
39,5.73
312,5.63
70,5.55
906,17.02
152,5.61
471,0.00
651,0.00
928,0.00
131,5.54
176,5.48
538,0.00
825,5.43
302,5.30
649,5.29
414,0.00
966,5.38
85,5.39
183,5.47
426,5.34
813,0.00
389,5.50
911,0.00
409,5.52
365,5.62
531,0.00
938,23.49
364,5.46
461,11.81
713,5.59
419,5.45
568,5.50
264,5.40
454,5.43
977,0.00
769,5.37
531,0.00
539,5.47
857,5.47
916,5.52
230,5.59
455,0.00
497,5.56
225,5.57
863,5.56
823,0.00
64,5.50
69,5.49
257,0.00
56,5.50
68,5.41
953,0.00
378,5.38
514,5.39
273,5.41
29,5.45
113,5.46
371,0.00
937,0.00
848,5.36
107,5.26
866,0.00
690,5.20
353,5.22
549,0.00
289,5.52
766,0.00
681,11.62
729,5.47
418,11.64
2,5.63
734,0.00
709,5.75
94,5.53
117,5.52
526,0.00
501,5.53
305,5.53
775,0.00
235,5.63
574,5.68
262,5.71
762,5.71
212,5.82
395,5.78
262,0.00
768,5.83
42,5.88
104,5.74
870,0.00
315,5.74
808,5.72
161,5.87
902,0.00
988,5.87
580,5.90
89,5.92
922,11.20
621,5.87
362,5.80
360,5.87
367,5.65
652,0.00
410,5.69
745,0.00
903,11.25
217,5.66
353,11.30
877,5.80
266,5.81
509,5.76
913,5.71
358,5.78
126,5.79
80,5.67
589,0.00
324,5.64
903,5.63
660,5.41
709,0.00
660,5.59
940,11.27
545,5.70
445,0.00
647,5.77
376,5.79
37,5.87
243,5.87
911,0.00
555,0.00
666,5.87
120,5.92
433,0.00
1,5.87
627,5.86
406,5.86
693,0.00
351,5.96
947,11.38
869,6.01
281,6.01
4,6.05
491,0.00
141,5.75
470,0.00
127,5.78
126,11.25
768,11.20
911,11.28
339,5.87
227,5.66
314,11.23
478,5.78
384,5.79
449,0.00
803,11.38
893,5.85
724,0.00
718,5.71
836,0.00
654,5.85
19,5.95
926,5.82
971,0.00
669,5.91
773,0.00
671,0.00
731,5.97
793,0.00
525,6.18
119,6.16
770,6.17
281,6.17
576,0.00
909,0.00
577,12.29
746,6.32
375,0.00
793,6.37
763,6.41
71,6.59
87,6.46
376,0.00
98,6.43
463,6.45
723,6.46
337,6.20
706,6.38
761,12.02
28,6.26
314,12.01
784,6.19
905,6.31
383,0.00
829,6.43
303,6.45
688,6.49
255,6.55
115,6.41
820,0.00
866,6.25
754,0.00
25,6.21
463,0.00
185,6.23
197,6.15
152,0.00
733,6.15
292,6.28
692,0.00
897,6.19
237,6.22
569,0.00
117,6.20
62,6.23
753,0.00
514,0.00
711,12.07
661,6.06
555,5.97
167,6.02
426,6.01
166,6.15
536,6.02
180,6.10
258,6.10
617,6.02
287,6.05
563,6.06
41,5.90
186,5.89
940,11.70
520,5.98
400,5.94
263,6.05
130,5.89
363,5.87
107,5.71
533,0.00
934,0.00
899,5.76
78,5.74
153,11.57
521,5.70
404,5.54
11,5.70
227,5.56
768,0.00
309,5.34
652,0.00
872,0.00
241,5.39
390,5.28
375,11.65
434,5.30
456,0.00
816,11.65
383,5.24
27,5.29
669,0.00
321,5.13
9,5.12
103,5.14
318,5.14
589,5.14
166,5.14
843,11.39
242,5.20
509,0.00
854,5.09
252,5.10
976,11.51
937,5.12
311,5.23
155,5.25
919,0.00
406,5.21
95,5.20
949,0.00
618,5.22
17,5.32
912,5.24
643,0.00
442,5.33
896,5.19
683,5.26
244,5.26
145,0.00
200,5.44
631,5.30
664,0.00
729,5.29
672,0.00
990,5.40
769,5.49
151,5.64
453,0.00
656,5.51
920,5.61
700,11.64
373,5.71
19,5.70
91,5.66
864,0.00
358,5.67
52,5.77
978,5.68
140,0.00
964,5.79
89,5.80
814,11.96
542,5.89
949,6.01
950,12.25
584,6.23
264,5.96
904,12.14
169,6.09
475,0.00
865,6.12
319,6.11
60,6.15
47,6.28
471,0.00
821,0.00
839,0.00
584,11.95
298,6.18
330,6.04
740,6.03
202,6.14
576,6.12
135,0.00
819,0.00
718,11.65
932,0.00
8,6.13
531,6.13
25,6.26
109,6.12
90,0.00
934,6.07
231,6.07
900,0.00
302,6.19
95,6.21
6,6.23
995,0.00
521,6.28
657,6.42
211,6.35
51,6.35
380,0.00
481,6.43
682,17.68
428,6.53
337,6.30
189,11.40
657,6.30
105,6.25
43,6.01
420,0.00
714,6.04
217,6.11
823,0.00
149,5.98
908,5.98
917,6.04
390,6.17
851,0.00
546,6.08
492,0.00
609,6.10
94,6.17
537,0.00
827,6.07
213,6.19
276,6.11
432,0.00
812,11.52
78,5.96
191,5.98
537,0.00
421,5.92
361,5.91
387,5.88
606,5.77
731,5.88
89,5.96
255,5.84
554,5.74
216,0.00
818,5.73
677,5.84
940,5.85
847,11.73
393,11.67
762,5.60
461,5.73
416,5.74
283,5.55
694,5.91
99,5.67
245,5.63
7,5.67
270,5.66
633,5.53
371,0.00
468,5.50
328,5.68
90,5.67
683,0.00
2,5.62
787,5.61
465,5.67
897,5.72
581,5.63
307,0.00
975,5.65
606,5.66
61,5.60
550,5.54
437,5.62
740,5.62
193,5.70
826,0.00
434,5.58
931,0.00
697,5.77
417,0.00
583,5.61
250,5.76
12,5.76
109,5.67
189,0.00
718,5.72
795,5.81
16,5.82
161,5.77
697,5.78
599,5.74
671,5.85
349,5.92
480,0.00
151,5.84
703,0.00
38,5.83
265,5.83
193,5.84
398,0.00
178,5.60
691,0.00
305,5.61
580,0.00
605,0.00
439,5.44
454,0.00
415,0.00
251,5.42
252,5.44
825,5.44
35,5.38
103,5.38
517,5.35
889,0.00
373,5.34
343,5.49
782,0.00
121,5.49
903,5.44
620,0.00
635,5.61
330,5.65
65,5.60
606,5.60
936,5.61
178,5.68
759,11.22
282,5.48
577,17.48
168,5.65
256,5.54
445,5.62
821,5.62
687,29.33
234,5.62
325,0.00
52,0.00
297,5.64
23,5.60
161,5.63
833,5.62
125,5.74
317,5.80
328,5.64
785,5.57
484,0.00
932,0.00
115,5.73
982,0.00
355,5.68
909,5.54
446,11.31
866,0.00
191,5.72
418,5.68
883,5.70
96,5.71
527,0.00
471,5.62
697,5.68
401,5.70
556,0.00
878,5.59
215,5.50
244,5.50
297,0.00
481,5.69
237,5.63
739,5.52
576,0.00
635,0.00
916,5.63
471,0.00
928,11.51
802,11.61
300,5.81
232,0.00
932,0.00
674,5.79
497,0.00
437,5.94
535,5.96
726,6.02
728,0.00
560,6.11
39,6.24
341,6.10
109,0.00
20,6.18
603,0.00
809,6.10
731,6.10
63,6.19
607,6.25
926,0.00
381,6.29
473,0.00
430,6.35
627,6.42
114,6.42
442,6.44
121,6.52
554,6.51
953,6.51
11,6.49
535,6.31
806,0.00
423,0.00
828,0.00
52,6.32
557,6.26
9,6.32
733,0.00
624,11.95
243,6.35
226,6.22
507,0.00
50,6.15
598,0.00
502,0.00
843,0.00
453,6.13
234,6.29
746,6.27
891,6.28
196,6.34
998,0.00
544,0.00
917,6.27
331,0.00
321,6.45
796,6.27
540,0.00
544,6.31
85,6.31
210,6.23
477,5.98
670,0.00
559,6.19
695,6.07
279,6.24
966,0.00
398,6.29
218,6.22
291,6.30
914,0.00
607,6.39
813,6.31
541,17.56
255,6.34
352,6.33
522,6.33
834,6.31
57,6.43
179,6.26
648,6.33
406,6.33
771,6.45
856,6.18
130,6.20
351,6.07
36,5.99
243,5.90
677,0.00
141,5.91
299,5.92
684,0.00
535,5.74
609,5.77
951,0.00
731,5.95
685,6.02
572,0.00
654,5.83
287,5.93
360,5.81
665,0.00
33,5.75
932,0.00
993,0.00
37,5.89
345,5.95
376,12.24
802,5.97
698,5.96
970,12.39
485,6.08
542,0.00
472,0.00
320,5.91
995,0.00
515,0.00
853,12.56
306,0.00
799,6.17
362,6.14
623,0.00
905,12.35
551,6.08
983,6.21
324,12.41
357,6.36
218,6.13
185,0.00
927,6.10
754,6.08
198,6.20
882,6.12
687,6.25
523,0.00
767,6.20
215,6.33
940,0.00
598,6.44
748,6.43
409,6.44
124,6.49
394,0.00
894,12.50
548,6.37
620,12.68
102,6.50
136,6.38
672,0.00
330,6.31
429,6.41
922,6.33
428,0.00
602,6.35
86,6.42
840,0.00
347,6.41
242,6.33
707,0.00
360,0.00
781,6.40
345,6.40
858,6.35
730,6.35
876,6.30
615,18.16
783,6.44
183,6.44
710,0.00
25,6.26
5,6.39
673,0.00
851,6.41
797,6.52
714,0.00
430,6.66
777,6.55
23,6.71
633,0.00
599,6.50
890,0.00
500,6.58
184,6.48
287,6.48
480,0.00
525,6.51
669,6.45
239,6.57
275,6.43
390,0.00
347,6.34
133,6.36
640,0.00
930,0.00
304,6.20
349,12.19
618,6.19
75,6.24
683,6.09
859,0.00
893,6.17
67,6.22
906,12.23
810,6.28
471,0.00
920,6.12
673,0.00
867,6.18
711,6.19
243,6.22
469,0.00
491,0.00
398,6.13
415,0.00
474,0.00
405,0.00
386,0.00
936,6.08
517,0.00
454,5.97
537,0.00
279,5.90
823,0.00
918,0.00
321,6.06
33,5.95
488,5.96
949,24.36
685,6.06
183,5.88
66,5.95
496,0.00
660,5.90
560,5.90
508,0.00
804,5.94
480,0.00
771,5.84
26,5.89
232,5.82
975,0.00
49,5.85
767,5.82
437,5.91
605,5.92
408,0.00
908,5.76
771,0.00
6,5.87
147,5.85
552,0.00
168,5.71
628,0.00
917,5.56
741,5.61
692,5.55
467,5.59
820,0.00
754,5.47
34,5.53
17,5.59
638,0.00
949,5.55
172,5.63
371,5.52
414,0.00
79,5.54
331,5.51
165,5.51
121,5.41
828,5.39
401,5.45
667,0.00
796,5.44
84,5.57
996,0.00
573,5.41
211,5.48
622,11.71
396,11.61
717,5.52
585,5.63
191,5.47
279,5.38
184,0.00
839,11.69
237,5.56
716,5.53
605,5.36
869,5.45
745,5.49
96,5.46
707,5.43
568,0.00
598,5.48
806,5.49
23,5.65
893,5.49
193,5.51
85,5.49
425,5.44
299,0.00
390,11.47
564,5.69
820,0.00
422,5.55
410,0.00
75,5.50
421,0.00
49,5.60
570,5.56
196,5.62
671,0.00
133,5.58
580,0.00
599,5.59
327,5.58
603,5.54
603,5.50
968,0.00
973,5.57
55,5.65
192,5.79
610,0.00
74,5.82
272,5.73
866,5.73
658,11.47
190,5.86
198,0.00
391,5.76
817,5.77
195,5.81
505,0.00
12,5.67
727,5.68
429,0.00
490,5.72
366,0.00
649,5.63
278,5.59
786,0.00
421,5.69
129,5.71
746,5.65
764,0.00
816,5.65
267,5.72
132,5.67
841,5.67
487,0.00
591,5.80
127,5.81
508,0.00
899,5.83
326,5.78
357,0.00
2,5.68
53,5.69
868,0.00
771,5.66
378,0.00
554,5.73
569,5.61
268,0.00
614,23.62
481,5.68
856,5.74
759,5.67
720,5.78
534,11.08
805,5.84
517,5.85
343,0.00
785,5.75
765,5.74
744,0.00
352,5.71
429,0.00
299,5.78
919,0.00
836,5.86
162,5.95
903,6.00
355,5.81
555,0.00
740,5.82
923,5.92
543,0.00
98,5.98
640,0.00
423,6.09
920,6.03
132,0.00
360,0.00
735,5.86
607,5.87
60,5.89
860,0.00
775,5.66
215,5.66
963,5.66
693,5.71
325,5.67
680,11.53
619,5.88
187,5.79
876,5.84
994,0.00
173,6.04
608,0.00
138,5.97
748,6.00
340,6.02
234,6.03
768,0.00
766,6.05
211,5.90
399,0.00
431,5.85
388,5.96
173,6.03
564,0.00
604,5.97
236,6.10
212,6.15
482,0.00
350,6.09
834,6.03
513,0.00
479,0.00
890,6.14
682,6.21
120,6.45
331,6.43
948,6.41
60,6.43
639,6.32
821,0.00
866,6.47
840,6.66
529,6.62
411,6.57
91,6.38
299,6.33
739,0.00
923,0.00
596,6.21
44,6.25
300,6.15
834,6.03
419,0.00
385,6.09
784,6.02
467,6.15
155,6.04
126,0.00
682,0.00
862,0.00
178,6.05
673,0.00
295,6.00
472,6.00
618,5.90
894,0.00
471,11.94
392,5.96
845,0.00
624,6.08
323,5.98
749,11.93
743,6.14
423,6.28
738,6.13
331,6.18
29,6.04
496,0.00
472,0.00
436,5.97
839,6.14
721,12.08
194,6.36
526,0.00
155,6.21
634,6.16
23,6.19
723,12.02
148,6.18
443,6.18
673,6.01
651,0.00
724,6.18
147,6.16
542,6.10
445,6.24
372,6.18
227,6.16
19,6.21
441,0.00
940,6.08
271,6.29
359,6.18
533,6.09
395,0.00
296,6.15
748,0.00
563,6.08
527,0.00
446,6.20
252,6.09
38,6.10
542,0.00
77,6.02
21,5.79
358,5.77
719,0.00
487,5.89
539,5.90
744,0.00
47,5.79
769,17.83
35,5.63
165,5.51
699,17.87
780,12.24
623,5.69
306,11.94
696,5.74
453,0.00
731,5.81
690,5.93
777,5.83
163,5.89
942,5.95
356,6.06
787,5.94
945,6.00
415,6.03
634,5.89
13,6.02
152,5.84
612,5.74
979,5.84
90,5.86
249,5.81
678,0.00
842,11.80
943,5.76
662,0.00
774,12.13
883,5.95
25,5.90
251,5.86
795,0.00
393,5.85
730,0.00
31,5.68
423,5.68
192,5.73
131,5.70
805,0.00
799,11.91
566,0.00
714,5.72
765,5.70
557,5.81
335,5.81
436,5.61
998,5.83
172,5.83
595,5.67
821,5.74
103,5.85
938,5.90
870,0.00
799,0.00
81,6.21
535,0.00
2,6.21
213,6.14
213,6.11
825,0.00
658,6.05
439,0.00
530,6.01
607,0.00
96,6.12
600,0.00
482,6.06
645,6.09
710,0.00
6,6.11
970,0.00
956,6.12
37,6.36
308,11.94
82,6.19
838,18.45
393,6.15
900,6.26
347,6.30
18,6.12
975,24.05
358,11.98
486,11.93
172,6.18
106,0.00
462,12.10
49,6.18
503,0.00
513,0.00
775,0.00
14,5.93
69,5.93
817,0.00
285,0.00
666,5.85
296,5.97
437,5.88
258,5.87
167,0.00
400,0.00
417,6.05
939,11.79
345,5.95
420,5.92
132,6.17
288,6.06
796,11.69
474,6.07
290,5.97
70,11.72
796,12.07
292,6.04
719,11.94
440,0.00
704,6.02
138,6.02
498,0.00
788,11.84
794,6.13
124,5.92
184,5.99
25,5.98
597,0.00
535,5.90
312,5.97
502,0.00
991,0.00
491,0.00
671,5.90
181,5.71
335,5.66
172,5.58
337,5.50
407,0.00
327,5.23
382,5.26
131,5.26
573,5.25
581,5.32
649,0.00
701,5.33
734,5.34
162,5.39
430,0.00
628,5.26
174,5.32
793,0.00
521,5.37
771,5.37
284,0.00
135,5.39
82,5.40
467,0.00
419,5.19
1000,0.00
586,5.22
260,5.24
725,5.28
492,5.29
698,5.27
356,5.40
828,5.34
378,0.00
990,23.44
824,5.23
778,5.33
511,5.41
426,0.00
536,0.00
416,5.39
594,5.39
441,0.00
828,17.15
606,0.00
748,5.41
6,5.41
257,5.54
428,0.00
713,0.00
891,11.44
44,5.56
429,5.37
522,0.00
859,5.42
21,5.36
722,0.00
629,5.35
432,0.00
228,11.17
413,5.19
889,5.23
608,11.03
1000,5.13
822,5.30
744,5.45
61,5.50
76,5.42
497,0.00
587,5.46
1000,17.10
516,5.43
172,5.51
327,5.53
309,11.19
874,5.52
801,11.26
544,5.61
472,0.00
923,5.69
52,5.70
775,0.00
86,5.85
905,0.00
828,5.91
695,5.84
191,6.07
630,0.00
565,0.00
687,5.94
334,5.96
937,5.99
934,0.00
300,6.18
138,6.10
738,0.00
23,6.12
646,6.04
403,5.99
408,6.04
562,0.00
466,6.08
800,11.43
810,6.22
4,6.15
882,0.00
912,6.05
296,6.05
392,0.00
722,11.34
786,6.23
30,6.28
950,6.19
358,5.94
58,6.12
290,6.06
239,5.98
790,0.00
297,6.08
949,0.00
783,6.21
483,6.18
924,0.00
768,6.23
174,6.09
411,6.16
126,6.29
934,0.00
482,6.15
870,6.06
242,6.13
960,6.18
56,6.24
899,6.15
419,11.43
537,6.25
974,11.43
250,6.26
757,6.54
181,6.40
903,6.53
979,0.00
349,6.19
351,6.20
781,6.13
337,0.00
21,6.14
657,6.12
48,6.16
318,5.99
173,5.93
939,0.00
374,11.61
932,5.90
100,6.04
94,5.96
127,5.87
605,0.00
645,5.85
419,0.00
703,0.00
399,5.70
233,5.75
16,5.72
926,0.00
989,0.00
188,5.70
198,5.73
182,5.60
405,5.67
261,0.00
720,0.00
108,5.64
200,5.58
315,5.65
392,0.00
470,5.56
142,5.49
621,5.52
825,5.56
960,5.61
193,5.72
406,0.00
124,5.57
753,5.45
1,5.48
557,11.66
4,5.47
499,0.00
726,5.58
84,5.52
480,0.00
487,5.60
440,0.00
42,5.55
606,0.00
531,11.56
690,5.48
399,0.00
179,5.37
173,5.45
670,5.45
913,5.46
21,5.48
170,5.39
525,0.00
994,5.40
45,5.57
323,0.00
247,5.46
347,5.40
638,5.42
689,16.96
143,5.54
813,0.00
556,11.81
668,11.76
585,5.51
216,0.00
382,5.38
652,5.47
985,5.55
506,5.57
389,5.60
89,5.51
16,5.43
932,11.73
395,5.61
149,5.54
656,0.00
969,5.55
47,5.66
221,5.65
442,5.72
876,17.22
95,5.82
661,0.00
247,5.69
872,5.78
886,5.80
298,5.93
844,5.83
206,5.86
665,0.00
524,5.76
262,5.84
37,5.92
117,5.87
92,0.00
174,5.90
183,5.90
355,5.90
29,5.82
28,5.68
775,0.00
60,5.64
123,5.61
620,0.00
999,5.70
352,5.75
596,0.00
40,5.80
878,0.00
291,5.81
579,0.00
875,0.00
964,0.00
369,5.83
197,11.42
743,6.03
985,11.63
692,17.76
669,6.14
901,0.00
704,23.38
49,6.31
709,6.31
148,6.48
389,6.43
109,6.29
322,6.31
12,6.20
522,6.19
97,6.25
830,6.20
676,0.00
338,6.15
160,6.15
422,6.20
341,6.28
529,0.00
104,6.09
342,6.14
632,11.45
140,6.17
262,5.99
299,6.04
54,5.99
501,0.00
327,6.05
328,5.95
487,5.95
267,0.00
348,0.00
851,11.54
154,6.00
111,5.88
774,5.98
371,6.01
344,5.93
998,11.39
820,17.87
805,6.14
623,6.12
865,11.60
204,6.02
438,6.02
258,6.06
402,0.00
568,0.00
123,6.02
121,5.92
17,5.89
77,5.88
6,0.00
715,0.00
665,0.00
819,0.00
382,5.66
577,5.66
385,5.75
664,5.59
906,5.65
170,5.62
797,5.47
129,0.00
285,0.00
381,0.00
534,5.69
167,5.66
334,5.72
103,5.73
353,0.00
860,5.76
701,0.00
255,5.66
252,5.81
387,5.69
866,0.00
66,5.79
241,5.81
178,5.77
257,5.67
525,0.00
327,5.62
481,5.50
968,5.64
2,5.42
532,5.32
318,5.27
463,5.17
12,5.17
437,0.00
326,5.20
715,0.00
592,5.25
173,5.25
623,5.32
912,5.30
516,5.45
775,0.00
186,5.46
64,5.42
674,5.42
73,5.47
298,5.43
499,0.00
295,5.36
634,5.43
347,5.49
414,5.57
256,5.63
339,5.54
749,5.54
468,0.00
243,5.56
674,0.00
219,5.65
732,0.00
596,0.00
733,17.00
547,0.00
291,11.78
992,5.65
570,5.66
934,5.46
105,5.48
954,11.78
686,5.69
196,5.71
169,5.65
906,5.63
633,0.00
525,5.88
486,5.95
729,5.95
263,0.00
15,5.97
573,6.05
281,6.14
260,6.03
75,0.00
163,6.10
482,0.00
801,0.00
463,5.99
727,6.07
967,6.07
811,11.62
89,6.19
184,6.11
222,6.11
594,6.05
882,6.17
850,6.24
672,6.29
55,6.44
595,0.00
850,6.21
321,6.33
919,0.00
285,6.34
704,6.33
100,6.39
728,6.36
935,0.00
993,18.06
328,11.95
749,6.50
469,6.55
800,6.40
111,6.57
509,0.00
433,6.55
552,0.00
217,11.75
654,11.80
667,6.54
665,0.00
179,6.46
385,6.38
944,6.47
414,6.54
133,6.29
469,0.00
791,6.31
658,6.41
32,6.51
727,0.00
305,6.50
388,0.00
379,6.38
358,6.40
732,6.38
235,6.51
142,6.52
972,6.28
773,6.34
140,6.19
197,6.25
593,6.30
611,0.00
970,0.00
955,6.34
197,6.41
169,6.28
243,6.26
223,6.16
521,0.00
289,6.19
924,11.89
308,6.26
999,11.92
11,6.22
585,0.00
642,0.00
740,6.03
848,6.04
684,0.00
554,6.08
106,6.13
698,0.00
610,6.32
274,6.23
564,0.00
891,6.21
437,6.30
103,6.31
82,6.15
300,6.15
744,0.00
757,6.04
104,6.14
882,0.00
812,6.04
43,6.14
836,0.00
853,6.05
83,6.15
305,5.95
113,5.99
738,0.00
994,6.00
242,6.03
686,5.95
458,0.00
807,12.38
190,5.93
54,5.96
819,0.00
458,5.77
819,6.00
154,5.80
494,5.88
535,0.00
748,5.93
962,17.64
42,6.04
912,0.00
216,6.10
677,0.00
430,5.99
988,0.00
8,6.13
715,0.00
622,0.00
593,6.05
486,5.98
384,0.00
71,6.13
69,6.04
443,0.00
867,18.02
139,6.10
372,0.00
337,6.07
454,6.07
525,0.00
779,12.58
825,6.18
340,6.35
326,6.16
352,6.34
453,0.00
322,6.26
265,6.12
935,0.00
578,18.01
763,0.00
596,12.68
881,6.36
457,0.00
95,6.14
442,0.00
48,6.09
933,12.20
486,0.00
625,6.19
98,6.24
233,6.04
660,0.00
909,0.00
944,6.21
579,6.37
546,0.00
157,6.24
663,0.00
229,6.22
51,6.14
339,6.15
650,6.07
892,6.21
622,6.43
326,6.37
192,6.30
231,6.27
887,0.00
256,6.18
678,6.26
475,0.00
59,6.23
435,6.25
619,6.21
798,0.00
76,6.23
488,6.34
12,6.20
164,0.00
532,0.00
672,6.27
823,6.13
324,0.00
643,12.24
803,18.68
411,0.00
558,6.29
689,6.43
108,6.51
747,0.00
929,19.04
438,6.50
458,0.00
85,6.51
422,6.32
684,6.37
301,6.44
836,12.20
126,6.36
670,0.00
18,6.26
613,0.00
661,6.17
243,6.24
477,6.20
948,12.27
268,6.25
243,6.30
743,0.00
527,0.00
520,0.00
507,0.00
300,6.18
476,6.22
484,6.12
103,6.25
357,6.33
680,6.12
140,0.00
711,12.29
503,6.22
348,6.23
300,0.00
856,6.17
850,6.27
514,0.00
792,6.21
922,12.50
812,18.57
82,6.48
667,0.00
977,6.37
489,0.00
781,6.08
422,6.07
319,6.01
552,0.00
317,6.08
752,6.08
364,6.19
976,6.20
82,6.15
524,5.99
955,6.01
502,6.10
842,0.00
301,6.10
560,0.00
193,6.10
11,6.10
159,6.14
167,6.09
928,6.05
508,6.14
676,6.01
861,6.09
534,0.00
474,6.09
20,6.11
348,6.06
929,18.29
369,6.09
39,0.00
897,12.33
98,6.05
337,0.00
211,5.83
370,5.83
255,5.88
815,18.20
910,5.88
338,5.88
365,12.21
303,5.92
855,12.16
873,5.92
3,5.93
594,0.00
835,5.94
407,0.00
943,12.35
789,0.00
169,6.21
742,0.00
343,12.51
304,6.20
790,6.05
435,6.10
311,6.05
312,6.00
69,6.13
729,0.00
355,0.00
797,0.00
960,6.10
627,6.24
717,0.00
583,6.12
931,6.19
295,6.09
726,12.37
118,6.19
746,12.49
332,6.27
698,0.00
924,6.18
885,12.50
918,6.30
211,6.40
766,0.00
776,6.32
709,6.51
195,6.34
604,6.34
251,6.50
895,6.42
297,6.52
114,6.40
839,0.00
850,12.49
275,6.51
796,6.46
685,0.00
455,6.44
866,0.00
824,6.47
299,6.61
155,6.47
717,6.45
972,6.51
827,6.63
87,6.76
97,6.69
944,12.76
573,6.78
104,6.59
369,12.66
654,6.67
137,6.49
257,6.67
682,6.56
693,0.00
411,6.78
674,6.59
671,12.53
879,6.83
644,6.80
62,6.79
684,12.60
623,12.65
753,0.00
14,6.82
747,0.00
340,6.74
616,6.58
474,0.00
221,6.56
730,0.00
412,6.28
518,0.00
344,6.37
814,6.41
505,6.42
656,6.57
116,6.45
974,6.38
524,6.32
330,6.42
872,0.00
602,6.39
39,6.54
178,6.40
382,0.00
569,12.52
772,6.58
376,6.60
561,0.00
3,6.35
391,0.00
604,6.44
187,6.40
971,6.26
561,6.37
817,6.31
381,6.37
499,12.54
650,6.31
575,6.15
994,0.00
137,6.24
924,6.24
64,6.27
543,0.00
2,6.21
130,6.16
550,0.00
954,0.00
859,6.13
394,6.14
558,0.00
976,6.19
751,6.02
731,0.00
995,6.07
58,6.15
280,6.16
683,0.00
490,5.93
552,0.00
227,5.93
40,5.95
747,12.78
107,5.97
959,0.00
49,6.00
125,5.81
336,5.81
332,0.00
830,5.78
449,5.79
645,5.91
436,12.40
853,5.81
634,5.65
690,0.00
69,5.77
853,5.77
28,5.90
548,5.73
171,0.00
932,12.41
688,5.88
648,5.89
784,5.83
84,5.91
52,5.93
337,6.01
363,5.95
768,0.00
388,0.00
956,24.72
778,5.80
558,5.81
328,5.79
89,5.81
993,0.00
728,5.62
932,0.00
62,5.64
209,5.64
713,24.31
616,5.73
775,5.66
339,5.77
135,5.66
522,0.00
293,5.54
557,0.00
550,5.67
2,5.60
532,0.00
349,5.56
431,5.58
915,5.59
219,5.69
256,5.53
998,0.00
447,0.00
650,0.00
911,5.31
265,5.42
814,0.00
532,5.55
630,0.00
261,5.47
316,5.43
859,5.45
545,5.54
472,0.00
141,5.34
600,5.25
600,5.30
664,0.00
615,5.32
57,5.36
787,0.00
962,0.00
12,5.45
167,5.42
920,0.00
542,5.47
493,0.00
567,18.27
744,11.62
851,5.55
275,5.75
299,5.61
854,5.65
654,0.00
861,11.47
729,5.66
512,5.70
844,5.93
705,11.57
498,5.93
191,5.89
348,5.99
709,5.86
948,5.99
416,5.91
730,0.00
980,24.58
243,5.99
666,5.96
407,6.07
745,0.00
363,6.20
697,0.00
772,12.08
945,18.57
418,6.30
354,6.31
470,12.25
883,12.18
750,12.04
13,6.40
483,0.00
882,6.36
9,6.40
342,6.37
534,0.00
688,6.36
253,6.43
693,0.00
562,6.33
768,6.33
888,6.48
936,6.56
705,6.63
614,6.53
166,6.59
702,0.00
956,12.22
27,6.56
568,6.70
949,12.12
489,6.72
34,6.64
28,6.61
135,6.67
495,0.00
707,6.44
370,0.00
709,6.66
311,6.71
243,6.64
145,6.65
17,6.51
676,0.00
323,6.55
185,6.49
373,0.00
473,6.43
84,6.49
470,0.00
476,0.00
392,6.34
298,6.36
256,6.32
834,0.00
8,6.24
749,11.83
643,6.32
470,0.00
583,6.21
765,0.00
792,6.25
849,6.29
18,6.21
667,0.00
312,6.06
427,0.00
743,6.00
790,6.04
698,6.05
602,5.79
569,0.00
62,5.78
424,5.68
875,0.00
435,5.61
567,0.00
958,0.00
499,17.74
800,5.75
818,17.85
164,0.00
856,11.95
595,5.42
334,5.40
928,0.00
889,5.43
601,5.48
394,0.00
243,5.52
416,0.00
887,5.40
214,5.54
571,11.87
129,5.40
942,0.00
515,5.38
473,5.48
49,5.41
755,0.00
707,12.01
772,5.28
267,5.45
883,5.41
282,5.37
609,5.31
857,5.40
906,0.00
592,5.37
451,5.40
726,5.39
381,5.51
415,5.49
283,5.53
108,5.47
559,0.00
113,5.49
102,5.49
199,5.45
886,0.00
705,5.53
42,5.54
648,0.00
160,5.52
621,0.00
686,11.95
820,5.60
6,5.47
911,17.47
812,5.42
557,5.44
284,0.00
684,5.45
80,5.48
414,0.00
798,0.00
739,11.52
786,11.55
581,5.60
814,11.66
554,5.60
27,5.65
362,5.65
573,0.00
985,5.69
803,5.62
807,0.00
485,0.00
952,0.00
122,5.77
878,11.58
524,11.73
681,5.98
745,6.03
946,6.03
878,6.10
27,6.11
158,6.21
473,0.00
215,6.05
650,11.56
224,6.15
114,0.00
595,6.03
277,6.16
674,6.14
643,6.15
291,6.00
139,0.00
724,0.00
594,5.90
882,5.96
216,6.03
676,0.00
964,5.90
905,0.00
903,11.42
918,6.11
753,6.17
654,6.19
480,0.00
671,6.19
375,0.00
678,6.12
94,6.21
298,6.17
354,0.00
53,6.27
965,0.00
656,6.20
376,6.33
370,6.29
259,6.29
128,6.38
632,6.28
359,6.34
319,6.39
72,6.45
872,0.00
667,6.44
991,12.13
368,6.48
636,6.48
155,6.40
968,6.41
36,6.41
482,6.44
296,6.53
835,6.52
233,6.60
512,6.47
489,6.62
292,6.58
298,6.46
731,0.00
394,0.00
530,0.00
907,17.96
378,11.98
107,6.34
579,6.34
464,0.00
664,6.33
189,6.36
335,6.21
94,6.17
642,6.00
660,0.00
695,6.06
916,6.06
658,0.00
843,12.12
780,12.28
99,6.21
801,12.34
631,6.22
178,6.05
316,6.21
290,6.01
894,0.00
600,6.07
531,0.00
617,6.29
876,6.21
96,6.28
563,6.18
922,6.18
794,12.31
590,17.66
939,6.51
203,6.43
615,6.49
366,6.43
874,6.37
287,0.00
55,6.41
286,6.41
6,6.22
241,6.16
544,6.10
387,0.00
524,12.40
549,0.00
588,5.92
119,5.95
617,0.00
135,5.91
18,5.91
492,0.00
326,5.89
654,0.00
359,5.87
550,5.81
211,0.00
168,5.92
928,0.00
722,12.27
723,5.91
708,5.92
653,6.04
227,5.90
582,0.00
602,6.04
211,6.05
834,5.99
841,6.03
359,12.38
5,6.14
908,0.00
676,6.00
904,12.48
359,6.15
59,6.06
959,12.51
840,0.00
615,6.23
674,6.17
89,6.07
617,6.28
795,0.00
485,6.32
144,6.33
730,6.33
823,0.00
328,6.31
367,0.00
32,6.35
829,0.00
474,12.41
592,6.29
779,6.32
345,6.19
294,6.16
200,6.16
437,0.00
684,6.20
793,6.21
769,6.24
468,0.00
598,0.00
59,6.32
237,6.26
854,0.00
826,12.62
50,6.21
427,12.75
445,6.19
285,0.00
195,0.00
811,12.68
576,6.19
565,6.31
349,6.52
629,0.00
949,6.52
120,6.40
342,0.00
243,6.54
111,6.54
46,6.59
548,0.00
545,12.53
567,6.58
862,0.00
608,6.59
681,6.70
646,6.53
76,6.59
725,6.58
275,6.68
401,6.63
886,6.63
913,6.67
833,6.74
438,6.67
867,0.00
98,0.00
786,12.46
682,6.48
612,6.63
364,6.52
720,12.61
474,12.61
876,24.46
213,6.72
812,0.00
527,12.61
767,6.46
447,6.47
925,12.54
13,6.48
55,6.36
350,6.25
952,19.22
578,6.65
260,6.54
926,0.00
572,0.00
780,6.44
122,6.54
281,6.58
270,6.59
245,6.45
876,12.82
252,6.65
370,6.44
102,0.00
283,6.60
575,0.00
160,6.39
429,6.43
996,0.00
87,6.45
302,6.26
595,6.24
323,6.26
137,6.18
678,0.00
147,6.01
606,0.00
392,6.11
51,5.97
501,0.00
601,5.90
381,5.93
376,5.83
401,0.00
916,18.28
215,5.72
934,5.56
589,5.57
498,5.52
181,5.70
809,0.00
607,5.69
493,0.00
476,12.19
675,5.72
740,5.73
881,5.62
275,5.77
163,5.70
802,0.00
869,5.71
628,5.78
539,5.87
496,0.00
805,5.71
452,5.74
706,5.80
81,5.87
893,12.37
664,5.79
455,12.53
183,5.93
349,12.42
86,5.79
150,5.72
922,12.24
109,5.70
736,0.00
994,5.83
515,5.81
161,5.77
848,12.23
914,12.32
318,5.94
589,0.00
745,0.00
910,5.98
607,12.38
419,0.00
82,5.88
117,5.75
468,0.00
587,0.00
682,5.67
994,5.74
38,5.75
914,0.00
576,5.76
600,0.00
620,0.00
476,5.69
488,0.00
594,12.32
453,0.00
649,12.29
425,6.01
401,5.95
442,5.93
592,5.92
638,0.00
500,6.11
301,6.11
438,0.00
923,12.10
148,6.20
898,6.20
788,6.32
903,6.57
452,11.88
869,6.47
864,6.55
689,6.56
689,6.45
233,6.39
207,6.37
911,0.00
993,0.00
263,6.53
507,0.00
827,0.00
257,6.39
947,0.00
1000,6.33
450,0.00
999,0.00
749,6.50
333,6.59
73,6.55
567,0.00
940,0.00
276,6.54
856,6.48
135,6.63
610,6.62
316,6.65
468,6.56
804,6.57
527,6.69
966,0.00
477,12.41
400,6.59
25,0.00
785,18.97
825,12.52
891,6.73
833,0.00
993,6.70
132,6.72
212,0.00
800,12.56
519,6.72
680,6.69
707,6.79
689,6.64
631,12.45
379,6.93
762,6.67
508,6.72
261,6.80
242,6.73
192,6.78
541,0.00
184,6.65
742,0.00
884,12.34
558,6.66
924,12.33
228,6.78
320,6.76
698,6.73
815,6.74
93,6.81
846,0.00
843,19.17
591,12.68
529,6.82
21,6.70
288,6.74
347,6.77
404,6.64
580,6.70
99,6.74
49,6.60
233,6.60
930,0.00
897,6.41
191,6.44
555,0.00
121,6.36
930,12.69
250,6.37
219,6.27
837,6.40
927,18.40
270,6.51
101,6.28
400,6.32
444,0.00
731,6.24
510,6.31
809,0.00
739,12.61
428,6.34
408,6.32
386,6.21
314,6.19
318,6.03
996,5.98
167,6.12
899,0.00
257,6.20
772,0.00
153,6.08
922,0.00
150,6.18
61,6.14
720,0.00
942,6.10
971,6.11
601,5.99
511,6.14
564,6.28
226,6.11
303,12.86
340,6.13
417,0.00
550,12.70
758,5.98
480,5.96
481,5.94
943,12.69
194,6.15
769,0.00
207,6.03
643,6.15
413,0.00
658,5.98
644,6.08
423,6.09
229,6.16
664,6.04
32,6.05
162,0.00
200,6.09
874,6.09
131,6.20
483,6.13
769,0.00
158,6.17
804,0.00
266,6.31
676,6.31
62,0.00
743,6.20
866,6.33
331,6.32
708,6.41
698,6.23
932,6.36
922,6.39
398,6.44
812,0.00
721,6.43
831,0.00
204,6.51
302,6.48
305,6.48
208,6.55
983,0.00
480,6.63
495,0.00
984,6.52
536,0.00
15,6.65
752,0.00
935,19.33
419,0.00
131,6.44
353,6.44
258,6.57
650,6.62
543,6.72
421,0.00
563,6.57
678,6.53
634,0.00
718,6.64
157,6.67
191,6.64
658,0.00
881,6.63
261,6.54
512,0.00
335,6.58
609,0.00
959,6.56
594,0.00
314,6.67
757,0.00
683,6.65
755,12.91
941,13.01
747,7.00
145,6.91
367,6.79
359,6.80
635,0.00
766,6.73
813,6.79
31,6.78
563,0.00
92,6.67
477,6.81
715,6.81
246,6.60
585,0.00
617,6.78
94,6.76
121,6.64
575,0.00
166,6.63
414,0.00
890,0.00
465,0.00
367,6.46
761,0.00
362,6.37
731,6.18
155,6.27
174,6.17
303,6.02
399,0.00
797,6.06
147,6.16
813,0.00
426,6.02
331,5.97
508,6.02
768,19.36
986,6.11
708,6.01
497,5.91
214,6.06
469,0.00
486,6.04
653,0.00
250,6.13
843,0.00
317,6.18
664,0.00
490,6.20
467,6.13
932,0.00
718,6.36
901,6.41
387,0.00
599,0.00
874,6.70
370,0.00
890,13.19
463,6.65
193,6.54
626,6.76
635,6.81
732,6.82
12,6.67
915,6.66
141,6.77
936,6.64
511,0.00
717,6.78
962,6.88
874,6.84
177,6.83
853,0.00
914,6.74
24,6.83
280,6.69
798,13.39
226,6.52
410,0.00
978,13.40
672,6.61
925,6.71
670,6.72
902,0.00
541,13.34
18,6.69
386,6.56
629,6.79
466,6.69
81,6.68
688,6.75
315,6.75
364,0.00
855,0.00
33,6.65
775,6.65
156,0.00
592,0.00
272,6.67
452,6.75
334,6.82
668,13.23
462,6.80
219,6.97
531,6.78
471,13.17
826,13.26
951,6.88
232,6.93
816,6.96
176,7.07
467,0.00
357,6.97
109,7.07
474,0.00
326,6.99
913,6.89
170,7.10
847,6.99
783,7.05
602,7.07
935,13.12
560,7.13
838,7.20
298,7.04
23,6.89
823,6.86
724,6.88
505,0.00
709,6.98
561,0.00
612,7.01
56,7.14
871,0.00
233,7.02
248,6.95
47,6.82
447,0.00
867,6.74
433,6.74
933,6.63
244,6.63
857,6.75
463,0.00
978,6.74
982,6.84
868,6.62
618,6.67
430,6.83
169,6.98
701,6.77
575,0.00
614,6.67
829,6.76
639,6.64
580,0.00
952,6.62
529,6.72
554,0.00
384,6.72
843,0.00
204,6.68
343,13.14
711,6.62
794,6.63
437,6.71
343,6.53
573,6.57
675,6.44
201,6.45
507,6.44
415,13.19
888,6.64
551,6.75
708,6.48
50,6.48
865,0.00
832,6.50
413,6.58
296,0.00
846,6.46
690,6.53
645,0.00
741,13.48
480,0.00
732,0.00
907,0.00
584,0.00
377,6.45
121,6.57
192,6.52
355,6.59
150,6.46
650,0.00
243,6.36
717,6.39
691,6.55
678,6.68
281,6.43
490,0.00
875,6.45
796,13.58
995,6.65
74,6.71
514,6.69
293,6.71
242,6.50
247,6.55
940,0.00
427,6.36
769,0.00
89,6.45
358,6.43
801,0.00
274,6.50
483,6.53
695,6.64
621,0.00
133,6.59
95,6.54
698,0.00
894,6.47
303,6.48
633,0.00
846,6.44
643,0.00
268,6.46
477,6.34
127,6.33
895,0.00
134,6.31
840,6.22
569,0.00
711,6.25
452,6.19
186,6.21
568,0.00
449,6.24
398,6.14
502,6.12
423,6.18
667,0.00
793,6.26
545,6.27
547,6.20
205,6.25
124,6.29
700,6.23
466,0.00
93,6.22
423,0.00
478,6.11
55,6.07
880,6.10
61,6.15
805,5.95
717,5.97
568,0.00
220,6.18
715,0.00
925,12.76
845,6.19
141,6.30
126,6.31
597,12.56
23,6.15
493,0.00
853,6.24
886,0.00
36,6.28
248,6.20
28,0.00
156,6.24
399,6.24
304,6.21
773,0.00
329,6.13
116,6.02
156,6.09
948,0.00
745,12.62
151,6.09
217,5.92
77,0.00
183,6.04
803,0.00
790,12.50
848,6.10
176,6.06
120,6.10
263,6.11
623,5.98
666,6.01
149,6.06
842,5.90
670,0.00
734,6.08
531,5.98
294,0.00
809,0.00
463,5.98
481,0.00
758,5.95
377,6.04
468,5.87
59,5.97
551,5.91
23,5.99
723,0.00
724,5.80
811,5.79
677,5.96
676,5.95
212,0.00
640,6.07
647,0.00
847,6.00
556,6.08
406,6.08
749,0.00
176,5.99
911,0.00
170,6.20
753,0.00
542,6.17
603,6.27
872,6.28
322,6.31
926,19.17
510,6.42
16,6.43
945,12.77
428,0.00
734,6.38
756,0.00
608,6.56
238,6.67
766,6.59
269,6.61
384,6.52
498,6.33
632,6.36
908,0.00
820,12.65
337,6.42
708,6.35
641,6.54
673,0.00
909,6.64
979,6.66
845,12.83
21,6.73
737,6.48
128,6.55
461,6.51
504,6.63
993,6.76
644,12.89
206,6.76
822,0.00
117,6.76
218,6.88
172,6.69
133,6.73
268,6.61
877,0.00
697,12.77
337,6.67
240,6.65
150,6.63
683,0.00
375,6.67
627,0.00
924,6.61
871,6.60
730,6.68
345,6.65
444,6.52
445,0.00
344,6.59
600,0.00
947,6.59
92,6.73
138,6.65
847,0.00
911,6.68
54,6.69
959,6.56
187,6.66
632,0.00
243,6.56
890,0.00
829,6.55
688,0.00
789,6.71
942,6.84
653,6.85
820,0.00
459,7.11
191,7.04
765,6.88
832,0.00
147,6.92
326,6.94
302,0.00
222,6.71
579,0.00
624,6.77
381,13.04
26,13.05
456,6.76
613,0.00
270,6.63
828,19.38
978,13.04
67,6.75
472,6.61
543,6.52
712,6.62
182,6.71
830,0.00
956,6.61
184,6.60
894,0.00
443,0.00
585,6.71
229,6.66
48,6.47
497,0.00
756,0.00
729,13.10
45,6.50
531,0.00
449,0.00
304,6.38
301,6.30
776,6.31
824,6.25
80,6.32
581,6.12
947,6.18
354,6.29
233,6.16
774,12.91
156,6.23
667,6.29
338,6.41
558,0.00
36,6.38
846,0.00
834,6.29
172,6.47
229,6.41
888,0.00
842,6.48
783,6.56
901,6.64
994,13.22
270,6.68
332,13.21
613,6.74
814,6.63
63,6.62
687,0.00
717,13.12
692,6.67
209,6.44
994,6.51
835,0.00
802,6.59
309,6.42
37,6.51
219,6.57
54,6.43
572,0.00
924,0.00
359,6.23
869,6.24
970,6.13
221,6.10
287,6.14
356,6.17
746,0.00
595,6.04
200,6.11
511,6.09
774,0.00
544,6.20
86,6.24
189,6.25
548,6.19
891,6.26
919,13.12
225,6.36
999,6.50
3,6.38
852,12.92
199,6.30
902,6.29
535,6.46
162,6.38
238,6.30
216,6.36
715,13.07
560,6.45
456,6.34
307,6.55
802,0.00
70,6.50
154,6.45
566,6.45
243,6.51
819,0.00
197,6.36
205,6.35
217,6.41
905,6.33
292,6.43
876,6.47
689,6.48
480,0.00
971,6.45
259,6.46
277,0.00
249,6.46
439,0.00
461,0.00
235,6.41
316,12.68
347,6.50
605,6.42
188,6.55
901,6.34
316,6.46
76,6.28
932,0.00
189,6.43
733,0.00
890,0.00
730,0.00
748,6.11
280,6.19
651,0.00
816,12.81
584,12.88
855,6.54
475,6.31
365,6.39
159,6.42
551,0.00
818,6.48
610,6.41
881,0.00
776,6.48
861,19.80
872,6.70
349,6.71
97,6.63
752,6.56
447,6.69
268,6.82
773,0.00
166,6.71
898,6.75
409,6.79
500,0.00
756,0.00
50,6.65
248,6.67
85,6.55
851,6.55
546,0.00
621,6.63
367,6.68
204,6.58
290,6.54
376,6.55
497,0.00
719,6.56
850,19.55
360,6.55
4,6.49
351,12.87
211,6.59
700,6.60
472,6.70
35,6.63
159,6.51
189,6.47
968,0.00
176,6.56
556,0.00
144,6.40
620,0.00
693,6.32
761,0.00
465,6.32
558,0.00
900,6.42
987,0.00
83,6.38
746,0.00
453,6.47
743,6.47
828,6.62
403,6.47
98,0.00
336,6.51
353,6.37
758,0.00
259,6.40
109,6.40
782,12.59
871,6.34
433,6.35
625,6.23
592,12.61
341,6.43
919,6.27
394,0.00
607,6.41
211,6.41
596,0.00
695,6.39
251,6.46
497,6.24
753,0.00
167,6.44
357,6.33
919,0.00
680,6.04
119,6.13
807,0.00
756,12.52
293,6.12
919,12.56
250,5.94
371,5.84
334,6.00
464,5.88
406,0.00
206,6.03
406,5.98
963,5.85
484,0.00
411,5.95
183,5.97
867,0.00
786,5.89
911,0.00
821,6.03
190,6.03
266,6.03
434,6.06
770,0.00
940,0.00
130,5.97
458,5.97
823,5.98
144,5.93
100,5.81
830,0.00
305,5.82
3,5.70
377,5.79
195,5.74
53,5.67
189,5.69
35,5.66
50,5.66
203,5.71
634,5.58
321,5.58
193,0.00
491,5.58
789,5.66
453,5.67
127,5.69
653,5.60
492,0.00
515,5.60
445,0.00
428,5.70
784,12.14
675,5.69
843,0.00
696,5.92
371,5.82
252,5.85
941,5.81
472,12.30
608,5.94
309,6.09
430,5.97
841,6.00
484,12.32
60,6.01
752,12.43
632,6.15
232,6.20
93,6.11
845,6.14
957,6.15
789,0.00
914,6.13
56,6.13
699,0.00
292,6.14
570,6.07
286,6.26
114,6.17
195,6.09
745,0.00
987,6.06
202,6.11
999,0.00
891,12.42
848,0.00
143,6.38
875,0.00
320,12.38
950,6.39
815,6.43
466,0.00
340,0.00
196,6.20
307,6.12
146,6.21
990,0.00
873,6.05
167,6.10
573,0.00
582,6.11
906,0.00
138,6.12
847,6.03
822,0.00
89,6.16
281,6.33
724,6.20
212,6.29
161,6.29
835,12.31
973,6.32
878,6.46
79,6.40
983,0.00
753,0.00
98,6.55
197,6.55
538,0.00
398,6.64
950,0.00
971,6.74
76,6.97
102,6.75
162,6.75
256,6.57
70,6.57
840,0.00
71,6.66
480,12.16
344,6.72
430,6.48
455,0.00
177,6.52
911,0.00
179,6.48
293,6.37
44,6.35
125,6.24
978,0.00
914,11.98
117,6.11
865,0.00
795,6.21
312,6.15
541,0.00
630,6.16
545,6.16
518,0.00
191,6.16
538,6.14
968,0.00
25,6.13
693,6.13
468,0.00
214,6.09
925,0.00
494,6.03
32,6.10
209,6.10
952,12.24
451,6.14
459,0.00
945,12.14
57,5.69
615,0.00
870,5.79
423,0.00
734,5.79
906,5.91
887,5.86
462,5.87
834,12.13
153,5.96
363,5.98
434,5.89
515,5.96
861,0.00
443,0.00
174,5.98
991,0.00
732,0.00
402,6.00
611,0.00
438,6.04
897,0.00
762,5.92
297,6.07
655,6.04
991,0.00
163,6.25
905,12.56
360,6.28
794,6.33
263,12.65
800,31.58
5,6.28
149,6.08
33,6.08
888,6.04
42,6.02
456,0.00
9,6.16
697,5.93
963,5.93
165,6.07
209,6.07
340,0.00
240,6.07
98,0.00
217,5.95
526,0.00
213,6.06
16,6.23
247,6.15
263,0.00
537,6.15
231,6.07
901,6.04
330,6.14
491,6.20
844,6.18
227,6.23
276,6.22
701,6.28
129,6.28
909,0.00
889,6.18
101,6.18
214,6.14
800,6.14
139,6.24
969,6.08
277,6.09
396,6.11
439,0.00
604,6.08
24,6.13
58,6.14
524,0.00
452,0.00
322,6.03
235,6.02
662,0.00
977,11.97
743,6.02
792,11.99
883,6.14
450,6.12
367,6.14
34,6.25
422,0.00
752,11.95
759,6.03
331,6.04
396,12.08
944,0.00
654,6.08
764,6.19
401,6.09
880,0.00
995,12.07
577,6.18
990,6.14
291,6.22
610,6.22
434,6.17
246,6.18
451,6.20
95,6.10
96,6.04
801,0.00
112,5.83
979,0.00
946,18.43
508,5.85
79,5.85
322,5.88
895,12.33
20,5.95
470,0.00
803,6.07
687,6.13
36,5.90
358,0.00
199,5.89
377,6.02
667,5.96
186,5.96
392,12.11
747,6.04
283,0.00
271,6.02
757,0.00
593,5.92
52,0.00
897,6.06
36,6.13
21,6.07
36,5.97
2,5.92
7,5.89
83,5.90
330,5.78
397,5.73
40,5.73
839,0.00
491,5.71
475,5.72
91,5.52
968,0.00
923,5.74
920,5.69
89,5.79
461,5.87
639,5.89
114,5.75
164,5.77
75,5.78
322,5.79
602,5.70
803,0.00
753,11.91
257,5.85
344,5.69
262,0.00
665,12.02
343,5.87
719,5.84
232,6.00
519,0.00
972,5.76
584,5.87
620,5.95
242,5.96
860,5.94
838,6.01
664,6.02
406,5.82
395,5.82
96,5.75
962,0.00
519,5.81
280,5.84
619,0.00
951,5.73
59,5.74
731,5.69
164,5.77
60,5.61
90,5.63
415,5.49
519,5.42
286,5.56
529,0.00
148,5.65
749,0.00
701,11.53
319,5.56
352,5.56
148,5.62
330,5.59
858,5.60
860,17.99
709,11.72
593,11.78
653,11.67
149,5.80
163,5.70
453,0.00
658,5.60
783,5.64
598,5.70
382,5.70
298,5.58
458,5.60
799,0.00
549,5.61
290,5.68
47,5.69
118,5.68
988,5.67
40,5.86
364,5.86
655,5.86
263,0.00
818,17.74
592,6.08
144,5.91
204,5.91
903,6.06
22,6.13
603,5.93
406,5.99
331,5.84
723,0.00
894,0.00
811,0.00
665,5.92
433,0.00
773,6.10
963,6.06
430,0.00
764,6.09
458,0.00
256,6.17
597,0.00
957,0.00
42,6.07
410,6.12
37,6.12
347,6.01
583,5.94
585,0.00
136,5.98
137,5.92
436,11.77
158,5.99
731,6.00
737,5.96
236,5.98
184,5.90
339,0.00
408,5.88
327,5.92
235,6.00
952,0.00
827,6.02
464,0.00
249,5.97
410,5.99
320,6.06
723,0.00
692,6.15
133,6.01
358,6.13
408,5.99
521,0.00
177,6.12
581,6.13
643,11.64
602,6.08
83,5.97
508,5.94
632,17.63
207,5.77
885,11.55
880,11.46
888,6.00
755,6.06
47,5.99
730,0.00
655,6.07
91,6.19
15,6.10
469,0.00
894,6.10
215,6.25
705,6.18
891,6.26
64,6.04
792,6.13
852,6.23
988,6.25
372,6.35
891,6.27
326,6.34
786,6.49
283,6.33
63,6.37
871,0.00
320,6.24
888,12.38
691,0.00
339,6.42
429,6.36
725,6.30
871,6.28
435,0.00
133,6.39
993,0.00
915,12.45
458,0.00
725,6.36
180,6.41
709,0.00
748,6.41
370,0.00
879,6.31
77,6.42
819,0.00
789,6.40
594,6.45
61,6.48
237,6.39
420,0.00
457,0.00
969,6.40
158,6.48
192,6.49
411,6.44
590,0.00
427,6.37
826,12.28
326,6.42
488,0.00
65,6.36
724,0.00
470,6.35
257,6.38
800,0.00
958,0.00
253,6.39
160,6.41
724,0.00
101,6.31
581,0.00
676,6.36
711,0.00
261,6.37
546,0.00
887,6.41
435,6.42
453,6.46
517,6.61
82,6.54
946,6.52
344,6.65
398,12.44
69,6.60
39,0.00
592,6.50
47,6.44
601,6.33
773,6.21
404,0.00
183,6.38
653,0.00
320,12.43
694,6.35
666,6.36
117,6.32
605,0.00
730,6.23
836,12.43
621,0.00
389,6.11
197,6.07
811,12.52
238,6.15
636,0.00
462,12.50
620,6.19
966,12.64
85,6.18
865,6.09
616,6.23
757,6.17
409,6.25
253,6.33
958,6.12
695,6.05
57,6.12
484,6.03
686,0.00
172,6.01
375,6.02
525,0.00
557,5.86
939,5.86
394,6.03
566,0.00
694,5.92
429,0.00
557,6.08
87,6.17
517,0.00
61,6.14
616,6.05
777,6.06
351,6.12
802,0.00
59,12.68
654,6.31
149,6.15
556,0.00
522,6.06
535,0.00
282,6.19
449,6.13
988,0.00
45,6.34
687,0.00
522,6.22
473,6.23
193,6.29
438,0.00
903,12.69
148,6.24
98,6.38
224,6.24
741,0.00
171,6.25
923,0.00
757,6.27
428,6.29
916,0.00
440,0.00
904,12.99
178,6.31
668,0.00
953,12.96
372,0.00
887,18.77
743,6.45
741,12.99
401,6.42
119,6.39
251,6.28
913,0.00
883,12.64
442,6.30
836,6.42
586,6.36
421,6.36
333,6.30
480,0.00
973,6.28
242,6.29
302,6.33
695,6.25
922,6.42
104,6.22
687,0.00
631,6.30
775,12.44
501,6.21
6,6.23
198,6.09
323,6.14
564,6.12
730,6.16
956,6.17
602,6.33
420,6.07
215,6.21
281,6.21
945,6.19
573,6.20
202,6.21
359,6.03
59,6.00
278,6.03
389,5.97
875,0.00
736,5.98
531,0.00
452,5.95
363,6.00
194,5.94
888,0.00
85,5.94
796,0.00
446,5.93
500,5.93
307,6.03
92,6.07
806,5.82
754,0.00
626,5.78
735,0.00
613,0.00
600,5.75
894,0.00
572,5.90
689,0.00
191,5.78
536,5.80
942,0.00
290,5.82
39,5.72
249,5.81
863,24.53
619,5.83
230,5.84
625,5.75
859,12.07
157,5.83
344,5.71
346,12.20
505,5.56
992,5.65
392,12.14
29,5.73
723,5.72
642,5.78
529,5.75
71,5.79
897,5.78
636,5.79
755,5.93
747,5.89
826,18.45
309,6.04
737,12.35
391,0.00
516,5.90
654,5.97
158,5.80
711,5.90
247,6.05
918,5.95
232,5.96
712,0.00
876,6.08
11,6.08
403,0.00
454,0.00
376,0.00
648,0.00
895,0.00
563,12.39
361,6.21
616,12.28
777,6.25
469,6.17
388,0.00
800,6.26
27,6.15
648,6.23
423,6.36
301,6.21
470,6.29
669,6.26
916,6.35
842,0.00
927,6.31
834,6.35
136,6.49
555,6.44
349,6.52
941,6.56
700,6.46
180,0.00
824,6.51
434,6.46
708,6.52
976,0.00
388,6.56
669,0.00
697,6.56
728,6.60
369,6.54
902,6.52
688,0.00
449,6.50
277,6.62
835,0.00
268,6.66
255,6.73
810,6.66
11,6.67
325,6.50
765,12.20
963,6.46
763,6.60
683,12.37
373,6.57
600,6.61
88,6.57
728,0.00
264,6.61
909,0.00
404,0.00
591,18.79
532,12.48
478,6.67
399,6.72
750,0.00
1000,6.78
550,6.58
130,6.52
334,6.50
889,6.44
653,12.50
691,6.57
251,0.00
326,6.57
735,6.83
282,6.65
573,6.66
871,12.60
192,6.48
232,6.57
104,6.58
3,6.56
743,6.53
535,6.60
600,6.67
964,6.41
483,6.57
398,6.50
377,0.00
396,6.55
109,6.50
995,6.48
103,6.53
437,6.41
74,6.39
641,0.00
712,6.48
732,0.00
266,6.48
119,6.49
361,6.40
337,6.49
885,6.45
718,6.47
969,6.36
959,6.34
929,0.00
176,6.37
638,0.00
572,0.00
505,6.24
415,6.33
688,6.20
724,0.00
876,6.13
445,6.15
876,6.16
885,6.26
482,6.27
994,0.00
658,0.00
403,6.34
82,6.47
894,0.00
653,0.00
853,0.00
675,6.65
616,6.66
666,0.00
210,6.59
721,13.10
855,6.45
820,13.23
359,6.62
559,6.52
279,6.74
377,6.60
371,6.67
800,0.00
950,6.57
339,6.53
417,6.45
973,13.22
112,6.46
896,6.44
530,6.56
837,0.00
691,6.53
746,0.00
328,6.50
589,6.51
424,0.00
399,13.13
185,6.44
88,6.37
411,6.29
619,0.00
250,6.30
142,6.14
251,6.13
216,6.19
965,12.39
97,6.05
785,0.00
803,0.00
706,6.08
553,0.00
100,6.10
918,0.00
638,6.07
222,6.18
519,0.00
328,6.20
936,6.16
698,6.22
448,6.25
32,6.35
110,0.00
831,6.23
688,6.08
582,0.00
708,5.99
88,6.07
774,12.45
772,6.14
610,6.11
964,0.00
655,6.23
435,6.25
654,0.00
746,6.40
648,0.00
901,6.33
780,0.00
187,6.42
213,6.53
207,6.40
913,0.00
274,6.11
238,6.22
952,0.00
444,6.11
321,6.11
865,0.00
195,6.02
39,6.03
646,12.50
422,6.02
254,0.00
634,12.55
144,6.17
439,0.00
274,5.80
290,5.81
382,5.74
916,19.11
482,12.40
600,5.84
835,5.84
537,12.24
788,5.96
177,5.93
843,0.00
557,5.89
270,5.94
834,5.80
361,5.81
927,12.24
458,5.82
677,5.78
474,0.00
915,5.97
803,6.00
552,6.04
213,5.93
566,0.00
605,6.09
533,0.00
418,6.09
519,0.00
693,12.08
694,6.16
430,6.25
782,0.00
524,6.11
927,0.00
15,6.06
378,6.10
150,6.00
868,0.00
65,5.98
233,5.90
783,0.00
490,5.96
738,5.90
55,6.04
646,0.00
526,5.90
455,0.00
856,0.00
542,5.83
284,5.89
31,5.81
967,5.76
946,5.73
683,0.00
779,5.72
107,5.80
633,0.00
251,5.58
516,5.68
380,0.00
26,5.53
217,5.55
337,5.43
989,5.51
249,5.51
347,0.00
886,11.43
402,5.57
807,5.54
671,5.69
280,5.72
79,5.66
888,11.59
210,5.69
917,5.84
203,5.72
251,5.80
847,0.00
277,5.73
256,5.81
782,11.67
42,5.87
485,11.51
504,5.72
139,5.90
196,0.00
993,5.76
546,5.73
349,5.81
751,5.81
345,5.91
677,0.00
224,5.86
575,0.00
307,5.81
814,11.75
384,5.79
242,5.82
251,5.70
48,5.76
423,5.64
877,11.68
350,5.77
16,5.78
674,0.00
726,5.71
491,0.00
739,0.00
938,5.76
359,5.83
597,0.00
906,11.95
838,5.80
968,0.00
851,5.97
399,6.10
494,0.00
265,6.21
803,6.20
963,6.26
97,6.34
218,6.38
358,6.25
542,0.00
474,6.33
59,6.27
470,6.22
874,6.31
793,6.33
15,6.36
411,6.35
238,0.00
258,6.41
83,6.44
809,6.21
859,6.26
75,6.27
686,6.17
671,0.00
454,6.13
677,0.00
629,6.34
720,6.37
295,6.46
704,0.00
687,6.51
567,0.00
908,6.65
448,0.00
941,6.50
759,6.45
572,6.52
349,6.40
792,6.48
233,6.44
601,12.27
363,6.57
311,0.00
568,6.53
25,6.38
239,6.40
387,6.38
162,6.45
375,0.00
90,6.33
985,24.42
779,12.09
356,6.40
920,6.15
534,0.00
343,6.21
842,12.04
126,6.18
863,12.01
144,6.19
613,0.00
786,17.96
648,6.35
345,6.29
357,6.33
920,6.30
75,6.36
796,12.04
54,6.40
361,6.24
123,6.23
570,6.21
905,6.09
711,0.00
285,11.97
791,6.14
116,6.09
483,5.98
228,5.83
115,5.86
72,5.68
153,0.00
572,5.71
578,5.75
473,0.00
17,5.62
592,5.61
997,5.67
87,5.74
763,0.00
143,5.71
569,0.00
45,5.75
642,5.74
383,5.84
821,5.60
744,0.00
239,5.78
816,5.75
43,5.90
833,5.84
753,5.96
744,5.84
290,5.97
772,0.00
536,6.05
43,6.01
402,0.00
459,0.00
703,5.94
526,6.00
93,6.10
745,5.97
83,0.00
94,6.11
818,5.98
425,6.02
518,0.00
982,0.00
540,5.93
905,12.36
427,6.11
650,6.04
813,6.00
653,12.63
658,6.20
874,6.22
322,6.08
183,6.02
371,6.10
596,6.08
942,0.00
338,6.21
459,6.30
901,6.24
38,6.49
439,12.54
779,6.42
976,6.36
27,6.37
409,0.00
993,12.59
948,6.52
156,6.47
172,6.46
80,6.46
890,0.00
365,6.51
842,6.44
493,6.46
897,12.70
126,6.46
467,0.00
919,6.44
450,6.45
74,6.52
622,6.54
249,6.65
730,0.00
215,6.58
747,12.75
198,6.63
546,0.00
402,6.58
432,6.64
629,0.00
265,6.72
222,6.64
839,0.00
13,6.61
685,0.00
712,6.49
210,6.60
209,6.64
388,6.53
119,6.58
182,6.49
587,6.49
77,6.56
973,6.33
760,0.00
247,6.44
900,0.00
782,0.00
490,6.34
806,0.00
719,6.44
218,6.50
763,6.27
249,6.49
630,0.00
396,0.00
606,6.33
577,0.00
192,6.33
352,6.31
407,0.00
558,6.25
17,6.35
637,0.00
962,12.21
111,6.31
659,12.25
47,6.14
964,6.23
300,6.09
623,5.98
1,5.97
862,5.96
562,5.97
642,5.99
448,6.20
101,6.10
787,0.00
728,0.00
247,6.09
992,6.00
825,6.15
91,6.16
87,6.04
342,6.05
317,5.97
356,0.00
110,5.89
151,5.89
703,0.00
392,6.03
830,0.00
145,5.91
779,12.38
518,12.30
67,5.75
1000,5.61
431,5.77
933,12.18
470,5.84
319,0.00
194,5.67
299,5.68
651,5.60
152,0.00
592,5.61
722,0.00
544,5.65
803,5.68
498,0.00
519,5.81
500,5.80
76,5.88
631,0.00
517,5.85
859,5.90
373,5.98
376,5.78
20,5.78
245,5.73
996,0.00
608,5.83
47,5.76
126,0.00
326,5.84
760,5.89
336,5.81
108,5.76
772,0.00
571,5.78
960,5.76
518,5.92
486,0.00
301,5.77
302,5.94
892,5.79
149,5.84
220,5.77
460,5.75
314,5.82
719,0.00
57,5.77
228,5.78
724,0.00
998,5.72
105,5.79
74,5.79
648,5.69
912,5.79
954,11.84
273,5.83
812,11.84
84,5.84
750,5.85
633,5.60
370,5.68
241,5.68
717,0.00
878,5.58
246,5.59
313,5.59
355,5.50
462,11.58
781,5.61
532,5.67
262,0.00
213,5.50
231,5.70
458,5.65
807,5.65
212,5.74
84,5.78
103,5.69
937,0.00
700,5.75
587,0.00
550,11.85
679,11.77
771,11.81
848,6.03
13,6.06
861,5.99
574,0.00
332,11.76
900,6.21
388,6.29
278,6.10
147,6.05
880,6.08
760,0.00
995,6.21
231,6.18
218,5.96
1,5.96
728,5.86
137,0.00
929,0.00
752,6.02
40,6.10
951,0.00
546,6.08
605,6.11
254,6.19
792,0.00
772,6.16
235,6.12
245,6.07
917,6.06
441,0.00
820,6.00
718,6.02
369,0.00
299,5.97
707,0.00
193,5.98
155,5.97
888,0.00
545,5.99
624,0.00
405,5.94
373,6.08
783,0.00
456,0.00
444,0.00
997,0.00
494,6.19
959,12.04
499,6.32
281,6.20
923,18.07
170,6.39
622,12.21
700,12.31
172,6.34
927,12.31
212,6.34
436,6.26
566,0.00
865,6.53
863,11.86
57,6.51
321,6.54
751,6.42
346,0.00
449,6.33
292,6.32
995,6.25
440,6.21
47,6.36
505,6.25
73,6.25
605,0.00
600,12.13
609,6.14
563,6.19
806,0.00
875,6.05
636,6.15
520,0.00
428,0.00
266,6.00
36,5.96
466,0.00
568,5.96
578,11.98
955,6.01
614,0.00
674,6.03
581,6.04
461,6.15
538,6.00
207,5.99
860,5.83
170,0.00
685,0.00
101,6.02
417,5.94
81,6.03
601,5.97
665,5.95
237,5.99
252,5.87
660,5.96
30,6.03
538,0.00
985,5.94
68,6.00
869,5.99
53,6.00
177,0.00
920,5.83
573,0.00
450,5.93
142,5.91
230,0.00
405,5.99
864,5.94
84,5.97
980,17.68
40,6.02
447,5.94
350,5.88
687,5.85
714,5.91
349,0.00
421,0.00
193,5.80
259,5.72
681,0.00
899,12.05
190,5.67
726,0.00
710,5.78
919,23.98
678,5.71
18,5.87
593,5.76
456,5.85
970,5.85
753,12.23
833,12.58
956,5.89
135,6.07
392,12.46
700,6.03
542,0.00
810,5.97
655,6.00
734,6.06
930,12.58
232,6.21
171,0.00
490,6.16
499,6.15
165,6.24
916,6.24
642,6.25
965,0.00
731,6.30
626,0.00
698,12.29
735,6.32
539,6.36
752,6.35
275,6.35
517,6.37
412,0.00
794,6.50
414,0.00
168,6.50
997,6.40
153,6.51
4,0.00
335,6.41
942,0.00
690,6.41
452,0.00
986,6.47
234,6.61
509,12.38
511,6.67
529,0.00
888,0.00
491,0.00
866,6.60
466,0.00
488,0.00
468,6.64
187,6.81
337,6.74
704,0.00
836,0.00
321,6.78
674,6.80
828,0.00
755,6.87
365,6.86
401,7.10
645,6.88
370,0.00
165,0.00
130,6.95
968,0.00
303,6.90
978,0.00
602,6.98
79,6.98
319,7.00
948,0.00
21,6.97
70,6.97
376,6.98
491,0.00
852,6.94
27,7.13
730,7.04
630,7.10
523,0.00
458,12.58
180,7.00
779,0.00
590,6.85
631,6.86
941,7.01
426,0.00
321,6.73
487,0.00
440,6.72
493,6.66
686,6.82
891,6.53
747,6.54
15,6.64
369,0.00
528,6.51
192,6.57
341,6.47
882,6.60
166,6.72
648,0.00
329,6.71
266,6.61
296,0.00
436,6.54
455,0.00
686,6.54
512,12.82
73,6.39
27,0.00
926,6.33
76,6.39
125,6.32
788,6.24
609,6.34
381,6.34
976,6.46
270,6.36
309,6.31
709,0.00
219,6.20
423,6.21
803,6.22
18,6.00
474,6.02
347,5.98
6,5.98
239,5.99
112,5.97
862,0.00
141,5.73
283,5.73
256,5.77
584,0.00
661,5.62
641,0.00
56,5.80
880,5.55
744,5.55
582,5.65
512,5.75
298,5.55
879,5.59
608,0.00
801,5.64
643,0.00
135,5.74
28,5.82
196,5.69
343,5.76
197,5.76
643,0.00
916,0.00
931,5.59
976,0.00
188,5.57
877,12.59
160,5.64
42,5.69
293,12.51
703,5.62
935,5.69
442,5.72
565,5.54
100,5.63
869,5.63
846,5.64
486,5.75
962,5.62
306,5.71
799,12.22
278,5.68
350,5.59
182,5.59
742,0.00
464,5.70
317,5.46
774,12.14
312,5.49
57,5.45
204,5.56
597,5.52
284,5.57
461,5.53
401,5.59
628,5.69
601,5.59
920,18.34
365,5.61
356,5.61
213,5.59
462,0.00
446,11.84
723,5.62
202,5.63
493,0.00
745,5.46
882,5.58
987,5.64
37,5.75
845,5.75
495,5.85
146,5.86
290,5.69
984,5.77
773,5.87
511,0.00
811,5.88
559,0.00
304,5.94
588,6.06
304,6.07
759,0.00
740,6.11
359,6.11
399,6.13
39,5.89
191,5.93
635,5.94
92,6.02
671,0.00
558,5.82
895,5.82
394,5.94
574,5.75
150,5.82
396,5.75
827,0.00
335,5.84
72,5.77
599,0.00
752,5.76
692,5.87
148,5.88
926,0.00
919,5.85
671,5.94
49,5.96
309,5.93
793,6.00
536,6.09
69,5.90
698,0.00
394,5.98
341,5.92
13,5.92
409,5.82
619,0.00
971,11.45
54,5.80
913,0.00
729,11.55
574,5.83
208,5.89
757,5.89
754,6.00
497,5.91
500,6.01
539,5.98
702,6.05
623,6.14
908,11.52
126,6.16
179,6.08
808,0.00
753,6.15
353,0.00
706,0.00
192,6.22
682,0.00
909,11.86
568,6.07
980,0.00
729,6.23
212,6.33
864,6.27
970,6.34
817,6.40
540,0.00
571,6.20
422,0.00
638,6.24
979,0.00
293,6.28
291,6.19
345,6.19
927,0.00
654,6.23
759,6.42
897,0.00
1,6.26
199,6.27
892,6.15
259,6.26
447,6.21
55,6.33
636,6.25
649,0.00
420,6.33
931,6.34
228,6.38
229,6.16
590,6.19
206,6.32
620,0.00
344,6.24
818,6.24
619,0.00
255,6.20
946,0.00
144,6.27
600,0.00
93,6.14
790,6.06
47,6.06
52,5.99
546,0.00
721,6.11
310,5.93
593,0.00
996,6.21
119,6.16
745,12.29
818,6.38
985,17.84
431,0.00
61,6.18
102,6.30
322,6.19
374,0.00
912,12.25
318,6.24
848,12.24
290,6.24
767,6.23
407,6.31
878,6.23
615,0.00
18,6.37
180,6.26
540,6.20
819,6.21
709,0.00
839,12.26
749,6.29
582,6.16
758,6.27
970,6.09
13,6.09
93,0.00
908,6.22
363,6.21
738,6.07
244,6.03
808,6.22
113,6.24
552,6.21
894,6.18
243,6.37
75,6.12
848,6.11
87,6.24
371,6.27
266,6.15
520,5.97
298,12.30
980,6.08
292,5.88
43,6.00
699,0.00
482,0.00
281,6.07
502,0.00
92,5.97
811,0.00
41,6.05
520,6.05
902,6.05
996,23.81
349,6.18
83,6.12
226,5.99
420,6.02
887,5.94
189,5.95
960,0.00
799,12.35
491,0.00
920,6.02
28,5.99
13,6.11
284,6.05
448,0.00
888,6.06
871,12.03
255,5.96
259,6.07
161,5.98
113,5.97
692,0.00
392,12.03
717,5.83
485,5.64
211,5.75
275,5.69
300,5.69
890,0.00
18,5.88
381,5.79
492,11.92
236,5.67
157,5.65
138,5.59
866,17.78
428,5.54
207,0.00
861,11.86
354,11.88
188,5.65
268,0.00
474,0.00
757,5.46
422,5.52
75,5.61
751,11.77
332,5.74
635,0.00
446,5.57
426,11.87
207,5.74
784,0.00
797,5.64
649,0.00
72,5.68
737,5.65
839,18.18
183,5.73
52,5.55
234,0.00
716,5.55
863,0.00
209,5.48
241,5.56
860,5.45
483,0.00
101,5.51
998,5.53
485,5.61
62,5.67
475,0.00
362,5.57
471,0.00
926,11.78
93,5.65
329,5.61
795,5.56
134,5.68
999,5.65
968,5.76
83,5.58
771,5.72
825,5.62
585,5.69
830,5.69
442,0.00
553,5.63
403,5.75
245,5.84
789,0.00
305,5.63
939,0.00
969,11.85
662,5.65
890,5.83
31,5.90
920,5.83
909,11.90
628,5.97
868,18.18
349,5.89
730,5.92
398,6.02
308,5.87
35,6.01
585,11.54
568,5.96
196,5.98
149,5.87
540,0.00
20,5.98
747,0.00
201,5.78
956,0.00
84,5.77
668,5.84
650,0.00
889,5.67
946,17.64
775,0.00
658,5.76
513,0.00
124,5.85
342,5.87
518,0.00
642,5.79
697,5.64
269,5.63
550,0.00
162,0.00
804,0.00
860,5.64
883,5.96
244,5.80
294,0.00
738,5.90
523,5.91
192,0.00
673,5.95
661,6.06
683,6.23
673,6.27
700,0.00
113,6.13
872,6.14
448,0.00
203,6.34
811,0.00
314,6.30
536,6.26
989,0.00
123,6.30
828,6.30
668,6.44
188,6.41
748,0.00
761,6.48
747,0.00
404,6.42
777,6.43
315,6.43
384,6.44
132,6.40
817,6.30
339,0.00
58,6.30
683,0.00
665,0.00
924,0.00
367,0.00
435,6.18
413,0.00
837,6.13
152,6.34
878,0.00
49,6.33
984,12.41
838,6.42
964,6.50
335,6.55
996,12.37
133,6.51
727,6.49
890,6.57
739,6.68
222,6.69
177,6.58
861,24.89
781,6.87
617,0.00
850,6.86
506,6.87
691,6.85
609,6.93
562,12.65
921,7.04
283,7.05
747,6.82
11,6.84
739,0.00
737,6.84
816,0.00
271,6.80
857,0.00
608,6.78
274,7.01
920,6.98
862,7.07
954,0.00
969,7.07
695,12.84
781,7.26
881,7.07
39,0.00
913,7.26
844,0.00
544,0.00
408,6.92
354,6.97
735,0.00
10,6.84
78,6.77
340,6.67
605,6.58
717,0.00
178,6.71
555,6.70
536,0.00
423,12.88
855,6.73
116,6.57
441,6.49
890,0.00
929,6.43
316,6.48
554,6.54
731,6.55
571,6.56
181,6.30
347,6.49
211,6.47
52,6.48
337,6.42
986,24.43
309,6.55
909,0.00
473,6.39
685,6.37
541,0.00
369,6.42
924,0.00
112,6.45
556,12.82
114,6.42
380,0.00
126,6.16
610,6.16
534,6.21
691,6.22
802,0.00
930,12.85
832,6.17
428,18.75
444,12.80
696,6.20
875,12.94
425,6.29
467,0.00
75,6.22
897,6.14
793,6.15
747,0.00
481,0.00
24,6.16
497,6.15
906,6.01
80,6.07
554,0.00
3,5.96
125,6.01
405,5.88
931,5.86
110,5.93
605,5.84
234,0.00
226,0.00
517,5.74
923,5.82
701,0.00
467,13.05
26,5.78
301,5.65
243,5.78
677,12.68
551,5.49
678,0.00
614,5.56
338,0.00
715,5.64
229,5.74
161,5.74
773,0.00
246,0.00
304,5.64
445,5.60
3,0.00
596,5.66
974,5.74
66,5.76
467,0.00
964,5.62
765,5.70
748,5.71
634,5.72
144,5.83
391,0.00
987,24.44
433,12.35
120,12.30
199,6.01
667,0.00
362,5.84
949,0.00
165,5.86
472,5.87
44,5.88
152,5.78
740,5.83
180,5.78
855,0.00
860,5.61
181,5.73
189,5.77
626,5.75
108,5.83
760,0.00
265,5.76
868,5.77
337,5.88
112,5.69
257,5.57
897,5.57
981,11.86
186,5.70
282,0.00
599,5.84
191,5.72
667,0.00
714,0.00
703,5.80
573,5.95
59,5.90
900,0.00
721,5.96
387,5.99
647,0.00
637,5.92
725,6.08
593,6.14
623,6.20
946,6.02
675,6.18
931,6.27
583,0.00
439,0.00
725,6.20
588,0.00
158,6.36
244,6.28
821,0.00
124,6.24
497,0.00
759,6.25
911,11.79
724,11.93
466,6.30
653,0.00
812,0.00
850,6.20
154,6.18
458,6.18
634,6.27
736,6.35
702,6.40
214,6.24
229,6.22
724,11.85
863,6.34
425,6.45
712,0.00
474,6.29
829,6.38
313,6.29
43,6.17
481,0.00
661,0.00
643,0.00
363,6.29
652,6.30
408,0.00
682,0.00
933,6.48
474,0.00
925,6.53
789,12.49
305,6.66
587,6.61
594,0.00
445,6.79
731,0.00
242,6.65
740,6.63
717,6.68
518,0.00
725,6.69
4,6.82
847,6.82
216,7.05
623,6.93
458,0.00
625,6.84
258,6.89
759,0.00
448,12.51
789,25.59
256,6.75
451,6.56
878,6.70
335,6.53
959,18.72
749,0.00
666,0.00
310,6.56
431,6.56
725,6.51
15,6.73
741,0.00
261,6.56
116,6.64
614,0.00
130,6.53
508,0.00
798,12.77
531,6.47
161,6.53
312,6.45
298,6.45
668,0.00
991,6.54
965,12.74
144,6.59
334,6.39
549,12.67
450,6.50
127,6.59
787,0.00
667,6.42
525,0.00
483,6.58
139,6.65
9,6.54
221,6.48
662,0.00
997,6.38
718,6.47
615,0.00
403,0.00
17,6.57
381,0.00
502,0.00
995,12.92
240,6.53
993,6.56
30,6.53
399,6.46
376,12.72
752,6.43
388,6.44
205,6.32
357,6.34
553,0.00
907,6.28
252,6.36
565,0.00
581,6.33
475,0.00
545,6.35
190,6.35
798,0.00
900,6.30
632,0.00
830,6.39
801,6.40
615,6.34
98,6.48
536,0.00
416,6.57
833,0.00
257,6.45
455,0.00
799,6.32
906,6.34
7,6.19
841,6.25
152,6.30
287,6.19
999,0.00
505,12.83
413,6.06
854,6.21
315,6.16
481,0.00
485,6.03
884,0.00
492,0.00
995,6.30
175,6.31
140,6.16
319,6.18
472,6.10
510,6.17
866,0.00
240,6.30
716,0.00
918,0.00
817,6.23
878,0.00
806,6.38
77,6.38
945,12.91
874,0.00
957,6.56
352,6.52
99,6.52
733,0.00
573,6.56
755,0.00
463,6.54
364,6.62
341,6.52
463,0.00
675,6.41
783,0.00
583,6.43
19,6.47
339,6.47
100,6.27
308,6.23
331,6.27
783,0.00
979,12.64
496,6.39
407,0.00
522,6.52
712,0.00
346,6.34
890,0.00
114,6.48
266,6.55
922,0.00
906,6.41
555,0.00
379,6.44
619,6.44
232,6.44
796,6.48
183,6.37
610,0.00
26,6.33
303,0.00
859,6.37
445,6.30
127,6.25
985,0.00
195,6.16
40,6.24
924,6.14
40,6.24
238,6.13
860,12.50
273,6.16
409,6.24
742,12.50
756,6.40
29,6.24
340,6.29
503,6.23
964,19.29
504,12.55
542,6.49
699,6.40
445,6.28
758,19.29
170,6.39
276,6.33
99,6.22
711,6.03
200,6.13
650,6.12
772,6.12
49,0.00
290,6.13
644,0.00
176,5.99
769,6.05
15,6.15
793,0.00
221,5.96
319,5.92
470,0.00
652,5.77
537,12.28
163,5.95
695,0.00
909,18.82
948,5.75
871,5.75
2,5.83
584,5.75
852,0.00
875,0.00
568,5.87
493,5.85
773,5.93
926,0.00
33,6.19
452,6.11
433,0.00
795,6.12
989,0.00
393,6.04
806,12.50
919,6.09
450,6.10
444,6.07
541,6.01
592,6.05
943,12.48
553,6.29
304,6.15
633,6.15
343,0.00
787,6.01
577,6.10
250,6.17
415,0.00
971,6.08
895,0.00
31,6.15
570,0.00
270,6.22
839,0.00
27,6.06
214,6.27
724,0.00
541,0.00
179,6.13
592,0.00
685,6.29
82,6.33
723,12.54
86,6.31
249,6.16
47,6.28
107,6.19
118,6.25
606,0.00
1000,12.60
123,6.16
923,6.23
585,6.24
668,18.83
757,6.15
291,6.25
402,6.29
443,6.24
674,6.24
143,6.17
745,12.52
45,6.22
990,12.29
625,6.31
505,6.41
396,0.00
257,6.22
516,6.23
444,0.00
138,6.26
881,0.00
360,6.31
523,6.14
592,6.06
916,0.00
395,6.07
878,6.07
284,6.05
739,5.86
603,0.00
477,5.87
643,5.81
222,5.80
907,5.63
247,5.75
408,0.00
696,5.73
479,0.00
789,5.92
353,0.00
725,5.91
454,5.84
890,5.87
580,5.88
428,0.00
892,11.71
575,5.67
879,11.74
861,5.65
192,5.68
844,0.00
694,5.53
752,5.55
724,0.00
400,5.54
223,5.58
69,5.47
341,0.00
986,0.00
716,5.38
703,0.00
482,5.48
404,5.65
747,0.00
642,5.64
137,0.00
939,0.00
487,0.00
346,5.61
252,5.49
401,5.56
13,5.50
884,0.00
402,5.62
683,0.00
928,5.52
644,5.52
711,11.91
310,5.57
386,5.46
26,5.51
863,5.45
740,5.56
190,5.57
122,0.00
174,5.53
921,0.00
18,5.59
234,5.49
477,0.00
56,5.43
232,5.47
641,0.00
541,5.41
938,0.00
566,5.51
962,0.00
508,5.63
927,17.52
870,5.62
198,5.68
735,11.80
300,5.73
874,5.63
556,5.65
221,5.85
393,0.00
827,5.76
126,5.77
305,5.67
124,5.77
239,5.65
223,5.66
65,5.66
159,5.51
696,0.00
799,5.44
188,5.48
863,5.53
833,5.56
229,5.59
624,5.55
850,5.68
368,0.00
732,5.82
668,5.87
884,0.00
574,5.92
398,0.00
951,11.52
873,5.96
816,6.04
153,5.94
464,0.00
683,5.90
112,5.96
234,6.01
135,5.92
608,5.93
673,0.00
706,6.06
673,6.06
335,6.07
697,5.90
283,0.00
597,5.94
692,5.93
967,6.01
30,6.05
292,6.04
418,6.05
782,5.97
575,6.12
852,0.00
514,6.06
374,6.20
641,6.21
793,11.81
733,6.06
46,6.04
395,0.00
140,6.07
501,6.06
574,6.15
873,6.16
190,6.18
973,6.29
205,6.12
213,6.12
719,0.00
145,6.28
672,0.00
729,6.30
128,6.24
165,6.16
549,0.00
790,6.15
728,11.73
382,6.37
876,0.00
405,0.00
209,11.82
720,6.36
943,0.00
806,11.91
217,6.04
36,6.10
690,0.00
402,6.07
523,6.09
260,6.10
879,0.00
57,6.26
551,6.32
580,0.00
586,0.00
839,0.00
461,6.14
269,6.12
780,11.81
317,6.12
258,6.10
435,5.90
833,6.00
135,6.10
368,5.93
543,0.00
932,0.00
411,11.84
744,6.00
190,5.90
808,0.00
218,6.02
72,6.01
147,5.94
218,5.89
338,0.00
947,0.00
872,5.89
299,6.05
197,0.00
331,5.90
764,5.94
810,6.09
641,0.00
333,5.94
348,5.95
381,0.00
955,5.90
139,5.91
285,5.91
638,5.86
51,5.74
993,5.79
85,5.96
568,5.85
985,12.18
259,5.97
306,5.95
70,5.93
197,5.83
390,0.00
559,0.00
834,5.76
187,5.89
201,5.80
294,5.80
640,5.89
12,5.96
830,5.67
813,5.74
159,5.78
458,5.74
928,5.74
907,0.00
267,5.88
446,5.74
99,5.76
485,0.00
30,5.61
541,11.83
713,5.67
341,5.72
179,5.61
153,5.55
289,5.49
45,0.00
382,0.00
630,5.51
251,5.49
752,5.55
121,5.64
712,0.00
384,5.48
342,0.00
651,5.39
324,5.46
982,5.43
285,5.34
369,0.00
797,0.00
170,5.52
972,0.00
175,5.43
944,5.58
899,5.46
217,5.35
862,5.48
519,5.51
242,5.43
69,5.38
577,5.38
43,5.38
920,0.00
421,5.33
849,0.00
944,5.34
205,5.47
918,5.32
519,5.38
270,5.41
564,5.34
966,0.00
982,11.45
995,5.63
12,5.64
124,5.56
125,5.51
82,5.45
141,5.32
619,17.29
736,22.98
641,11.35
538,5.46
841,17.49
3,5.38
407,5.53
319,5.53
177,0.00
348,0.00
924,11.81
69,5.56
233,5.56
922,5.52
26,5.53
457,0.00
824,5.59
842,5.68
8,5.83
804,5.75
756,5.83
690,5.89
300,5.97
177,5.77
202,5.64
740,5.66
235,5.77
970,0.00
797,5.86
94,5.81
171,6.01
872,0.00
994,11.73
604,6.13
472,0.00
158,6.06
609,0.00
56,6.08
701,6.01
693,6.01
1,6.06
480,0.00
758,5.97
969,6.04
960,6.07
345,5.96
677,5.98
879,0.00
610,5.97
871,6.10
543,6.11
368,0.00
455,6.07
515,11.52
795,6.04
279,5.97
188,5.97
270,6.01
934,6.01
438,0.00
736,5.94
716,5.88
39,5.96
102,5.84
839,0.00
243,5.93
203,5.91
26,5.91
503,5.79
250,5.87
836,5.66
888,5.70
55,5.70
964,5.70
834,5.77
278,5.72
580,5.99
93,5.80
839,5.74
801,5.84
341,6.01
534,0.00
643,6.06
245,5.94
482,0.00
865,11.40
259,6.00
846,11.73
310,5.98
30,5.97
33,5.92
10,5.91
736,0.00
578,5.91
534,5.80
559,0.00
732,0.00
792,5.80
314,5.85
548,0.00
347,5.87
348,5.88
345,5.92
691,5.79
845,0.00
925,5.86
450,5.77
661,11.81
721,5.87
663,5.88
376,5.67
49,5.80
459,5.70
721,0.00
846,5.72
812,0.00
528,5.98
753,0.00
995,6.00
989,6.09
220,6.12
544,6.18
725,6.23
187,6.11
300,0.00
916,12.13
434,6.08
604,6.09
103,6.07
632,5.94
714,0.00
737,6.04
536,12.17
295,6.17
913,0.00
960,6.07
386,6.03
937,12.01
863,6.19
84,6.20
338,6.29
755,6.26
938,12.19
781,6.35
34,6.49
844,0.00
993,0.00
635,6.47
247,6.63
859,0.00
761,12.27
419,6.49
125,6.54
82,6.51
26,6.51
776,0.00
480,6.50
498,0.00
594,6.36
677,6.41
778,12.28
87,6.41
401,12.37
129,6.36
314,6.35
463,0.00
797,6.42
170,12.47
752,6.65
300,6.70
315,12.54
892,6.71
371,6.53
139,6.58
333,6.42
432,0.00
456,6.38
126,6.40
408,6.34
69,6.39
684,0.00
221,12.15
512,6.28
435,11.93
748,6.23
127,6.24
367,11.87
660,6.15
664,0.00
131,6.09
156,6.15
871,41.64
264,6.16
51,6.09
843,0.00
742,11.97
770,0.00
532,6.01
894,0.00
501,12.27
188,6.18
121,6.11
538,0.00
284,6.03
366,6.01
257,5.97
989,6.02
186,6.11
737,0.00
628,5.99
66,6.02
697,5.98
815,0.00
582,0.00
158,6.14
409,6.09
48,5.99
684,0.00
526,6.07
271,12.29
324,6.07
749,0.00
606,6.06
306,5.98
753,0.00
926,6.03
385,0.00
995,5.86
165,5.98
467,0.00
975,5.95
865,5.98
399,5.98
775,0.00
234,5.86
514,5.87
465,5.92
208,5.91
542,0.00
903,12.31
945,5.93
334,5.93
317,5.99
730,5.85
719,5.81
181,5.82
403,0.00
991,0.00
131,5.73
732,0.00
726,5.86
511,5.70
329,5.88
730,5.95
970,5.98
309,6.10
240,6.05
711,5.98
535,6.05
186,6.11
967,6.06
261,0.00
584,6.15
946,0.00
159,6.31
382,6.42
462,0.00
923,6.32
986,12.58
954,12.63
195,6.35
31,6.40
228,6.41
157,6.43
796,6.21
574,0.00
933,6.18
658,0.00
708,6.11
76,6.19
173,6.21
246,6.23
24,6.10
616,0.00
34,6.12
642,0.00
786,5.99
2,6.00
114,5.92
402,0.00
80,5.79
935,5.87
747,5.88
307,5.97
667,0.00
176,5.81
835,0.00
606,5.80
56,5.81
607,5.73
980,11.59
256,5.79
687,0.00
417,5.77
93,5.86
765,0.00
773,11.62
698,5.66
721,11.71
854,5.76
194,5.83
991,5.70
155,5.69
940,5.64
49,5.64
956,5.64
22,5.65
699,5.66
815,11.49
729,5.67
16,5.62
919,5.53
934,18.09
126,5.70
341,5.69
945,0.00
359,5.61
94,5.59
943,11.46
980,5.65
628,5.50
397,5.71
855,0.00
42,5.70
898,0.00
951,5.79
842,12.04
765,0.00
452,5.95
252,6.00
593,0.00
748,5.90
125,5.95
320,5.97
943,5.89
326,5.84
231,5.92
940,12.19
287,5.91
507,0.00
306,5.91
332,5.99
917,5.99
833,6.12
835,6.04
926,6.16
117,6.19
376,12.22
758,6.20
669,0.00
385,6.14
453,6.20
611,6.19
380,6.29
741,0.00
695,0.00
68,6.29
94,6.37
170,6.30
122,6.21
780,0.00
502,12.06
264,6.37
909,6.46
262,6.27
916,12.13
387,6.50
387,6.45
743,0.00
601,6.45
209,6.41
236,6.49
524,0.00
910,6.49
349,6.49
487,0.00
932,6.39
793,12.12
264,6.50
233,0.00
393,6.45
382,6.50
643,12.04
375,6.43
745,0.00
790,6.47
731,6.53
465,0.00
402,0.00
242,6.66
486,0.00
591,12.36
705,6.75
62,6.61
780,12.39
255,6.72
705,0.00
442,6.64
801,6.65
466,6.76
617,6.60
815,0.00
361,6.63
967,0.00
40,6.71
247,6.51
911,0.00
68,6.47
536,0.00
359,6.22
940,0.00
154,6.17
581,0.00
282,6.13
880,0.00
626,6.17
732,12.16
689,6.27
528,0.00
288,6.26
599,6.20
892,12.19
230,6.45
130,0.00
198,6.39
655,0.00
404,6.38
636,6.57
981,0.00
952,0.00
282,6.38
352,6.39
133,6.38
584,0.00
976,12.57
550,0.00
682,6.70
814,6.67
669,6.79
436,6.81
519,6.80
127,6.83
84,6.81
884,6.73
654,6.80
233,6.90
513,6.92
911,0.00
512,6.91
918,0.00
937,13.39
559,6.89
80,6.77
24,7.03
319,6.80
122,6.81
600,6.77
520,0.00
562,0.00
10,6.81
113,6.82
486,0.00
378,6.74
804,6.71
673,0.00
885,18.86
248,6.78
445,13.20
754,6.65
976,6.65
848,6.62
173,6.75
482,6.56
417,6.62
259,6.65
199,6.60
194,6.63
260,6.53
128,0.00
834,13.21
60,6.60
337,0.00
992,0.00
18,6.42
615,6.43
463,6.56
401,6.45
522,6.32
513,6.44
158,6.29
443,6.29
215,6.31
737,6.31
901,6.26
791,6.33
801,6.28
377,6.36
400,0.00
483,0.00
675,6.30
75,6.30
927,0.00
930,12.67
473,6.32
235,0.00
910,6.24
673,0.00
329,6.23
512,0.00
821,6.29
818,0.00
6,6.22
970,6.37
550,6.17
216,6.02
635,0.00
915,5.91
191,5.97
851,0.00
253,5.96
587,6.05
901,0.00
571,0.00
877,0.00
261,6.21
332,6.23
622,0.00
958,6.35
82,6.19
815,0.00
377,6.09
542,5.96
246,6.05
311,6.05
41,6.07
160,6.07
886,0.00
977,5.90
727,6.04
101,6.13
861,6.10
121,6.11
269,6.05
17,6.07
723,12.77
389,12.69
452,6.11
217,6.12
459,0.00
382,6.01
393,6.04
184,12.51
525,5.99
694,5.81
654,5.95
230,5.80
502,5.99
501,0.00
619,6.10
679,0.00
788,19.44
992,6.15
380,6.18
267,6.25
481,0.00
335,6.23
463,6.31
772,6.32
938,6.18
923,6.27
584,6.23
180,6.44
912,6.44
96,6.32
968,6.33
890,6.31
206,6.32
413,6.35
121,6.32
366,0.00
892,6.44
71,6.27
552,0.00
182,6.24
275,6.29
888,6.25
66,6.25
212,0.00
288,6.34
442,6.18
598,0.00
647,6.16
260,6.20
125,6.07
882,6.04
483,6.00
696,6.07
519,5.87
489,0.00
500,5.95
651,0.00
135,5.84
220,5.74
129,5.69
697,0.00
250,5.61
710,0.00
487,5.56
583,5.57
595,0.00
273,5.51
965,5.68
291,5.59
667,5.56
254,5.66
425,5.60
440,5.67
42,5.71
223,5.67
553,0.00
876,5.47
18,5.55
971,11.65
21,5.66
317,5.54
586,0.00
468,5.58
791,0.00
139,5.68
637,5.64
190,5.78
381,0.00
387,0.00
724,0.00
283,5.93
699,0.00
974,11.87
407,5.99
544,5.71
879,5.71
44,5.84
719,0.00
770,5.77
795,5.78
792,5.80
223,5.86
95,5.82
516,0.00
791,11.97
709,12.05
952,5.77
964,5.66
933,12.08
178,5.75
687,5.58
454,0.00
433,5.73
543,0.00
881,5.83
171,5.77
913,0.00
592,5.79
511,0.00
217,5.80
510,5.80
53,5.88
106,5.72
414,5.70
859,0.00
960,11.85
410,5.75
250,0.00
60,5.89
263,5.82
13,0.00
286,5.82
508,5.88
89,5.70
495,0.00
704,5.75
228,5.76
775,5.76
512,5.86
785,5.77
926,5.77
796,5.84
625,0.00
972,11.57
163,6.02
349,5.92
597,0.00
853,0.00
562,5.99
601,0.00
619,6.09
525,0.00
158,6.24
356,6.10
5,6.10
613,5.98
841,0.00
618,6.14
398,6.13
330,6.06
674,0.00
251,6.05
987,11.91
3,6.13
202,6.13
39,6.20
687,6.02
504,11.85
812,11.91
228,5.99
741,11.94
179,5.95
522,0.00
650,11.94
699,6.29
761,6.10
899,6.47
844,6.25
945,6.16
170,6.14
72,0.00
751,6.19
945,0.00
783,6.36
413,12.20
683,6.47
948,18.45
845,6.35
915,6.29
687,6.40
429,6.44
11,6.44
468,6.28
557,6.36
396,6.47
599,6.33
825,6.33
562,6.09
197,6.29
337,6.10
694,6.10
131,6.22
988,6.20
977,6.29
109,6.36
807,6.31
895,0.00
584,6.25
117,6.19
605,6.28
420,0.00
350,6.30
502,0.00
753,6.19
880,6.26
415,6.31
708,6.22
972,12.14
837,17.66
749,0.00
902,6.22
913,6.20
49,6.35
748,6.31
50,6.32
480,0.00
326,6.20
584,6.12
862,6.20
35,6.30
185,6.32
575,0.00
299,6.23
711,6.22
79,6.32
457,6.21
264,6.15
412,0.00
567,0.00
195,6.02
948,0.00
903,6.26
241,6.27
589,0.00
950,6.27
192,6.22
232,12.27
359,6.11
263,0.00
312,5.96
665,5.95
395,5.95
832,6.01
91,6.10
593,5.83
556,0.00
938,5.84
193,6.00
911,0.00
474,5.87
904,0.00
509,0.00
999,5.95
759,12.39
86,5.99
178,5.96
262,5.85
839,17.90
756,12.22
6,5.93
116,0.00
393,0.00
885,0.00
963,12.04
585,5.98
260,5.83
939,5.87
333,5.96
371,5.97
97,6.03
904,0.00
205,5.99
64,5.89
132,5.92
811,0.00
780,12.10
960,12.24
849,12.38
79,5.85
864,5.89
862,0.00
902,6.13
234,6.15
469,0.00
864,6.01
532,0.00
680,6.15
437,6.05
565,0.00
419,6.04
197,6.09
435,0.00
617,5.83
750,0.00
653,5.93
592,6.04
960,0.00
394,0.00
511,5.97
301,0.00
678,0.00
358,5.90
989,0.00
82,6.01
1000,6.01
106,6.01
193,5.95
33,5.96
480,0.00
822,5.62
453,5.68
913,5.82
768,5.87
886,5.98
89,5.81
732,5.95
646,11.95
385,5.87
292,5.83
244,5.77
118,5.79
881,5.63
280,5.79
239,5.77
547,0.00
335,5.77
118,5.75
617,0.00
638,5.54
309,5.58
363,5.72
834,5.63
271,5.77
695,5.69
558,5.73
309,5.76
641,11.52
307,5.64
383,0.00
211,5.68
16,5.66
748,5.58
11,5.68
896,0.00
694,5.49
572,0.00
617,0.00
601,5.56
163,5.65
135,5.56
517,5.46
736,5.47
700,11.39
862,5.48
404,11.33
381,5.58
473,5.54
310,5.63
320,5.60
186,5.48
202,5.41
982,5.52
101,5.55
66,5.48
208,5.40
30,5.40
707,0.00
339,5.39
802,5.36
233,5.38
543,0.00
705,11.32
645,0.00
43,5.37
624,0.00
503,5.38
824,0.00
223,5.36
708,0.00
490,5.42
149,5.41
907,11.34
247,5.25
417,0.00
688,5.38
581,5.43
217,5.36
918,0.00
940,0.00
385,5.57
595,0.00
22,5.29
433,0.00
199,5.21
483,11.15
946,11.21
248,5.22
10,5.15
917,5.20
257,5.40
131,5.25
914,0.00
160,5.30
607,5.22
439,0.00
105,5.28
92,5.38
883,0.00
528,0.00
429,0.00
797,5.27
705,5.29
447,11.00
594,5.36
757,16.95
893,11.09
170,5.49
719,0.00
522,5.33
176,5.20
488,5.23
38,5.27
459,0.00
335,5.21
384,5.20
583,0.00
699,5.13
189,5.18
22,5.20
46,5.10
855,0.00
157,5.01
580,5.01
664,5.12
410,0.00
124,5.10
484,0.00
652,0.00
874,5.07
655,5.20
752,0.00
165,5.12
523,5.20
272,5.20
808,0.00
352,5.28
853,0.00
131,5.29
626,0.00
915,5.33
591,5.23
788,0.00
542,5.16
336,5.18
8,5.26
328,5.25
705,0.00
697,5.24
787,5.34
828,5.53
22,5.53
76,5.50
574,0.00
761,10.77
500,5.48
241,5.42
232,5.39
331,5.31
242,0.00
961,5.37
575,5.28
356,0.00
97,5.45
377,0.00
871,5.41
179,5.41
872,10.74
668,10.72
76,5.53
515,5.33
185,5.47
623,5.50
624,5.40
641,5.46
331,5.42
935,0.00
553,5.50
16,5.64
947,0.00
928,5.63
814,5.61
168,5.71
998,0.00
509,0.00
39,5.66
236,5.67
655,10.92
871,5.76
624,5.80
679,5.79
512,5.81
331,0.00
977,5.88
606,0.00
936,5.87
396,0.00
981,5.98
143,6.17
461,6.19
18,6.22
708,0.00
868,0.00
823,6.30
576,0.00
860,6.26
236,6.44
883,0.00
862,6.33
35,6.32
795,0.00
69,6.23
54,6.34
458,0.00
868,6.22
366,6.19
555,0.00
894,11.57
142,6.28
640,0.00
288,0.00
242,6.36
312,6.25
523,0.00
154,6.34
518,0.00
785,6.18
405,0.00
884,6.18
68,6.08
148,6.09
991,6.01
295,6.12
483,0.00
637,6.08
669,11.44
221,6.08
957,6.16
432,6.24
229,6.25
147,6.10
176,6.10
219,6.19
478,6.23
652,6.24
441,6.30
537,0.00
924,0.00
299,6.15
997,6.05
472,6.11
305,5.98
227,5.95
550,5.80
741,0.00
985,0.00
412,5.93
28,5.93
181,5.99
890,0.00
195,5.91
70,5.91
105,5.91
255,5.91
820,11.65
908,22.59
963,11.70
373,11.68
468,5.91
77,5.92
463,5.82
817,5.79
83,5.82
351,5.68
626,0.00
779,0.00
314,5.57
898,0.00
959,5.65
329,5.56
127,5.67
427,11.79
575,5.56
14,5.38
802,0.00
989,11.75
338,5.37
857,0.00
424,5.50
684,0.00
788,0.00
9,5.63
223,5.74
226,5.50
887,5.53
100,5.64
622,5.48
117,5.44
849,5.44
694,5.48
654,0.00
86,5.55
401,5.52
1000,5.46
624,5.59
262,5.57
955,5.48
41,5.59
794,11.66
23,5.60
441,0.00
164,0.00
653,11.90
461,5.64
499,0.00
14,5.57
489,0.00
982,17.18
225,5.69
203,5.69
106,5.63
979,5.67
605,5.67
529,5.66
232,5.66
613,5.75
177,5.87
728,0.00
443,11.86
778,5.87
488,5.92
17,5.74
669,5.81
281,5.87
364,5.88
296,5.83
202,5.90
407,0.00
719,5.85
723,0.00
648,5.86
13,5.87
446,5.86
799,0.00
264,5.94
964,11.83
670,5.89
544,11.77
321,11.55
409,5.98
211,5.98
852,0.00
952,6.07
840,5.89
59,6.02
276,6.11
888,0.00
413,6.22
368,6.10
267,6.16
773,6.02
432,11.52
244,6.17
33,6.08
689,0.00
503,6.04
859,6.04
337,6.00
915,11.53
47,6.11
608,5.97
529,5.92
16,0.00
92,6.09
179,5.90
364,5.93
9,5.82
578,0.00
350,5.77
188,5.75
799,0.00
875,5.87
601,5.99
999,11.39
456,5.89
469,0.00
268,5.96
389,0.00
703,11.36
719,5.83
595,0.00
430,0.00
969,5.92
750,5.81
759,5.91
624,5.92
729,0.00
470,5.95
321,6.02
127,5.94
561,5.89
139,5.96
844,5.92
644,5.93
59,5.80
697,0.00
694,5.82
956,0.00
559,0.00
583,5.84
21,5.78
357,5.64
195,0.00
135,5.65
323,5.58
799,0.00
860,5.48
391,5.47
603,5.58
949,5.59
330,5.66
773,5.67
918,11.52
795,5.77
25,5.65
852,5.70
172,5.71
173,5.54
607,0.00
334,5.52
323,5.58
56,5.37
240,0.00
624,5.36
312,5.44
743,0.00
180,5.39
576,5.31
478,0.00
496,5.43
870,5.48
372,5.44
225,5.33
292,5.46
653,5.31
153,5.46
86,5.39
608,0.00
241,5.40
889,5.40
722,5.41
595,5.53
655,0.00
592,11.50
467,5.63
756,11.38
329,5.68
993,5.61
444,0.00
154,5.60
643,0.00
846,5.63
507,5.62
14,5.75
918,0.00
736,11.64
802,5.81
521,5.85
176,5.78
567,0.00
489,5.85
604,0.00
879,23.54
617,0.00
873,0.00
443,5.79
753,5.79
819,5.88
845,6.00
61,6.01
673,5.98
135,6.04
944,5.84
238,5.87
384,5.90
636,17.55
949,5.98
368,6.20
441,5.93
141,0.00
414,5.99
519,6.11
932,0.00
647,0.00
594,5.95
968,5.96
520,0.00
652,6.02
769,11.74
275,5.97
686,6.06
361,5.95
473,6.02
332,6.13
456,6.06
399,0.00
716,6.11
710,6.13
537,0.00
918,6.19
941,6.26
499,6.39
362,6.29
974,6.38
803,11.75
37,6.49
636,0.00
496,6.41
242,6.34
875,11.74
376,6.42
10,6.29
146,6.33
855,6.23
158,6.37
864,0.00
873,6.48
317,6.34
419,0.00
434,0.00
293,6.25
456,0.00
478,11.86
42,6.18
31,0.00
953,6.22
240,6.07
745,0.00
981,6.13
633,0.00
835,0.00
772,6.36
1,6.24
239,6.18
830,0.00
853,6.07
8,6.05
501,5.98
998,0.00
769,17.93
921,6.22
981,6.21
267,6.18
783,0.00
448,0.00
411,6.08
887,18.07
330,6.14
315,6.03
818,6.11
254,6.16
34,6.11
594,0.00
824,12.00
262,5.92
225,5.92
682,0.00
439,0.00
611,6.03
976,6.02
622,0.00
723,6.03
430,6.07
891,5.99
850,6.08
285,11.93
622,6.09
956,6.10
967,5.99
136,6.11
825,0.00
761,5.93
583,0.00
679,5.93
561,0.00
860,5.85
389,0.00
555,5.85
364,5.83
955,0.00
189,5.84
518,0.00
509,5.87
14,5.94
159,5.83
708,0.00
613,5.84
359,5.80
939,5.78
20,5.90
531,5.79
358,5.80
645,0.00
453,5.83
715,0.00
510,5.87
456,5.89
746,5.99
548,6.11
577,6.11
563,17.79
211,5.97
263,5.98
420,0.00
423,5.79
500,5.80
147,5.92
466,0.00
540,5.75
261,0.00
213,0.00
998,11.82
201,5.77
609,5.81
60,5.82
119,5.88
700,5.72
897,5.76
571,5.77
819,5.69
508,0.00
776,5.72
633,0.00
126,5.90
905,0.00
395,5.94
137,5.95
900,5.83
981,0.00
929,0.00
508,6.16
1000,6.17
303,6.17
492,6.32
147,6.20
27,6.16
541,6.08
715,6.21
867,12.16
91,6.29
475,0.00
788,6.15
923,12.28
889,12.28
1000,24.16
968,12.27
259,12.24
510,0.00
25,6.17
650,0.00
786,6.19
828,6.18
193,6.24
860,6.23
636,6.30
242,6.23
34,6.19
131,6.11
980,0.00
192,6.21
944,0.00
907,6.16
548,0.00
907,0.00
422,6.43
178,6.29
768,0.00
335,6.40
543,0.00
163,6.32
496,0.00
633,0.00
896,0.00
987,6.22
982,6.18
406,6.29
523,6.32
870,0.00
306,6.34
801,6.37
921,0.00
440,6.40
332,6.39
758,0.00
955,6.64
250,6.49
89,6.52
247,6.48
310,0.00
756,12.09
171,6.55
225,12.05
465,6.50
602,0.00
681,12.08
182,6.38
849,0.00
99,6.21
40,6.15
958,6.21
15,6.35
279,12.03
99,6.28
926,12.03
276,6.18
327,6.18
431,5.95
843,0.00
876,6.15
105,6.05
729,18.14
166,6.14
256,6.04
815,0.00
667,6.05
431,6.16
922,6.04
796,6.09
382,6.19
911,0.00
490,12.39
556,6.17
450,6.22
318,6.26
783,12.40
824,6.15
681,12.55
506,12.34
86,6.14
760,0.00
353,5.99
207,6.01
49,6.02
901,0.00
592,5.96
992,6.01
839,6.23
606,6.16
1,6.27
383,6.14
665,0.00
52,5.96
546,0.00
924,5.87
757,5.93
8,5.90
549,0.00
929,6.04
144,6.15
104,6.14
23,6.08
895,12.13
754,5.96
168,5.97
593,12.31
434,0.00
572,5.79
317,5.88
211,6.01
360,5.87
190,5.84
282,5.89
504,0.00
401,5.67
379,0.00
428,5.77
507,0.00
520,5.56
382,0.00
182,5.60
281,5.63
34,5.55
16,5.69
265,5.55
334,0.00
494,5.56
163,0.00
691,5.57
629,5.64
457,0.00
951,5.60
188,5.65
130,5.68
564,0.00
709,5.60
125,5.58
369,5.47
512,0.00
660,5.40
813,5.42
142,5.37
216,5.26
640,0.00
393,0.00
918,11.62
542,0.00
798,11.63
77,5.55
56,5.45
80,5.36
189,5.32
758,0.00
930,5.29
302,11.34
865,17.73
321,5.32
832,11.36
829,5.41
403,0.00
195,5.33
743,0.00
817,0.00
979,17.54
318,5.46
387,11.45
369,5.38
970,5.37
576,5.49
830,11.55
679,11.65
585,5.57
163,5.43
814,5.49
994,5.33
780,0.00
61,5.52
631,0.00
854,0.00
455,0.00
952,5.61
573,0.00
192,5.52
515,5.39
119,5.45
574,5.45
930,5.49
440,5.54
637,5.46
321,0.00
442,5.51
974,0.00
339,5.59
513,0.00
246,5.65
746,11.27
287,5.84
829,5.69
95,5.69
198,0.00
90,5.69
351,5.79
744,5.75
985,5.68
95,5.85
386,0.00
151,5.75
290,5.65
815,5.62
5,0.00
210,5.81
118,5.75
275,5.68
989,5.75
447,5.81
627,0.00
864,11.34
690,5.95
664,5.96
902,6.01
562,6.12
743,0.00
317,6.12
346,6.02
596,0.00
357,5.95
850,6.00
799,6.06
621,6.17
429,6.22
743,6.23
522,6.23
370,6.18
775,6.24
769,6.25
668,11.62
501,11.72
634,6.38
626,6.26
709,11.64
39,6.44
271,6.48
436,0.00
846,6.35
200,6.36
826,11.72
481,6.34
340,0.00
136,6.27
226,6.31
682,0.00
1000,11.93
827,6.41
459,6.46
457,6.51
382,6.59
556,11.91
449,6.58
48,6.60
59,6.44
851,0.00
25,6.27
249,6.30
449,0.00
564,6.21
123,6.20
524,6.17
917,11.92
947,11.91
389,6.21
236,6.31
49,6.32
821,0.00
72,6.32
507,6.32
668,6.38
136,6.19
295,6.27
531,0.00
942,6.24
731,6.20
760,0.00
74,6.19
563,6.08
994,6.23
48,6.34
195,6.23
274,6.27
944,6.22
56,6.23
908,11.91
411,6.27
558,6.36
522,0.00
950,6.36
363,6.51
446,0.00
176,6.62
107,6.57
738,0.00
189,6.46
390,0.00
796,0.00
205,6.26
510,0.00
125,6.20
949,6.15
302,0.00
958,0.00
784,0.00
278,6.18
509,6.17
931,6.25
978,6.32
160,6.32
258,6.21
918,6.27
859,24.04
995,6.19
26,6.13
809,0.00
476,12.51
979,6.11
353,6.24
778,0.00
964,6.21
328,0.00
500,6.17
407,6.09
361,6.00
446,12.34
664,12.25
410,5.73
179,5.66
269,5.79
409,5.87
471,5.80
874,5.77
512,5.89
457,5.92
198,5.91
997,0.00
891,6.06
843,12.15
484,5.94
614,5.97
664,6.10
240,0.00
848,12.53
162,6.20
380,0.00
929,0.00
99,6.40
487,0.00
324,6.35
821,6.36
40,6.47
214,0.00
606,6.39
738,12.58
480,12.60
282,6.53
259,6.51
236,6.41
105,6.41
678,0.00
616,6.50
723,6.56
214,6.46
9,6.29
311,6.38
120,6.20
338,6.04
865,12.61
747,6.06
280,6.13
191,6.08
882,6.10
357,0.00
468,6.07
649,6.05
811,6.06
471,6.14
961,6.19
791,6.17
482,0.00
935,6.15
116,6.14
343,6.24
925,0.00
577,6.23
546,6.24
256,6.10
326,6.09
972,6.10
54,6.15
518,5.95
194,6.06
248,5.94
145,5.95
720,5.87
536,0.00
967,12.10
797,6.09
535,6.02
125,6.08
180,6.09
55,6.12
451,12.05
702,6.16
922,6.18
543,6.25
449,6.29
44,6.29
328,0.00
584,0.00
552,0.00
637,6.26
90,6.38
177,6.19
750,0.00
330,12.16
997,6.18
314,12.04
519,6.26
734,6.31
469,6.11
190,6.01
310,5.86
724,5.85
8,5.89
85,5.89
500,5.75
83,5.76
605,5.75
498,5.83
243,5.75
507,5.64
679,0.00
839,12.13
35,5.83
203,5.72
372,5.69
836,0.00
39,5.74
928,5.73
32,5.78
123,5.62
36,5.63
607,5.62
862,5.62
801,5.65
96,5.77
792,5.82
215,5.83
819,5.72
29,5.78
756,0.00
787,0.00
122,5.82
196,5.91
41,5.87
931,5.87
249,5.97
443,0.00
983,0.00
662,5.90
109,5.74
91,5.73
327,5.64
398,5.57
824,0.00
952,5.56
930,11.84
740,11.66
323,5.51
81,5.41
788,5.61
914,5.49
290,5.53
915,5.61
686,0.00
846,5.50
994,5.62
422,5.50
155,5.53
949,0.00
361,5.60
894,0.00
863,11.80
430,5.46
216,5.66
409,0.00
64,5.54
982,0.00
575,5.51
987,5.55
194,0.00
517,0.00
890,0.00
913,5.55
975,5.60
891,5.52
160,5.68
303,5.60
620,0.00
129,5.56
191,5.56
547,0.00
371,5.58
578,0.00
897,5.61
719,0.00
168,5.67
309,5.51
834,0.00
478,5.62
484,0.00
422,5.54
427,11.22
411,5.62
666,5.62
681,0.00
878,5.61
546,5.71
144,5.63
809,0.00
201,5.57
710,5.61
957,0.00
989,5.65
75,5.73
174,5.68
465,0.00
997,5.65
294,5.85
22,5.76
763,0.00
724,0.00
77,5.79
403,0.00
491,5.88
27,5.71
119,5.71
746,0.00
534,5.64
341,11.31
435,5.71
941,23.63
379,11.28
279,5.71
22,5.66
381,5.70
456,5.82
493,5.74
792,5.82
282,5.78
157,5.79
858,0.00
528,5.72
264,5.73
867,5.63
52,5.64
491,0.00
755,5.56
295,5.71
278,5.72
457,5.64
572,11.36
906,11.14
931,17.65
30,5.57
202,5.65
581,0.00
299,5.60
548,0.00
595,5.55
288,5.65
700,0.00
418,5.66
84,5.67
557,0.00
668,11.26
122,5.54
946,5.57
449,0.00
620,5.56
49,5.78
570,5.72
473,0.00
415,5.67
558,5.67
609,5.65
912,0.00
487,5.55
412,0.00
517,5.56
23,5.67
822,5.74
679,5.75
663,5.86
320,5.73
675,0.00
214,5.76
759,5.73
556,5.74
235,5.74
753,0.00
167,5.79
403,5.73
710,5.74
275,5.65
277,0.00
147,5.70
231,5.50
431,0.00
134,5.59
927,11.31
297,5.65
394,0.00
973,5.63
168,5.73
144,5.69
848,0.00
532,5.77
741,5.79
452,0.00
383,5.82
608,5.79
117,5.86
658,11.60
677,5.88
169,5.75
2,5.90
757,0.00
871,23.33
471,0.00
737,17.06
195,5.92
555,0.00
988,5.76
360,5.87
355,5.97
50,6.03
225,6.08
402,0.00
688,11.57
805,5.78
198,0.00
60,5.97
611,0.00
3,5.95
241,5.96
634,11.67
973,11.48
503,5.94
586,5.90
560,5.96
108,6.00
316,5.98
484,5.87
212,5.94
488,0.00
174,5.83
186,5.84
913,11.45
472,5.87
978,5.75
53,5.89
612,0.00
969,5.90
313,5.69
624,5.85
398,0.00
174,5.92
965,5.98
411,6.06
528,11.61
222,11.65
526,6.11
590,0.00
625,0.00
731,5.98
145,5.92
777,5.93
989,0.00
601,17.40
435,11.62
82,5.97
33,5.77
572,6.03
173,5.73
549,0.00
901,5.76
171,5.85
630,5.86
180,5.74
461,5.71
852,5.65
259,5.79
155,5.59
110,5.55
814,5.49
310,5.56
49,5.48
152,5.45
630,0.00
278,5.40
429,5.39
590,5.42
186,5.41
951,0.00
216,0.00
911,11.33
120,5.35
717,5.32
824,5.37
797,5.40
190,5.41
718,0.00
10,5.35
143,5.27
97,5.28
970,0.00
170,5.33
169,5.26
186,5.18
651,0.00
615,5.20
753,0.00
50,5.29
833,11.14
626,0.00
470,5.44
649,5.27
547,5.37
437,0.00
176,5.26
658,5.34
511,5.31
428,0.00
390,0.00
950,5.46
980,0.00
645,5.78
506,0.00
703,5.59
118,5.66
582,0.00
194,5.52
472,0.00
311,5.42
798,0.00
499,11.32
729,5.34
342,0.00
66,5.34
406,5.34
367,0.00
472,5.42
530,0.00
996,5.25
4,5.22
258,5.16
31,5.13
922,0.00
55,5.13
493,5.13
230,10.85
841,5.25
631,5.40
971,5.31
747,5.26
783,11.15
537,0.00
791,5.50
628,5.50
986,5.59
526,0.00
840,5.67
156,5.76
204,5.74
496,0.00
278,5.83
621,0.00
966,5.84
446,5.87
108,5.97
90,5.97
759,0.00
875,11.32
486,11.23
293,11.28
320,5.98
183,5.98
971,17.00
153,5.96
258,5.77
391,11.14
989,0.00
887,5.80
245,5.86
663,5.86
86,6.01
672,0.00
536,5.94
762,6.01
261,6.03
805,0.00
33,5.94
100,6.02
923,0.00
954,11.38
245,5.96
135,5.99
362,5.90
867,0.00
728,5.98
714,0.00
553,5.93
98,6.14
697,0.00
641,6.06
439,5.87
364,5.78
281,5.97
171,5.97
409,0.00
505,5.85
577,0.00
237,5.92
489,0.00
516,5.99
109,6.01
583,0.00
273,5.86
666,0.00
964,5.87
179,5.88
302,5.94
84,5.87
542,5.98
660,5.99
736,6.11
791,6.11
57,6.27
57,6.12
189,6.11
471,0.00
215,11.31
853,6.17
208,0.00
881,0.00
773,6.06
381,0.00
988,6.02
324,5.94
898,5.94
45,6.04
739,11.44
532,6.00
356,6.03
505,5.87
784,11.65
504,5.93
758,5.94
100,5.89
24,5.88
45,5.82
208,5.72
180,5.72
751,0.00
874,17.22
205,5.91
687,0.00
159,5.74
64,5.72
929,5.73
769,5.73
829,5.70
224,5.61
890,0.00
947,5.68
1,5.79
20,5.71
394,0.00
778,5.60
657,5.64
834,0.00
767,5.66
825,0.00
574,0.00
609,5.72
611,5.74
840,5.67
367,0.00
771,5.72
27,5.79
627,5.57
269,5.65
873,5.66
160,5.74
189,5.64
306,5.79
424,0.00
389,5.56
339,5.57
187,5.59
296,5.46
482,0.00
9,0.00
837,5.54
152,5.68
657,5.61
173,5.65
855,11.44
370,5.66
320,5.57
81,5.67
553,0.00
259,5.50
233,5.34
790,0.00
453,5.49
534,5.58
671,0.00
611,5.66
470,5.68
572,5.58
139,5.52
726,11.58
913,11.75
214,5.59
740,5.67
690,5.72
837,0.00
408,5.71
524,5.74
997,11.64
119,5.79
710,5.71
595,5.82
637,0.00
10,5.82
313,5.79
310,0.00
836,11.60
559,5.94
164,5.84
5,5.78
208,5.80
965,5.80
819,5.92
77,5.96
463,11.76
648,5.98
255,5.99
296,0.00
445,5.76
175,5.80
752,5.86
383,5.85
988,5.93
973,6.10
406,6.07
473,6.12
281,6.13
329,6.09
26,6.05
17,5.94
253,5.92
993,5.93
17,5.92
150,5.92
614,0.00
17,5.87
843,5.78
252,5.89
911,0.00
657,11.70
726,6.00
22,6.01
706,5.81
210,5.89
453,0.00
256,5.86
178,5.79
400,0.00
538,0.00
612,5.68
642,0.00
662,5.74
810,11.45
457,5.92
554,5.86
988,0.00
498,5.85
924,0.00
767,5.94
20,5.85
211,5.96
450,6.05
985,5.97
635,6.02
31,6.03
891,0.00
48,6.00
435,0.00
366,5.85
522,11.47
705,5.73
499,5.75
143,5.77
843,5.76
622,5.77
199,5.75
657,0.00
340,5.70
199,5.62
694,0.00
552,0.00
509,0.00
601,0.00
15,5.57
449,5.46
913,5.33
532,0.00
212,5.39
341,5.39
279,5.36
540,0.00
489,0.00
299,5.20
886,11.04
883,5.35
490,5.35
827,5.31
279,5.30
975,22.70
451,0.00
907,11.31
643,0.00
166,5.25
37,5.25
159,5.25
538,0.00
699,0.00
567,5.28
224,0.00
864,11.25
953,5.47
238,5.47
410,5.43
450,0.00
491,0.00
514,5.40
915,5.48
506,5.54
6,5.64
248,5.46
491,0.00
958,5.47
578,5.48
188,5.62
762,0.00
722,5.72
513,5.62
544,5.57
861,11.51
819,5.68
505,5.72
106,5.65
256,5.63
154,5.58
402,0.00
473,5.59
527,0.00
479,5.60
15,5.65
538,0.00
319,5.65
732,5.66
68,5.76
866,11.66
331,5.69
50,5.66
87,5.73
814,0.00
585,5.70
793,5.66
747,11.55
497,5.82
72,5.93
22,5.72
51,5.81
441,5.81
809,0.00
733,5.86
209,5.86
354,5.86
979,5.83
999,5.98
168,5.97
623,5.93
330,0.00
996,5.91
163,5.97
513,5.91
272,5.91
877,5.93
435,0.00
435,0.00
572,5.91
663,5.96
440,6.11
451,0.00
188,6.15
649,6.19
648,6.18
214,6.27
398,0.00
592,6.21
652,6.13
333,6.20
677,6.14
479,6.11
835,5.96
759,6.04
574,6.15
308,6.22
931,0.00
95,6.15
315,6.21
535,0.00
329,5.96
508,6.01
369,6.08
40,5.92
165,5.94
724,0.00
33,5.87
439,0.00
715,0.00
950,5.68
315,5.68
382,5.74
684,0.00
280,5.71
487,5.72
669,5.72
63,5.81
110,5.59
398,0.00
231,5.60
247,11.29
201,5.58
180,5.35
827,5.34
266,0.00
773,5.51
227,5.61
245,5.46
892,5.37
103,5.34
323,5.42
341,5.32
964,0.00
159,5.38
223,5.30
787,0.00
100,5.37
102,5.42
214,5.27
987,16.86
260,5.32
263,0.00
32,0.00
142,5.22
803,11.07
106,5.26
274,5.08
392,5.13
120,5.25
636,0.00
586,0.00
147,4.97
172,0.00
276,0.00
406,4.91
660,0.00
580,5.08
440,5.12
564,5.21
800,10.91
458,5.09
352,5.02
200,5.06
419,5.10
506,4.90
850,0.00
88,4.96
3,4.94
322,4.89
781,0.00
735,0.00
976,11.23
984,11.12
940,5.01
891,11.21
915,5.17
316,5.12
535,5.04
711,4.97
680,0.00
50,5.09
509,5.05
518,0.00
37,5.11
586,0.00
126,5.10
75,5.03
39,5.06
549,5.02
223,0.00
984,0.00
104,5.06
722,5.08
824,5.08
200,5.09
347,5.12
375,5.01
183,0.00
453,5.02
265,5.02
95,5.02
892,0.00
155,5.09
916,0.00
426,5.22
462,0.00
972,5.26
385,0.00
170,5.22
960,0.00
504,5.25
849,5.37
169,5.38
337,0.00
857,5.45
680,5.55
624,5.64
86,5.51
387,5.51
869,5.52
441,5.62
256,5.70
611,5.66
561,5.67
901,11.04
745,0.00
860,5.86
924,5.84
718,0.00
895,5.90
914,6.09
433,6.18
959,0.00
659,6.17
565,0.00
801,0.00
700,0.00
414,6.07
461,6.21
915,6.07
377,6.15
164,6.00
896,6.09
259,6.06
41,6.06
490,0.00
401,6.10
110,6.15
893,0.00
863,11.10
425,11.05
414,6.18
287,6.06
795,11.18
168,5.96
529,0.00
738,6.02
575,6.00
933,6.00
999,6.03
257,6.14
52,6.18
879,6.15
688,11.23
902,6.31
486,0.00
280,11.41
553,6.40
246,6.19
428,6.18
47,6.24
97,6.24
572,0.00
889,6.22
49,6.33
346,6.32
431,0.00
871,6.23
466,0.00
701,6.29
95,6.46
134,6.40
642,0.00
737,6.35
165,6.22
854,6.23
375,6.25
178,0.00
537,0.00
564,0.00
275,6.17
948,6.17
31,6.04
758,6.01
204,5.99
847,6.00
844,6.00
89,6.09
548,0.00
631,11.93
421,6.15
819,6.15
185,5.98
47,5.74
489,0.00
922,5.64
87,5.69
18,5.59
365,5.55
57,5.56
783,5.53
647,11.63
908,5.61
932,11.71
346,5.66
819,5.73
156,5.68
857,5.59
167,5.69
133,5.50
134,5.58
384,5.47
753,0.00
628,0.00
948,0.00
677,11.61
750,11.64
936,11.55
150,5.56
902,5.62
636,5.68
875,11.78
959,5.77
245,5.86
423,5.77
104,5.74
921,11.92
734,5.81
297,5.76
469,5.73
442,0.00
950,12.19
83,5.80
478,5.72
899,0.00
537,5.76
287,5.87
780,0.00
776,5.84
37,5.96
228,5.97
922,0.00
922,5.75
791,5.84
954,5.81
121,5.87
137,5.93
993,0.00
967,12.28
319,5.95
76,5.95
141,5.91
875,5.84
784,12.18
799,6.12
537,6.01
465,0.00
879,0.00
869,12.35
567,6.15
120,6.18
678,0.00
387,0.00
848,12.22
376,12.10
693,6.20
466,6.21
445,6.14
917,11.90
478,6.22
124,6.32
767,0.00
602,6.30
103,6.37
514,0.00
690,11.98
541,6.43
455,6.38
926,12.01
242,6.45
759,18.03
805,12.16
560,0.00
650,12.27
760,6.56
520,6.48
485,6.58
678,6.69
726,6.70
246,6.65
819,0.00
282,12.26
769,6.64
560,0.00
734,12.17
471,6.40
120,6.66
378,0.00
554,6.39
913,0.00
146,6.48
189,6.51
238,6.44
524,6.45
756,6.45
385,0.00
666,6.35
816,6.37
391,6.42
153,6.49
273,6.34
537,6.23
21,6.20
940,6.20
225,6.23
785,0.00
991,12.03
573,6.46
767,0.00
443,0.00
194,6.24
34,6.32
977,12.04
411,6.26
895,0.00
184,6.17
49,6.24
835,0.00
296,12.26
968,6.15
242,6.16
198,0.00
25,6.15
232,6.07
606,0.00
424,5.90
815,0.00
532,5.90
97,6.03
841,0.00
733,0.00
322,5.99
519,12.10
147,6.02
256,6.09
897,0.00
473,6.04
3,6.07
528,0.00
400,6.07
694,0.00
426,6.09
21,6.18
365,0.00
972,12.36
689,0.00
463,6.11
512,0.00
372,0.00
887,6.24
193,6.16
831,6.05
549,6.06
833,0.00
681,6.04
159,6.20
318,6.15
886,6.08
778,6.21
824,6.15
454,6.24
583,6.17
454,0.00
972,6.28
846,6.29
403,6.38
13,6.31
952,0.00
586,6.21
511,0.00
501,6.20
686,6.30
191,6.50
225,6.39
557,0.00
530,6.38
1000,6.48
393,6.41
25,6.41
552,0.00
849,12.81
519,6.40
244,6.41
91,6.26
868,6.42
612,6.52
169,6.42
405,6.35
99,0.00
543,0.00
904,6.48
327,6.28
655,0.00
303,6.32
324,6.24
810,6.18
85,6.27
796,6.20
450,6.26
517,0.00
210,6.25
219,6.25
602,6.15
749,0.00
402,6.14
98,6.23
2,6.24
803,6.00
334,6.04
124,5.97
909,0.00
417,0.00
156,12.04
826,11.99
2,6.06
923,5.88
81,0.00
298,0.00
757,0.00
155,5.93
59,5.97
176,5.90
513,0.00
124,5.88
307,5.79
372,0.00
135,5.80
480,5.77
222,0.00
643,5.79
903,5.79
139,5.94
324,0.00
327,5.64
145,5.77
729,5.84
297,5.84
986,24.05
139,11.79
165,5.67
544,0.00
418,0.00
753,0.00
614,5.41
276,5.58
301,5.36
691,11.69
510,5.52
971,5.65
196,5.39
154,5.63
661,5.46
261,5.51
755,0.00
83,5.31
814,5.28
402,0.00
713,5.28
307,5.17
14,5.27
147,5.20
862,18.14
4,5.27
654,0.00
338,0.00
981,11.62
772,5.18
454,5.18
948,0.00
980,5.36
89,5.28
217,5.31
652,5.39
54,5.53
907,0.00
376,0.00
863,5.45
226,5.58
555,5.51
609,0.00
566,5.44
788,5.50
418,0.00
754,11.60
424,5.60
134,0.00
72,5.52
682,5.47
603,5.65
480,0.00
297,5.74
879,5.73
494,0.00
796,5.90
931,0.00
588,0.00
88,5.72
60,5.90
419,0.00
194,5.64
416,0.00
563,5.60
41,5.77
818,5.70
760,5.78
760,5.82
680,0.00
565,6.03
60,6.01
804,5.86
647,0.00
551,6.04
804,6.12
370,0.00
107,6.02
284,11.78
983,5.97
74,5.90
676,5.81
545,5.96
52,5.93
983,5.92
900,5.83
189,6.01
553,0.00
395,5.94
450,5.81
905,0.00
683,5.91
586,5.93
405,0.00
793,5.91
480,5.95
819,6.04
297,6.05
730,0.00
504,11.33
832,11.38
721,6.17
687,6.18
864,6.21
21,6.29
21,6.22
391,0.00
34,6.23
198,6.14
936,11.29
300,6.26
208,6.05
553,0.00
316,6.19
414,0.00
173,5.98
342,5.98
897,0.00
140,5.86
292,5.83
678,0.00
772,5.98
501,0.00
217,6.13
139,6.01
312,0.00
696,6.02
807,6.10
333,6.09
594,6.03
852,6.11
479,0.00
736,11.86
762,0.00
974,6.16
159,6.11
557,6.18
858,0.00
678,6.30
239,6.14
761,11.87
491,6.11
618,0.00
461,6.33
995,6.39
432,6.27
899,0.00
795,0.00
74,6.41
455,0.00
330,6.24
772,6.12
738,6.23
6,6.36
359,6.11
448,6.12
38,6.12
386,6.06
660,6.16
435,0.00
149,6.20
693,6.27
603,6.27
468,0.00
838,6.18
889,6.27
809,6.07
456,0.00
281,6.16
221,6.16
437,0.00
816,6.02
161,5.95
409,6.04
719,6.10
150,6.13
143,6.07
960,6.10
150,6.04
279,5.98
273,5.92
292,5.96
657,0.00
251,12.19
498,12.06
950,5.92
305,5.83
594,5.99
491,0.00
68,5.95
960,5.94
211,6.05
120,5.94
551,5.94
353,6.00
337,5.97
944,5.87
101,5.93
855,0.00
432,5.71
243,0.00
30,5.73
909,5.70
871,11.63
17,5.74
28,5.69
764,5.76
576,5.83
498,5.69
673,0.00
275,5.66
6,5.60
222,5.76
551,0.00
918,5.78
465,5.84
245,5.77
79,5.86
784,0.00
970,11.93
457,5.75
680,5.41
968,0.00
284,5.63
109,5.54
689,0.00
263,5.45
715,0.00
424,0.00
418,0.00
695,0.00
887,0.00
790,5.53
841,5.62
657,5.76
63,5.62
571,5.62
582,5.72
189,5.66
387,5.63
725,11.77
732,5.76
429,0.00
820,5.70
875,5.78
494,5.67
192,5.72
590,5.72
886,5.81
77,5.92
229,5.78
263,5.79
292,5.66
540,0.00
647,5.50
996,0.00
813,5.54
494,5.57
782,0.00
947,5.82
94,5.83
831,5.83
938,11.94
270,5.95
560,11.83
449,11.94
477,0.00
313,6.01
588,6.02
917,0.00
779,6.07
341,6.24
536,6.18
119,6.27
733,6.26
728,6.35
607,6.12
87,6.18
842,0.00
264,6.34
916,0.00
455,6.40
633,6.41
156,6.36
607,0.00
687,6.31
424,0.00
836,6.54
905,6.37
401,0.00
248,6.44
773,6.28
430,12.14
911,12.04
28,6.33
351,12.17
561,6.44
665,12.03
618,6.59
242,6.65
137,6.45
281,6.36
604,6.44
450,0.00
171,6.39
176,6.45
273,6.37
159,6.31
59,6.35
800,0.00
316,6.28
922,11.82
171,6.19
662,6.25
361,6.01
833,11.88
302,6.23
244,0.00
934,11.91
156,6.33
860,6.43
89,6.34
782,6.38
190,6.36
349,6.19
837,6.19
104,6.19
913,0.00
178,6.16
208,6.06
133,6.04
797,0.00
424,6.12
809,6.06
624,0.00
408,6.26
942,6.26
456,0.00
401,6.28
215,6.21
344,6.24
662,0.00
812,0.00
633,6.19
425,0.00
780,6.22
419,0.00
741,12.21
4,6.10
972,0.00
390,0.00
616,12.26
396,12.34
271,6.33
492,0.00
697,12.31
352,6.30
558,6.14
319,6.22
741,6.13
885,0.00
192,6.24
678,6.27
78,6.35
502,6.20
284,6.07
149,6.11
971,5.98
770,6.09
788,6.10
584,6.07
466,6.14
146,5.95
151,5.85
331,5.89
309,5.97
443,0.00
966,5.77
160,5.84
957,0.00
556,5.96
298,5.92
380,0.00
269,5.96
563,0.00
64,5.89
440,0.00
172,5.76
453,0.00
889,12.40
385,5.87
65,5.92
232,5.83
154,5.87
579,0.00
142,5.81
436,5.80
23,5.81
55,5.82
204,5.71
627,0.00
14,5.67
724,11.84
226,5.77
420,5.55
409,0.00
672,5.55
156,5.55
306,5.68
96,5.58
980,5.61
57,5.61
319,5.56
401,5.56
953,0.00
707,5.61
482,5.50
142,5.58
471,0.00
377,5.63
311,5.69
748,0.00
940,5.63
751,5.85
616,0.00
102,5.72
624,0.00
476,5.65
948,5.68
135,5.71
364,0.00
8,5.58
962,0.00
564,5.53
469,5.61
713,0.00
644,5.63
685,5.64
423,0.00
259,5.60
833,5.44
188,5.62
228,5.43
745,5.43
286,5.42
105,5.45
66,5.38
824,0.00
469,0.00
675,0.00
936,5.37
430,5.50
403,5.47
77,5.46
188,11.38
594,5.47
730,0.00
618,5.56
391,0.00
11,5.48
519,0.00
885,5.37
66,5.49
54,5.42
950,0.00
703,0.00
240,5.29
726,0.00
439,5.32
229,5.36
718,0.00
909,5.40
462,0.00
639,0.00
891,11.44
145,5.33
683,0.00
187,5.43
119,5.46
590,0.00
791,5.48
633,5.46
708,5.52
532,0.00
781,0.00
673,5.70
317,5.80
852,5.86
334,5.77
610,0.00
463,0.00
733,0.00
848,5.88
868,5.80
589,5.94
130,5.89
316,5.92
549,5.83
154,5.93
205,5.82
289,5.75
981,0.00
417,5.98
495,5.76
893,0.00
890,11.52
470,5.89
884,0.00
707,5.98
949,6.05
625,0.00
735,6.28
453,0.00
143,6.01
641,0.00
812,5.96
932,6.05
160,6.05
947,11.53
142,6.10
336,5.96
632,0.00
474,5.94
148,6.09
351,0.00
259,5.99
300,6.07
620,0.00
621,6.31
412,6.29
753,0.00
492,6.18
712,0.00
719,6.27
650,6.27
86,6.31
160,6.31
570,0.00
626,6.43
163,6.28
608,6.25
334,0.00
437,6.25
913,6.48
902,6.38
72,6.49
987,0.00
731,6.45
204,6.61
723,6.55
123,6.56
65,6.35
922,0.00
879,6.38
973,6.52
720,6.45
90,6.49
327,6.58
799,6.50
889,6.56
624,0.00
828,12.26
968,6.78
273,6.89
559,0.00
588,0.00
240,6.75
791,6.67
267,6.80
983,0.00
776,6.75
829,6.67
77,6.57
918,12.50
454,6.65
471,6.66
427,0.00
418,6.73
339,0.00
934,6.75
446,6.69
272,6.81
987,0.00
760,6.80
985,6.88
755,0.00
590,0.00
561,6.84
885,6.74
786,12.91
761,6.85
485,6.78
475,0.00
355,6.85
83,6.96
897,6.91
873,6.95
267,6.93
365,6.88
65,6.96
169,6.92
899,6.77
598,0.00
66,6.91
82,6.91
951,0.00
263,6.73
788,0.00
839,6.71
144,6.68
419,0.00
40,6.56
102,6.52
336,6.49
817,6.48
995,6.54
100,6.77
889,0.00
999,6.62
622,0.00
991,6.61
2,6.62
188,6.64
721,0.00
144,6.65
945,6.67
611,13.17
676,6.75
268,6.88
411,6.88
698,6.90
895,6.84
929,6.85
386,6.72
279,6.83
972,6.74
420,6.83
484,6.94
165,6.80
669,0.00
487,6.57
331,6.62
488,0.00
984,6.54
151,6.66
374,0.00
854,6.71
282,0.00
632,6.71
483,6.79
870,13.46
984,6.95
413,13.57
35,7.12
431,13.63
517,7.10
272,6.95
245,0.00
7,6.86
462,6.89
414,6.85
353,6.87
939,6.75
569,0.00
356,13.38
453,6.66
438,6.66
515,6.45
625,6.55
225,6.63
974,6.49
585,0.00
392,6.44
10,6.44
231,6.55
757,0.00
252,6.46
717,0.00
572,6.59
996,6.51
128,6.45
27,6.47
349,6.54
642,6.54
381,6.57
414,0.00
593,6.53
902,6.56
453,6.56
361,6.67
238,6.58
353,6.65
367,6.65
570,6.69
551,0.00
90,6.68
761,6.58
58,6.67
163,6.57
822,6.60
945,13.16
309,6.72
22,0.00
378,6.60
971,0.00
870,6.64
599,6.63
413,6.64
780,0.00
572,0.00
630,6.57
125,6.54
905,19.67
389,6.75
69,6.48
862,6.57
153,6.59
925,6.52
436,6.58
856,13.16
337,0.00
836,6.41
283,6.38
759,6.45
697,6.50
767,0.00
16,6.56
347,6.51
291,6.38
705,0.00
815,6.44
118,6.40
68,6.37
231,6.22
332,6.09
315,0.00
681,6.12
770,6.20
844,12.95
522,6.18
350,6.17
393,6.15
727,6.21
505,6.28
835,6.41
125,6.24
489,0.00
609,6.39
122,6.22
225,6.33
100,6.31
509,6.24
11,6.29
708,12.80
310,6.38
470,0.00
747,0.00
505,6.32
143,6.15
301,0.00
2,6.21
844,5.99
820,12.71
74,6.05
441,6.15
207,6.23
856,6.08
69,6.16
897,0.00
775,6.13
353,6.17
326,6.24
804,0.00
580,6.09
511,0.00
78,6.20
787,6.16
575,6.24
210,6.31
567,0.00
30,6.20
544,6.10
182,6.12
882,0.00
815,6.09
305,6.05
728,0.00
615,5.96
772,5.97
650,5.92
878,0.00
762,12.47
239,6.03
715,0.00
860,12.58
883,6.02
82,6.07
56,6.06
905,6.00
962,6.11
934,12.48
136,6.02
559,6.10
784,6.17
650,0.00
680,5.92
966,6.00
632,6.01
919,6.11
137,6.32
592,0.00
285,6.19
982,6.10
943,6.20
638,0.00
741,19.39
988,12.50
119,6.44
998,12.52
174,6.26
739,0.00
199,6.28
699,0.00
634,6.25
465,6.22
934,0.00
801,6.29
887,0.00
563,6.35
729,0.00
383,6.36
581,12.62
570,6.42
826,0.00
695,6.45
963,0.00
776,6.71
994,0.00
669,6.69
913,6.67
121,6.60
197,12.64
883,12.70
241,6.63
217,6.64
731,0.00
56,6.52
454,6.52
997,6.47
71,6.50
952,0.00
100,6.52
41,6.61
532,6.56
103,6.59
892,6.56
751,6.60
499,6.68
368,6.70
979,12.59
690,6.67
667,6.70
486,0.00
147,6.58
995,0.00
175,12.60
946,6.62
902,6.54
202,6.55
75,6.55
739,6.49
597,0.00
939,12.76
724,6.60
529,0.00
966,6.52
600,0.00
964,6.71
864,6.85
893,12.70
655,6.65
106,6.71
23,6.66
96,6.68
811,6.58
272,6.59
296,0.00
390,6.74
944,6.57
700,6.69
478,6.78
868,13.10
216,6.77
804,0.00
12,6.75
847,0.00
780,0.00
808,0.00
573,6.85
701,0.00
540,12.96
899,13.07
357,6.87
6,6.72
804,6.60
911,6.74
531,0.00
691,6.78
765,6.61
698,6.54
521,6.60
160,6.54
356,6.51
960,0.00
198,13.19
434,6.44
182,6.46
490,0.00
296,6.42
313,6.52
390,0.00
982,6.48
585,0.00
440,6.57
991,0.00
921,0.00
894,13.26
98,6.77
665,6.59
473,6.70
162,6.76
516,0.00
968,13.32
320,6.81
939,6.93
14,6.65
24,6.65
160,6.80
313,6.63
678,0.00
969,13.38
973,6.80
171,6.63
98,0.00
185,6.74
677,0.00
969,6.69
814,6.76
953,6.81
346,6.68
349,6.69
138,6.57
289,6.64
506,0.00
799,13.21
733,6.47
832,6.52
311,6.64
664,0.00
575,6.41
443,6.49
228,6.49
943,6.50
443,6.62
585,0.00
953,6.40
357,6.48
939,25.63
918,25.70
398,13.26
354,6.48
38,6.31
126,6.37
989,12.99
622,6.39
3,6.31
903,6.26
106,6.29
105,12.89
963,6.28
682,12.92
155,6.30
832,6.15
362,6.29
886,6.30
600,6.16
308,6.28
952,6.21
111,6.29
855,12.85
492,6.28
582,6.29
996,12.83
341,6.38
603,0.00
725,0.00
47,6.45
309,6.52
885,6.50
954,6.63
364,6.56
109,6.53
260,0.00
473,6.68
292,6.66
50,6.64
12,6.60
790,6.55
634,6.56
922,6.48
311,0.00
985,6.52
292,6.67
125,6.60
859,0.00
793,6.56
146,6.59
86,6.57
452,0.00
935,0.00
75,6.61
269,6.50
387,6.50
266,0.00
371,0.00
703,6.52
152,6.59
906,6.47
148,6.52
927,6.38
174,6.37
129,6.52
529,0.00
187,6.40
841,13.18
816,6.48
641,6.49
891,26.10
512,6.56
229,6.66
548,0.00
278,6.57
782,0.00
481,6.56
282,0.00
407,6.59
925,0.00
649,0.00
529,6.66
357,6.72
698,0.00
564,6.73
772,0.00
100,6.68
511,13.16
260,6.64
174,6.53
669,0.00
38,6.73
942,0.00
781,20.16
928,13.17
619,0.00
389,13.23
678,7.12
405,6.90
573,0.00
563,7.01
603,13.40
763,7.11
322,7.10
902,0.00
653,7.18
526,7.02
409,0.00
808,13.56
316,7.35
163,7.29
978,0.00
603,0.00
406,7.31
331,7.35
767,13.58
259,7.19
24,7.17
20,7.05
904,0.00
762,0.00
692,6.85
452,0.00
541,0.00
47,6.92
985,6.88
277,7.00
926,7.05
563,7.14
935,7.15
101,7.08
937,6.89
225,6.90
84,6.81
244,0.00
636,0.00
894,0.00
884,6.90
496,6.98
547,0.00
674,6.90
852,6.93
370,7.01
866,6.94
508,0.00
587,7.12
170,7.13
477,6.95
335,6.93
486,0.00
520,6.82
372,13.46
555,6.84
952,6.78
212,6.94
594,6.77
19,6.75
674,6.72
612,6.78
165,6.71
507,0.00
992,13.18
32,6.69
28,6.66
661,0.00
97,6.64
234,6.58
364,6.63
672,6.50
575,0.00
84,6.48
561,0.00
967,13.07
198,6.33
861,19.49
188,6.45
69,6.40
101,6.36
535,6.19
747,6.13
855,0.00
597,6.23
899,6.31
671,6.19
148,6.21
153,6.29
323,6.14
395,6.15
234,6.02
544,5.97
332,0.00
585,5.98
515,0.00
78,5.97
690,0.00
83,6.02
503,0.00
336,6.32
684,6.21
371,0.00
145,6.29
85,6.23
504,6.37
811,0.00
242,6.41
212,6.35
65,6.28
78,13.26
917,6.30
678,6.40
300,6.22
116,0.00
690,6.38
415,6.34
317,6.33
529,6.22
635,0.00
116,6.25
916,13.27
547,6.50
22,6.56
217,6.59
44,6.43
250,0.00
586,6.48
759,0.00
368,6.52
871,6.62
832,6.72
175,6.86
317,6.76
979,6.79
644,6.88
683,0.00
309,6.94
44,6.88
351,6.91
823,0.00
303,7.09
144,6.99
592,0.00
77,7.07
795,0.00
909,7.06
776,7.00
861,7.10
555,0.00
502,7.27
293,7.37
106,7.55
127,7.52
741,7.55
274,7.59
82,7.49
591,0.00
447,7.52
487,13.74
530,7.62
699,7.63
628,7.78
384,7.63
129,7.58
235,0.00
691,7.68
530,7.78
544,0.00
102,7.64
296,7.85
146,7.81
649,7.78
885,7.77
758,7.99
189,8.00
187,7.87
670,0.00
584,7.95
979,14.24
491,7.92
911,14.39
203,8.31
236,8.20
747,8.03
395,0.00
988,8.03
700,8.12
105,8.25
630,0.00
756,8.26
157,8.38
439,0.00
909,14.62
959,0.00
604,8.40
509,8.60
961,14.74
175,8.65
262,8.64
630,0.00
17,8.57
159,8.39
618,8.41
663,0.00
334,8.43
167,8.31
335,8.29
951,14.94
833,8.30
700,8.25
459,15.10
87,8.22
703,8.27
120,8.13
563,8.11
852,8.18
109,8.19
772,15.03
968,15.18
86,8.47
168,8.20
439,8.25
590,0.00
611,8.27
327,8.23
838,8.20
558,8.33
544,8.33
385,8.33
550,0.00
363,7.98
887,0.00
684,8.07
655,7.89
917,8.01
83,8.01
417,7.89
392,7.98
556,7.99
601,0.00
600,8.15
296,7.96
252,7.88
491,0.00
315,7.88
927,7.79
532,0.00
495,0.00
574,7.64
51,7.74
682,0.00
661,15.45
97,7.45
365,7.44
626,7.57
196,7.38
967,21.46
130,7.44
364,7.21
972,15.18
553,7.03
763,7.11
844,15.11
83,6.95
593,0.00
981,7.07
399,7.11
522,6.99
624,6.84
743,0.00
320,6.92
174,6.80
754,0.00
8,6.81
507,6.88
382,6.84
122,6.73
882,6.52
313,6.55
232,6.48
965,6.41
187,6.44
329,6.48
88,6.46
966,14.75
284,6.43
402,6.42
937,6.41
105,6.43
935,14.53
989,6.59
448,0.00
773,6.40
121,6.34
427,0.00
252,14.64
860,14.47
849,6.41
176,6.36
99,6.24
843,0.00
223,14.35
178,6.26
311,0.00
302,6.26
740,6.07
736,0.00
773,0.00
900,6.29
566,0.00
366,6.04
497,0.00
589,6.15
314,6.17
815,6.17
517,6.25
369,6.16
780,6.16
705,6.05
649,6.17
13,6.05
383,0.00
86,6.00
375,6.09
284,5.98
653,5.99
840,6.06
623,6.20
181,6.12
149,6.22
605,0.00
248,6.06
712,0.00
563,6.11
162,6.25
690,0.00
651,0.00
464,6.37
197,6.32
109,0.00
461,0.00
158,6.36
579,13.59
114,6.22
593,0.00
993,13.38
549,13.54
521,6.33
234,6.29
430,0.00
615,0.00
970,6.37
15,6.44
874,6.33
3,6.33
789,0.00
603,6.41
42,6.41
16,6.38
696,6.44
246,6.44
837,6.51
827,6.59
741,6.45
580,0.00
723,6.52
324,6.67
948,13.13
112,6.64
748,6.62
241,6.76
222,6.70
73,6.63
782,0.00
824,21.19
741,6.60
293,6.65
748,6.67
989,6.78
611,6.61
630,6.63
163,6.84
990,0.00
516,6.89
230,6.82
615,21.30
38,6.94
141,6.93
420,6.78
40,6.85
304,6.74
837,0.00
927,6.68
291,6.73
545,6.74
864,12.93
178,6.95
659,12.90
311,6.82
440,6.71
973,0.00
490,0.00
771,6.81
43,6.87
548,6.88
398,6.88
243,6.82
733,0.00
355,6.79
49,6.70
825,6.70
778,0.00
82,6.86
347,6.80
638,6.71
964,6.63
373,6.79
34,6.90
934,0.00
444,6.69
11,6.79
282,6.76
792,6.59
521,0.00
449,6.65
909,0.00
665,13.17
789,13.22
644,6.96
148,6.88
264,6.80
534,6.81
661,0.00
705,6.86
252,6.73
13,6.82
471,0.00
862,6.68
924,6.76
949,6.74
549,6.82
251,0.00
196,6.60
20,6.53
297,0.00
790,6.69
385,6.77
812,6.69
29,6.72
410,13.14
160,6.68
766,6.55
670,6.41
264,6.54
533,0.00
543,0.00
562,6.50
553,6.54
382,0.00
71,6.55
570,13.13
547,6.53
577,0.00
920,13.21
970,6.66
232,6.54
817,6.32
564,0.00
424,6.50
548,0.00
782,6.44
600,13.16
829,6.48
770,0.00
312,6.59
469,0.00
110,6.48
707,0.00
515,6.32
393,6.36
636,0.00
829,6.37
393,6.38
17,0.00
146,6.46
269,6.43
795,0.00
210,6.21
152,6.25
873,6.22
571,6.30
611,0.00
122,6.42
98,6.42
397,6.47
523,0.00
828,0.00
254,6.32
777,12.92
84,6.12
956,0.00
538,6.16
254,6.19
781,12.81
454,6.22
19,6.13
582,0.00
69,5.99
615,12.79
268,5.95
87,5.87
582,0.00
121,5.79
711,0.00
163,0.00
362,5.78
94,5.71
152,5.71
130,5.64
757,12.21
142,5.58
412,0.00
878,5.60
951,5.61
460,0.00
697,5.42
423,0.00
29,5.56
45,5.50
919,5.52
986,5.61
82,5.57
119,5.57
191,5.44
530,0.00
630,5.46
337,5.41
611,0.00
115,5.36
48,5.36
172,5.36
149,5.38
977,0.00
561,11.80
704,5.27
807,5.32
214,5.35
586,0.00
14,5.10
843,0.00
447,0.00
887,11.59
266,5.13
666,11.59
838,11.61
521,5.28
122,5.17
853,0.00
394,5.19
23,5.15
232,5.29
497,5.18
781,0.00
382,4.99
640,11.40
417,0.00
832,5.10
119,5.20
938,5.11
733,0.00
548,5.17
34,5.11
474,0.00
784,5.17
427,0.00
466,5.30
714,11.61
486,5.31
750,5.37
751,5.60
486,5.52
852,0.00
546,5.52
912,5.66
316,5.72
818,5.65
866,5.80
962,11.76
77,5.85
430,5.67
714,5.73
8,5.76
106,5.80
801,5.79
632,0.00
981,0.00
290,11.44
958,11.37
210,5.89
362,5.84
885,0.00
305,5.84
676,0.00
813,0.00
672,5.73
764,5.81
339,0.00
903,5.92
485,0.00
761,5.97
529,6.06
497,0.00
343,6.13
798,0.00
925,6.14
870,11.35
54,6.00
104,0.00
938,6.12
391,6.23
799,6.06
541,0.00
952,11.25
219,6.13
895,0.00
863,11.30
597,6.21
320,6.18
710,0.00
475,0.00
271,6.10
301,0.00
771,6.23
83,6.39
795,11.37
719,6.37
461,6.18
749,6.24
342,6.23
679,6.10
46,6.14
200,6.04
800,5.95
969,0.00
659,6.16
918,6.06
622,6.07
377,5.98
216,5.89
546,5.91
278,5.92
708,5.76
756,11.40
124,5.91
63,5.83
852,5.81
581,5.77
245,5.90
593,11.58
211,11.61
449,0.00
772,6.12
90,5.83
201,0.00
807,5.85
379,5.91
781,11.91
248,6.15
8,6.05
727,0.00
792,11.92
550,6.04
237,11.84
65,6.23
193,6.01
714,0.00
202,5.97
63,5.99
515,0.00
427,5.94
965,0.00
590,11.83
979,6.01
529,5.93
836,0.00
665,6.00
318,5.88
822,5.84
575,5.90
921,5.90
930,6.07
20,6.21
556,6.12
761,17.39
332,6.16
820,12.17
618,6.32
151,6.19
835,6.29
776,6.27
14,6.28
854,6.37
737,6.26
23,6.40
986,12.30
946,6.24
56,6.34
136,6.16
918,6.24
573,6.18
334,6.24
279,6.34
780,0.00
890,12.54
618,6.47
452,6.25
917,6.50
296,6.65
218,6.60
305,6.47
839,6.58
391,6.72
342,6.57
262,6.69
855,0.00
459,0.00
749,6.51
991,6.74
882,0.00
690,6.75
294,6.91
500,0.00
111,6.85
571,0.00
666,6.79
834,6.92
14,6.93
121,6.98
574,0.00
228,7.00
988,12.94
972,12.86
517,7.11
221,7.34
67,7.42
719,0.00
651,0.00
908,7.32
166,7.33
383,0.00
758,0.00
23,7.33
258,7.32
596,0.00
537,7.34
744,0.00
479,7.51
330,0.00
561,7.59
136,7.53
916,7.45
878,7.52
618,0.00
759,7.67
887,7.73
635,0.00
973,7.70
420,7.79
125,7.85
924,0.00
675,7.67
954,7.89
94,7.90
90,7.98
854,7.89
832,7.91
414,7.81
650,7.83
493,0.00
871,7.84
52,7.78
714,0.00
968,7.77
20,7.79
316,7.76
828,7.81
350,7.72
126,7.81
632,0.00
997,20.27
517,8.07
241,7.99
700,14.16
675,7.86
537,7.69
325,8.06
398,7.72
240,0.00
389,7.68
697,0.00
325,0.00
964,0.00
906,20.55
225,7.88
244,0.00
820,7.77
201,7.97
900,0.00
249,8.10
370,0.00
654,7.93
871,0.00
556,7.82
564,7.84
781,0.00
248,7.94
593,0.00
82,8.12
463,0.00
705,8.07
558,0.00
977,26.69
249,8.06
448,15.20
314,7.99
773,15.12
243,8.18
158,8.00
527,7.76
104,7.74
579,7.75
949,0.00
698,7.78
662,7.67
118,0.00
227,7.81
969,0.00
215,7.72
176,7.72
665,7.68
92,7.76
800,7.88
194,7.69
14,7.65
261,7.71
625,15.16
343,7.70
683,7.53
88,7.77
735,7.49
773,7.49
110,7.39
933,7.48
932,7.33
997,0.00
566,7.27
21,7.11
107,7.13
858,7.21
52,7.35
126,7.20
757,15.03
575,7.21
512,7.37
172,0.00
113,7.20
923,7.17
387,7.25
10,7.32
44,7.15
697,7.12
987,7.22
486,0.00
846,14.86
701,7.05
427,6.88
271,6.88
596,0.00
325,6.97
189,6.89
177,6.80
390,0.00
364,6.92
757,6.97
132,6.94
864,6.90
877,14.63
345,6.92
142,6.70
314,6.81
710,7.00
817,6.73
291,6.79
464,6.87
345,6.82
101,0.00
619,6.78
904,6.96
907,6.65
165,6.72
496,6.56
427,6.83
489,6.55
296,6.66
746,6.56
790,14.53
414,14.60
641,0.00
11,6.52
994,6.43
131,6.65
827,6.60
250,6.66
900,0.00
460,6.63
866,6.56
877,6.52
130,0.00
466,6.67
718,6.68
259,6.68
389,6.53
127,0.00
857,14.25
63,6.62
672,6.48
272,6.56
607,0.00
92,6.72
454,6.47
347,0.00
708,0.00
764,14.11
70,6.62
388,0.00
935,0.00
457,6.65
870,6.54
788,6.57
500,0.00
776,6.53
915,0.00
291,0.00
11,6.63
641,0.00
192,6.55
5,6.44
874,0.00
839,6.41
802,0.00
818,0.00
537,6.58
901,6.66
572,6.79
765,6.63
643,6.69
69,6.70
339,6.59
391,6.64
470,6.60
33,6.74
913,6.51
109,6.58
504,0.00
955,6.54
61,6.67
816,0.00
857,6.68
330,6.77
610,0.00
204,6.55
840,6.66
977,0.00
494,6.49
245,6.57
141,6.57
889,6.53
112,6.54
816,6.53
433,6.45
700,6.68
840,0.00
661,6.56
31,6.44
696,6.48
1,6.45
913,0.00
835,13.08
974,13.02
919,6.51
317,0.00
326,6.30
860,6.31
244,6.32
123,6.21
152,0.00
669,6.35
688,12.93
99,6.37
773,6.16
27,6.22
879,6.27
900,6.35
384,6.36
184,6.37
433,0.00
825,6.26
471,6.30
309,6.30
702,6.31
747,6.36
654,6.46
584,0.00
67,6.37
755,13.02
886,6.57
671,6.67
839,6.46
875,6.56
329,0.00
901,6.43
612,6.40
38,0.00
46,6.49
344,6.61
576,0.00
611,6.60
537,6.63
653,13.05
196,6.63
120,6.71
676,0.00
983,6.48
988,20.20
155,6.68
840,6.48
587,6.61
777,6.64
246,6.49
566,0.00
968,20.18
3,6.67
517,0.00
878,6.69
333,6.49
748,6.43
597,0.00
826,0.00
229,6.35
79,6.52
918,6.44
539,6.46
579,6.39
775,0.00
19,6.41
882,0.00
223,0.00
942,0.00
755,6.57
551,6.34
280,6.32
192,6.33
522,12.78
540,12.81
65,6.46
774,6.26
805,0.00
344,6.39
532,19.24
390,12.73
776,12.64
516,6.54
28,6.57
845,0.00
537,6.52
980,12.68
272,6.59
305,6.50
229,6.52
637,0.00
212,6.48
478,6.38
478,6.31
569,6.24
416,6.42
615,0.00
601,0.00
12,6.33
676,0.00
625,6.25
143,6.35
49,6.28
390,6.08
705,6.02
946,6.08
589,6.09
754,5.87
212,5.94
372,5.82
903,0.00
741,5.83
126,5.91
839,5.96
38,6.05
750,5.90
105,5.98
882,12.41
315,6.00
579,0.00
473,0.00
63,5.90
830,5.75
384,0.00
696,5.88
865,12.46
691,5.89
486,5.90
967,6.00
445,6.02
119,6.03
50,5.87
517,5.92
279,6.07
329,5.92
500,5.82
958,0.00
853,5.84
456,5.91
375,5.89
710,5.82
455,5.90
502,5.74
61,5.86
485,0.00
905,5.63
586,5.72
52,5.73
501,5.60
916,0.00
912,0.00
292,5.67
2,5.75
698,0.00
906,24.97
733,18.47
194,5.59
154,5.53
452,5.53
174,11.94
172,11.98
933,5.53
603,0.00
600,5.48
725,5.54
434,5.39
95,5.57
48,5.45
941,5.45
781,5.50
863,5.52
553,5.70
8,5.46
97,5.60
615,0.00
793,5.53
439,0.00
148,5.61
855,0.00
399,0.00
411,5.54
523,5.61
820,0.00
46,5.64
506,11.55
920,5.72
937,18.26
268,5.79
513,5.75
449,5.58
944,5.70
790,18.26
735,5.87
93,5.92
322,5.86
511,0.00
267,5.89
378,5.82
301,5.82
818,5.75
31,5.83
345,5.77
501,5.70
774,5.75
539,0.00
543,0.00
929,5.69
39,5.70
451,5.69
151,5.61
105,5.62
235,5.72
612,11.58
846,0.00
524,0.00
497,5.50
241,5.55
900,5.55
775,5.66
717,5.71
958,11.34
318,5.75
99,5.76
175,5.71
955,5.65
457,0.00
394,0.00
753,0.00
796,11.47
957,0.00
625,5.90
700,5.87
736,5.91
624,17.97
898,6.03
473,6.08
877,6.18
724,6.14
663,6.15
162,0.00
857,6.33
618,0.00
744,11.74
237,6.20
785,6.27
229,6.22
493,0.00
904,11.80
335,6.35
829,6.31
159,6.38
606,6.23
46,6.28
268,6.32
521,0.00
229,6.40
265,6.41
263,6.32
986,0.00
273,6.43
209,6.49
534,0.00
77,6.45
676,0.00
426,6.42
481,12.06
914,6.47
632,6.34
130,6.40
860,0.00
665,6.34
186,6.44
968,6.23
673,0.00
5,6.40
372,6.40
99,6.37
756,0.00
13,6.47
452,0.00
822,6.45
704,6.56
253,6.53
279,6.59
189,6.49
118,0.00
343,6.49
420,6.58
409,0.00
438,6.64
723,6.60
426,6.73
703,6.76
633,12.37
459,6.79
234,6.75
246,6.69
124,6.69
676,0.00
798,12.14
885,6.57
106,6.45
571,6.63
821,6.71
293,6.84
890,0.00
739,12.50
138,6.87
265,6.88
115,6.84
626,0.00
703,6.75
590,0.00
312,6.79
291,6.68
293,6.60
707,6.51
388,0.00
964,6.64
508,6.69
860,12.96
728,6.64
589,6.77
474,6.76
825,12.80
266,6.83
607,0.00
962,6.70
672,6.84
861,0.00
720,0.00
34,6.80
491,0.00
67,6.77
84,6.75
623,0.00
179,6.81
892,6.67
306,0.00
183,6.73
803,6.74
609,6.88
10,7.00
486,0.00
735,7.00
882,13.36
568,7.06
48,7.08
159,6.91
963,0.00
690,6.92
372,7.04
323,7.14
875,0.00
262,6.98
499,0.00
344,7.04
475,7.05
537,7.07
432,7.16
411,7.04
906,13.63
804,7.14
303,7.18
495,7.12
978,7.19
16,7.20
393,7.11
117,7.26
555,0.00
679,7.11
586,7.26
34,7.08
649,7.14
356,0.00
930,13.70
643,0.00
656,7.03
609,7.22
112,7.31
376,0.00
72,7.21
838,0.00
284,7.23
394,0.00
819,7.11
874,19.73
613,14.07
277,7.33
416,0.00
561,7.30
653,7.28
762,0.00
509,7.35
775,0.00
247,7.54
469,7.51
944,7.61
567,0.00
512,0.00
830,14.28
391,7.59
282,0.00
703,7.38
142,7.42
573,14.18
534,7.46
580,7.27
57,7.41
616,14.07
74,7.11
283,7.05
955,13.87
899,7.01
74,7.09
58,0.00
99,7.13
333,6.95
739,6.95
744,6.92
383,0.00
907,6.76
248,6.78
363,6.83
572,6.83
60,6.80
414,6.80
877,13.74
373,6.93
393,0.00
151,6.70
494,0.00
40,6.61
885,0.00
531,6.61
726,13.67
598,6.72
94,6.63
350,6.61
929,0.00
891,0.00
859,13.82
406,6.62
404,6.59
277,6.60
145,6.58
979,0.00
144,6.76
598,0.00
808,6.73
789,13.92
132,6.78
758,6.88
370,6.76
961,14.03
619,13.92
439,6.88
484,6.77
897,6.83
843,6.95
100,7.08
310,6.88
432,6.92
634,6.84
309,6.89
884,0.00
834,6.65
685,6.74
193,6.77
387,6.78
936,6.75
689,6.66
446,6.75
448,6.63
19,6.52
559,6.40
190,6.55
601,6.43
731,14.23
272,6.61
732,6.41
762,0.00
688,14.15
616,6.51
944,6.54
69,6.65
418,6.66
683,0.00
820,0.00
796,6.79
627,0.00
810,6.86
664,13.82
305,7.06
82,6.82
426,0.00
588,0.00
905,7.01
876,0.00
338,7.08
824,7.17
914,7.29
415,7.20
23,7.17
840,0.00
390,7.24
667,0.00
85,7.27
637,7.24
431,7.26
644,7.25
896,7.25
378,7.45
879,0.00
395,7.35
81,7.41
752,7.25
714,7.34
218,0.00
763,7.39
368,7.45
903,0.00
338,13.77
514,7.37
427,7.10
727,7.50
803,7.38
20,7.27
690,7.29
533,0.00
54,7.31
376,7.20
290,0.00
295,0.00
306,0.00
831,13.98
662,7.13
817,7.02
103,7.23
151,7.12
788,0.00
611,0.00
433,7.10
201,7.05
186,7.08
968,7.03
253,6.99
978,0.00
831,7.00
198,7.04
276,6.95
926,6.96
546,7.09
404,0.00
421,0.00
151,7.10
340,6.95
242,6.98
194,6.81
947,6.85
441,6.94
299,6.82
293,0.00
192,0.00
982,13.40
652,0.00
382,6.79
412,6.69
463,6.78
628,13.33
40,6.77
714,6.64
291,6.68
252,6.64
858,0.00
473,6.53
358,6.54
464,6.44
172,6.53
132,6.41
111,6.34
264,6.27
201,6.18
544,0.00
348,13.44
96,6.06
982,0.00
269,6.11
757,0.00
925,6.24
770,6.14
763,6.29
827,20.36
207,6.47
857,6.40
420,0.00
284,6.32
756,0.00
423,6.40
231,6.32
305,6.33
120,6.24
410,6.29
905,13.63
100,6.22
901,6.16
348,6.13
294,6.13
8,6.25
206,13.48
632,6.10
982,6.10
663,6.25
255,6.04
368,0.00
581,6.12
397,6.21
432,6.14
566,6.16
868,6.28
46,6.18
860,6.04
796,0.00
752,6.09
893,6.11
683,6.08
696,6.31
352,6.27
904,6.30
476,6.37
463,6.37
321,6.56
723,0.00
862,6.40
841,6.51
222,6.34
41,6.43
705,0.00
401,6.27
533,6.42
863,0.00
254,6.54
912,6.44
300,6.48
786,0.00
971,13.43
902,6.50
69,6.51
330,6.50
986,13.33
165,6.52
174,6.55
945,0.00
685,6.62
703,0.00
961,6.74
684,6.64
255,6.75
618,6.85
223,6.80
154,6.88
162,6.88
847,6.81
754,6.88
667,0.00
600,7.03
452,7.13
569,6.90
705,0.00
335,6.99
876,7.00
650,13.26
47,6.99
295,6.87
804,6.88
530,13.23
786,6.72
382,6.69
265,6.70
137,6.68
742,0.00
901,0.00
746,6.79
563,6.86
246,6.95
282,6.84
135,0.00
95,6.94
817,6.86
209,6.98
380,6.85
558,0.00
462,7.11
628,6.97
534,7.04
988,13.02
761,13.16
387,7.00
263,7.07
719,7.01
623,7.03
197,6.87
230,6.87
546,6.94
102,6.99
54,6.83
788,0.00
169,6.68
905,0.00
933,0.00
177,6.75
403,0.00
467,6.48
604,0.00
995,6.59
174,6.78
567,6.68
892,6.69
958,6.62
59,6.75
315,6.60
998,13.11
980,13.02
265,6.70
791,6.66
245,0.00
893,26.71
760,13.14
980,6.79
220,6.66
381,6.79
149,6.75
156,6.79
825,0.00
815,6.69
98,6.60
340,6.68
272,6.47
548,0.00
744,13.29
638,0.00
105,6.43
986,6.34
350,6.55
708,6.50
374,6.56
387,6.48
631,0.00
748,6.40
109,0.00
252,6.56
254,6.41
966,0.00
467,6.36
194,6.41
770,0.00
518,13.28
618,6.57
443,6.58
581,6.57
270,6.62
474,6.62
632,0.00
492,6.56
967,6.58
45,6.71
230,6.60
842,6.51
172,6.59
431,6.52
273,6.41
732,0.00
983,13.39
10,6.35
721,0.00
399,13.54
824,6.43
149,6.44
946,6.33
485,6.35
893,6.38
94,6.49
651,6.49
791,6.56
992,6.66
265,6.57
112,6.61
577,6.56
24,6.66
89,6.58
459,6.58
862,0.00
990,6.56
227,6.73
915,6.67
139,6.68
433,6.45
40,6.53
512,0.00
902,6.58
839,6.51
32,6.38
919,6.51
625,6.61
255,6.60
798,19.63
958,6.59
284,6.52
327,6.56
556,0.00
79,6.52
832,0.00
989,0.00
132,6.47
497,0.00
839,6.46
915,0.00
240,6.66
5,6.84
222,6.76
874,6.76
358,6.77
493,0.00
455,6.69
316,6.71
564,0.00
78,6.76
21,6.74
267,6.70
831,6.68
830,6.75
660,6.57
307,6.59
553,6.49
416,6.68
917,6.61
351,6.49
262,6.68
315,6.57
220,6.48
954,0.00
92,6.41
910,13.05
832,6.55
105,6.58
93,6.54
517,0.00
586,6.43
961,0.00
765,6.63
504,13.10
994,6.77
848,6.78
948,13.14
380,6.83
997,0.00
487,6.79
35,6.74
243,6.80
816,0.00
938,13.12
485,0.00
830,6.70
142,6.76
969,0.00
210,6.58
447,0.00
52,6.53
907,6.59
767,6.67
167,6.71
697,0.00
705,6.54
756,6.67
623,0.00
111,6.49
309,6.57
820,0.00
785,0.00
398,13.18
237,6.62
633,0.00
323,13.19
341,6.57
598,6.58
473,0.00
644,6.49
839,6.46
817,6.75
716,0.00
13,6.53
369,6.63
311,6.57
236,6.48
429,6.50
477,6.29
271,6.29
978,6.38
705,0.00
266,6.64
913,6.54
281,6.65
800,6.50
362,6.38
47,6.53
169,6.51
506,0.00
968,6.49
547,6.51
620,0.00
448,0.00
360,6.50
208,6.57
657,13.20
379,6.59
330,0.00
171,6.47
712,6.57
344,6.65
961,0.00
677,6.71
975,6.65
802,6.61
384,6.64
349,6.51
749,0.00
336,6.67
103,6.56
585,0.00
714,13.15
504,6.52
264,6.54
164,6.47
706,6.53
406,6.64
871,0.00
382,6.43
109,6.43
240,6.37
934,0.00
610,6.46
791,6.38
954,0.00
524,6.49
976,6.56
884,6.67
488,6.68
362,6.69
780,0.00
144,6.71
344,6.67
751,0.00
653,6.82
162,6.82
106,6.70
579,6.72
593,13.16
197,6.77
133,6.76
233,6.62
272,6.64
88,6.63
510,6.48
722,0.00
653,6.59
306,6.55
788,6.62
879,0.00
988,26.56
392,6.79
51,13.17
961,13.16
73,6.70
604,6.82
177,6.64
944,13.43
217,6.70
698,0.00
378,6.73
276,6.73
190,6.82
578,6.71
18,6.81
845,0.00
427,6.64
326,6.54
575,6.61
978,26.19
835,6.54
227,6.65
439,6.67
641,0.00
59,6.84
210,6.71
795,0.00
279,6.70
453,6.62
214,6.65
176,6.65
745,0.00
507,0.00
248,6.63
831,0.00
498,0.00
460,6.51
940,0.00
163,6.47
442,0.00
108,6.46
388,6.43
327,6.43
891,0.00
998,19.70
119,6.47
451,6.38
508,0.00
666,6.43
737,6.53
42,6.41
443,12.87
674,6.58
218,6.64
570,6.40
109,6.46
149,6.40
228,6.26
595,6.18
804,6.25
415,6.12
258,6.12
740,6.23
46,6.06
109,0.00
301,6.16
62,6.20
205,5.94
472,5.94
646,0.00
346,5.93
423,6.00
257,5.92
669,5.98
199,6.00
86,6.18
960,0.00
160,5.88
447,0.00
64,5.93
995,19.08
524,5.84
621,5.86
356,5.73
680,5.86
211,5.87
489,12.48
349,6.01
177,5.88
74,0.00
43,5.96
837,0.00
554,5.85
507,5.77
301,5.99
638,5.93
591,0.00
333,5.97
395,5.97
756,0.00
998,12.79
344,6.18
365,6.19
95,6.02
932,6.04
81,6.09
225,6.09
250,5.97
384,0.00
429,6.01
295,5.98
846,6.00
93,6.11
658,0.00
90,6.07
754,0.00
491,5.85
531,5.99
662,0.00
329,6.14
562,12.67
345,6.28
326,6.07
478,0.00
501,6.07
13,6.17
281,12.45
530,6.08
456,0.00
639,6.06
50,5.99
97,6.09
814,5.97
278,5.87
55,5.81
124,0.00
20,5.81
407,0.00
764,12.34
404,5.94
344,5.94
763,0.00
53,6.05
558,5.99
135,6.08
335,0.00
780,5.96
677,6.04
601,5.96
79,5.96
956,0.00
499,6.02
100,6.06
90,6.11
461,6.12
118,6.12
436,6.04
653,0.00
522,5.92
678,12.18
203,6.09
592,6.00
277,0.00
753,6.09
242,6.01
94,6.14
194,5.96
849,0.00
632,11.86
618,6.07
327,6.08
227,5.75
907,5.66
202,5.70
789,5.72
694,0.00
5,5.95
895,0.00
265,5.86
212,5.82
266,5.93
577,5.90
354,5.97
205,5.75
578,0.00
393,11.74
801,5.72
706,5.76
538,5.75
957,5.89
108,5.79
993,11.85
364,6.04
709,6.17
495,0.00
789,6.07
907,12.19
426,6.30
325,0.00
716,12.17
88,6.43
690,6.20
58,6.29
717,0.00
76,6.25
576,0.00
135,6.06
944,6.06
995,12.25
246,6.18
483,0.00
699,6.16
91,6.20
818,0.00
600,12.28
780,6.41
936,6.47
70,6.65
200,6.45
750,6.39
172,0.00
255,6.45
565,6.48
181,6.43
686,6.41
897,6.27
1,6.39
542,6.31
518,6.38
115,6.41
895,6.39
307,6.46
385,6.36
379,6.38
182,6.40
608,0.00
769,6.34
577,6.44
674,6.44
615,12.61
934,12.69
992,6.62
522,6.68
80,6.68
226,6.64
67,6.55
593,0.00
295,6.62
562,0.00
6,6.68
757,6.68
154,6.83
633,0.00
913,0.00
860,12.92
925,12.83
811,13.08
254,6.95
710,13.03
177,6.92
757,6.76
326,0.00
954,6.82
848,12.60
252,6.81
134,6.85
118,6.86
333,6.88
383,6.87
378,6.91
691,0.00
227,6.55
359,6.52
880,0.00
923,6.46
615,0.00
338,6.30
928,12.53
240,6.45
229,6.35
350,6.25
64,6.28
73,6.18
893,6.22
480,6.15
741,6.18
188,6.22
727,0.00
633,6.19
266,6.23
727,12.23
458,6.07
794,18.43
225,6.27
346,6.15
253,6.04
173,5.98
421,0.00
780,5.85
947,12.33
601,6.13
143,6.19
102,6.07
5,6.12
956,6.12
912,6.25
486,6.26
781,0.00
655,6.40
884,6.49
104,6.40
163,6.35
988,6.28
355,0.00
307,6.45
109,6.47
936,6.40
373,6.50
166,6.52
587,0.00
11,6.44
765,0.00
462,0.00
392,6.55
2,6.46
298,6.35
639,6.33
849,6.45
578,0.00
452,6.30
122,6.15
424,6.20
397,6.23
822,0.00
839,13.08
315,12.99
239,6.26
50,6.00
798,6.37
247,6.12
289,6.04
911,13.43
478,6.11
811,6.33
389,6.18
353,0.00
431,6.28
210,6.29
828,0.00
432,6.23
552,6.20
588,6.34
714,6.43
523,0.00
595,6.50
304,6.58
560,0.00
741,6.60
437,6.61
534,6.56
104,6.62
194,6.57
428,6.49
175,6.43
267,6.50
488,0.00
845,0.00
838,6.62
536,6.63
886,6.66
173,6.64
66,6.73
379,0.00
616,12.90
978,6.62
765,12.71
507,6.67
276,6.61
214,6.60
411,6.68
520,6.65
249,6.65
456,6.78
464,0.00
27,6.65
452,0.00
117,6.48
951,0.00
681,6.37
951,0.00
869,0.00
840,12.74
878,6.40
930,6.45
34,6.32
483,0.00
365,12.81
427,0.00
293,6.23
26,6.16
771,0.00
194,6.17
71,6.30
799,6.14
582,0.00
178,6.19
972,6.24
777,6.27
571,6.35
391,6.26
607,0.00
337,0.00
121,6.52
634,6.46
855,0.00
235,6.45
611,6.52
848,6.40
443,12.64
178,6.46
527,6.28
147,6.19
258,6.18
77,6.21
448,0.00
962,0.00
766,5.95
236,6.03
933,0.00
832,12.50
309,6.03
806,12.64
520,5.85
33,5.90
364,5.80
969,5.73
521,5.89
407,0.00
274,6.06
84,5.98
459,5.98
11,6.10
133,5.91
654,12.48
54,5.82
952,0.00
763,5.86
944,0.00
582,5.86
193,5.92
654,18.74
893,12.81
829,6.05
25,6.14
647,0.00
412,6.10
423,6.01
535,0.00
75,6.13
812,6.13
325,6.14
161,6.21
97,6.09
89,6.09
131,0.00
382,6.09
931,0.00
471,6.16
10,6.14
658,6.02
967,12.35
169,6.22
909,12.38
837,6.20
42,6.06
497,6.03
348,0.00
640,6.13
914,6.22
104,6.05
175,6.17
835,6.07
655,6.19
8,6.22
195,6.20
8,6.13
30,6.09
98,6.03
645,12.33
663,18.52
849,12.25
7,6.07
592,5.84
816,0.00
182,5.82
210,5.78
759,5.77
973,5.88
300,5.82
650,12.30
782,11.95
456,5.87
62,5.82
399,0.00
909,5.93
988,6.02
182,6.08
888,0.00
201,5.93
734,11.88
329,6.05
703,6.15
747,6.22
555,5.96
62,6.13
77,6.11
346,6.03
221,0.00
42,6.00
238,5.95
207,5.83
503,0.00
736,5.92
85,5.90
407,0.00
431,5.95
284,5.96
73,0.00
580,18.31
692,11.66
786,5.98
613,0.00
840,5.99
329,0.00
145,5.86
976,0.00
228,5.76
798,5.83
536,5.84
272,0.00
879,12.02
231,5.77
359,5.70
838,5.84
267,5.77
486,5.88
777,0.00
555,5.78
530,0.00
1,5.91
18,5.83
792,5.77
592,0.00
453,5.82
178,5.74
44,5.81
439,0.00
4,5.67
666,5.55
353,5.67
11,5.54
236,5.56
596,5.58
735,5.62
280,5.69
881,0.00
530,0.00
386,11.95
513,5.85
99,5.96
10,5.72
998,5.72
414,5.80
530,5.86
41,5.87
77,5.72
67,5.59
992,11.50
979,11.51
80,5.70
741,11.60
860,11.52
863,11.77
880,24.48
528,5.93
328,6.11
765,6.08
32,6.17
798,0.00
821,6.00
493,0.00
953,6.08
12,6.12
463,0.00
488,6.17
299,6.22
730,0.00
361,0.00
741,0.00
985,6.21
587,6.25
522,6.30
538,0.00
709,6.35
296,6.51
233,6.50
573,6.40
417,6.57
191,6.61
681,6.61
160,6.69
843,0.00
886,6.69
239,6.69
636,6.64
309,6.56
218,6.64
111,6.52
292,6.56
453,6.50
145,6.43
314,6.34
1000,0.00
322,6.37
876,12.05
514,12.10
686,6.30
998,12.09
41,6.21
707,6.29
337,6.44
695,0.00
568,6.29
917,6.39
846,6.50
785,0.00
58,6.46
174,6.47
843,6.56
318,6.66
1000,0.00
133,6.66
566,0.00
841,0.00
825,6.76
111,6.89
388,6.76
690,6.66
286,6.77
347,6.68
29,6.69
809,6.76
771,6.88
558,0.00
73,6.82
235,6.77
427,0.00
653,6.77
891,0.00
205,6.93
6,7.00
165,6.98
910,18.41
135,12.87
891,6.74
522,6.81
805,6.94
104,6.76
266,0.00
971,18.86
118,6.75
838,6.79
95,6.74
505,6.77
487,6.96
227,6.72
385,6.59
347,6.73
144,6.77
18,6.62
260,6.62
171,6.68
644,0.00
916,6.49
981,6.65
299,6.58
482,6.60
620,0.00
402,0.00
910,0.00
975,6.41
705,6.46
247,6.56
681,6.42
947,0.00
561,6.53
263,6.63
193,6.50
760,0.00
909,6.53
309,6.55
73,6.55
974,6.55
444,12.93
935,12.88
829,12.94
718,6.69
575,6.65
424,0.00
557,0.00
391,13.02
270,12.97
768,0.00
288,6.67
368,6.70
761,6.58
73,6.58
460,6.52
401,0.00
706,12.96
240,6.56
914,0.00
997,6.54
844,0.00
640,6.56
687,6.63
182,6.67
761,0.00
772,6.61
831,6.69
910,6.78
57,6.67
220,6.67
33,6.70
319,6.71
597,6.60
613,13.34
752,6.55
412,6.79
139,6.69
948,6.54
566,6.53
964,13.57
845,6.77
738,6.74
1,6.61
160,0.00
737,6.73
823,13.35
340,6.65
542,13.29
659,6.72
386,6.67
725,0.00
404,6.76
783,0.00
409,0.00
652,6.72
782,0.00
646,6.85
67,6.88
354,6.93
811,6.79
540,6.81
369,6.65
762,6.55
64,6.64
85,6.69
166,6.60
187,6.60
696,0.00
552,6.53
722,0.00
702,6.47
407,6.55
865,0.00
702,6.66
9,6.76
978,6.76
417,6.80
107,6.81
7,0.00
705,6.82
700,13.59
736,7.02
557,6.88
736,7.02
391,7.03
284,6.87
190,6.87
577,0.00
998,0.00
812,6.81
654,0.00
738,6.84
39,6.79
416,6.91
665,6.78
307,0.00
344,0.00
918,0.00
291,6.66
990,6.69
162,6.63
657,0.00
451,6.48
297,6.40
845,0.00
333,6.45
161,6.37
557,6.47
846,6.61
124,6.54
782,6.56
574,6.46
552,6.58
455,6.68
560,6.68
594,0.00
785,13.38
901,13.32
818,6.69
109,6.54
276,13.15
610,6.66
107,6.47
91,6.53
822,0.00
269,6.47
218,6.40
865,13.03
349,6.27
113,6.24
67,6.17
841,6.17
66,6.38
224,6.22
880,6.20
570,6.14
398,12.80
568,6.22
348,6.28
499,12.80
408,6.29
293,6.27
594,6.14
263,6.14
646,6.14
176,6.34
402,6.24
838,6.24
254,6.35
799,6.29
580,6.39
216,6.31
726,0.00
672,0.00
256,6.22
520,6.35
598,6.37
509,0.00
338,6.31
952,13.18
97,6.30
830,19.87
177,6.40
102,6.35
442,6.23
312,0.00
781,6.33
727,6.34
242,13.28
399,13.16
549,6.52
131,6.60
572,0.00
5,6.34
765,6.26
899,6.38
942,6.45
442,0.00
962,13.25
100,6.46
938,0.00
856,13.14
271,6.44
7,6.54
804,6.47
346,6.49
334,6.49
847,0.00
601,13.02
202,6.56
908,0.00
769,0.00
661,0.00
867,13.25
805,13.09
197,6.62
973,0.00
23,6.76
232,6.64
566,6.70
489,0.00
451,6.51
653,13.10
848,6.61
959,13.26
518,6.62
326,6.52
216,6.58
663,6.65
838,6.73
442,6.70
265,6.77
404,6.58
930,6.78
110,6.87
829,0.00
194,6.87
444,6.84
500,0.00
734,13.23
844,13.27
302,6.98
349,6.92
730,0.00
563,0.00
926,7.09
374,6.97
337,7.01
251,7.14
632,0.00
137,7.05
571,6.94
80,0.00
180,7.06
225,6.93
146,6.89
991,0.00
744,6.82
316,13.07
334,6.81
203,6.72
79,6.64
432,0.00
323,6.69
722,6.61
432,0.00
297,6.57
646,13.08
194,6.69
995,6.63
963,6.80
646,6.66
61,6.85
262,6.78
356,13.20
473,6.75
924,13.07
627,13.13
249,6.91
203,6.70
1000,19.83
442,6.66
844,6.87
562,6.70
337,6.51
491,6.63
339,6.59
687,6.68
861,0.00
429,6.69
944,6.73
988,6.74
105,6.83
51,6.69
370,6.60
744,6.60
33,6.55
911,0.00
534,6.39
993,0.00
369,6.49
719,26.53
479,0.00
937,6.69
905,13.20
264,6.71
884,0.00
814,6.52
23,6.62
332,13.30
830,6.62
370,0.00
428,6.68
870,13.29
330,6.55
390,6.48
84,6.47
302,6.47
726,0.00
595,6.68
394,6.54
586,0.00
497,6.57
58,6.53
436,6.53
565,0.00
344,13.42
169,6.54
942,0.00
930,0.00
582,6.44
795,6.49
128,6.54
688,6.53
1000,6.51
999,13.39
224,6.66
429,0.00
606,0.00
931,6.72
243,6.77
461,6.72
46,0.00
181,6.72
217,0.00
926,6.93
94,7.00
605,0.00
723,7.05
167,6.91
401,0.00
600,6.93
129,6.93
769,0.00
818,6.99
996,0.00
419,7.01
505,0.00
442,0.00
720,7.17
187,7.17
471,0.00
932,7.21
816,0.00
685,7.27
938,7.38
974,0.00
334,7.35
533,0.00
295,14.08
61,7.38
473,0.00
189,13.90
660,7.26
804,0.00
693,0.00
559,7.30
723,13.68
936,7.28
201,7.28
892,13.70
101,7.22
965,13.92
206,7.30
831,7.33
331,7.21
545,13.84
220,7.09
528,0.00
630,7.13
109,7.20
836,0.00
960,13.84
667,0.00
274,7.21
444,7.23
890,7.32
655,7.33
162,7.25
914,7.40
184,7.21
304,7.15
620,0.00
331,7.12
455,7.13
839,7.13
169,7.18
727,7.18
587,0.00
94,7.21
221,7.25
980,7.13
681,0.00
638,7.17
147,7.20
496,0.00
587,7.14
324,7.24
794,13.85
283,7.21
257,6.99
995,0.00
185,7.19
252,7.05
830,7.00
87,7.11
563,7.20
144,6.95
643,6.88
739,6.83
1000,0.00
664,14.02
123,7.09
818,6.92
237,7.05
44,6.80
879,6.84
333,6.84
653,6.69
613,0.00
32,6.64
170,6.73
728,0.00
928,6.66
984,0.00
712,6.51
418,6.73
787,0.00
825,6.68
587,6.78
433,0.00
28,6.69
145,6.71
968,6.63
870,14.05
587,6.61
461,0.00
346,6.70
424,6.74
577,0.00
570,6.75
982,6.88
143,6.65
948,20.46
343,6.65
952,6.70
663,6.66
970,20.32
893,6.56
409,6.55
551,6.48
19,0.00
868,6.61
212,6.59
619,6.55
706,0.00
951,13.70
660,6.65
310,6.59
339,6.57
858,6.49
272,6.50
649,0.00
724,6.62
905,6.73
105,6.59
398,0.00
78,6.40
584,13.62
34,6.48
118,6.37
749,0.00
152,6.37
958,6.27
318,6.38
951,0.00
120,6.33
676,13.33
586,6.40
339,6.25
214,6.21
459,13.22
478,6.22
537,0.00
873,6.28
171,6.43
625,6.20
996,0.00
49,6.16
540,6.15
108,6.21
477,6.08
907,0.00
397,6.08
147,6.16
972,6.16
321,6.22
394,6.09
971,0.00
202,6.24
500,6.35
623,6.24
650,6.39
207,6.31
426,6.08
325,0.00
312,6.26
767,0.00
981,12.89
589,6.18
703,6.13
450,0.00
538,6.25
330,6.39
536,13.10
963,6.33
568,6.43
712,6.48
827,6.53
460,6.45
32,6.49
899,0.00
597,6.46
991,6.50
685,20.40
270,6.53
714,6.58
327,6.41
950,13.27
356,13.22
630,6.65
267,6.66
955,13.35
3,6.48
380,6.62
204,6.42
898,6.43
926,12.98
459,6.42
97,6.24
604,12.81
811,12.92
228,6.44
147,0.00
874,12.70
176,6.21
222,0.00
701,6.26
109,6.26
263,6.40
249,6.31
104,6.40
932,6.35
874,0.00
898,6.52
392,6.51
813,0.00
552,6.43
220,6.47
560,0.00
153,6.60
335,6.60
966,6.59
46,6.60
562,6.67
447,6.61
29,6.46
170,0.00
461,6.47
897,6.49
811,6.43
509,0.00
183,6.45
516,6.34
413,6.44
793,6.47
386,6.51
3,6.29
504,6.18
603,6.22
756,6.30
30,6.09
698,6.07
312,0.00
232,6.04
289,6.15
334,6.04
837,6.00
912,6.10
295,6.10
264,6.00
586,0.00
262,5.85
804,0.00
194,5.91
751,0.00
547,5.80
132,5.89
960,0.00
991,5.77
614,0.00
885,5.92
735,12.51
10,6.06
100,5.93
567,5.94
682,19.01
12,5.97
599,12.11
610,0.00
14,5.71
245,5.62
232,12.20
225,12.28
172,5.86
755,0.00
810,5.74
735,0.00
776,5.76
405,5.89
538,5.97
877,6.01
494,6.04
583,0.00
723,6.03
481,12.33
484,12.41
869,6.27
184,6.31
837,6.15
695,0.00
820,6.25
496,6.20
682,0.00
684,6.39
162,6.29
50,6.35
327,6.23
338,6.17
473,6.07
917,0.00
653,0.00
793,6.13
892,6.01
179,6.09
318,6.10
684,6.17
465,6.18
578,12.78
320,6.41
702,6.18
208,6.29
248,6.39
518,0.00
721,6.36
517,6.48
764,12.87
684,6.45
381,6.45
420,6.41
699,6.55
538,0.00
602,0.00
997,6.70
343,6.76
664,0.00
853,0.00
356,6.84
414,6.77
690,6.93
177,7.06
809,0.00
15,7.11
896,0.00
825,0.00
533,0.00
744,6.99
293,7.12
634,0.00
641,7.22
639,7.18
523,0.00
94,7.24
650,0.00
375,7.30
107,7.22
158,7.25
626,7.12
147,7.29
629,7.03
271,7.19
509,6.94
192,6.90
609,0.00
312,7.09
247,7.08
427,0.00
654,12.98
846,13.14
40,7.18
727,7.25
810,13.05
253,7.28
44,7.29
570,0.00
523,7.39
148,7.29
250,7.39
159,7.27
566,0.00
569,0.00
847,7.14
994,7.24
188,7.13
727,0.00
142,7.18
459,7.09
561,0.00
469,7.09
667,7.14
535,0.00
41,7.02
342,7.10
226,6.91
147,0.00
51,6.91
152,6.85
330,6.85
794,6.85
604,6.81
296,0.00
929,6.92
811,6.88
303,6.89
559,6.90
757,0.00
547,0.00
966,6.62
97,6.77
558,0.00
870,6.66
432,6.56
656,6.59
127,6.71
81,6.49
11,6.57
140,6.49
18,6.34
469,6.29
511,6.23
222,6.19
982,0.00
590,6.04
588,0.00
227,6.08
8,6.08
732,0.00
914,6.00
336,6.05
158,5.92
620,0.00
260,5.85
510,0.00
353,5.71
907,0.00
16,5.81
113,5.86
604,0.00
161,5.82
571,5.65
831,0.00
253,5.79
547,5.84
742,0.00
824,5.79
647,13.02
433,5.93
388,5.78
244,5.90
511,13.12
933,5.87
579,0.00
626,13.13
405,5.98
560,0.00
891,5.87
743,0.00
495,5.89
800,0.00
514,5.94
867,5.89
368,6.01
186,5.79
97,5.86
399,5.85
181,5.75
305,5.81
651,0.00
796,5.84
316,0.00
121,6.01
489,0.00
638,6.14
174,6.13
970,6.18
326,6.24
795,0.00
506,6.13
922,6.20
552,0.00
828,6.14
772,6.27
635,0.00
558,6.17
456,6.27
725,6.41
469,6.15
967,6.31
981,0.00
175,6.52
777,0.00
99,6.42
794,0.00
203,6.57
407,6.53
968,6.51
143,0.00
65,6.74
685,6.73
807,6.65
607,6.78
879,6.62
188,6.66
672,0.00
400,6.67
306,6.67
309,6.73
850,0.00
599,6.75
373,6.74
457,6.76
400,6.87
73,7.01
623,6.78
423,6.83
102,6.86
315,6.85
334,6.91
74,6.87
951,0.00
540,6.81
846,6.94
24,6.98
62,6.82
659,6.83
504,6.98
237,6.89
318,6.82
291,6.86
896,0.00
324,6.74
772,12.80
287,12.65
347,6.95
732,6.84
691,0.00
834,12.73
813,6.97
694,7.05
112,6.88
533,6.84
703,0.00
400,6.85
211,12.67
359,6.88
904,12.66
181,6.89
609,6.85
178,6.94
538,6.76
247,6.88
350,6.75
937,6.71
551,0.00
552,0.00
884,6.85
613,0.00
700,13.04
402,6.94
34,6.88
400,6.78
743,0.00
894,13.02
518,0.00
396,13.15
901,7.00
656,0.00
760,6.93
699,7.01
173,6.87
875,0.00
44,6.71
88,6.82
602,6.77
773,0.00
917,6.68
587,6.92
897,0.00
850,6.83
576,6.98
931,13.80
101,7.03
39,7.04
120,6.92
634,6.79
619,6.81
449,6.76
367,6.85
872,6.79
186,0.00
186,6.86
317,6.90
932,0.00
325,0.00
783,0.00
556,6.81
351,6.79
48,0.00
106,6.86
652,6.81
599,6.83
179,6.84
703,0.00
309,6.72
62,6.69
433,0.00
327,6.82
165,6.74
840,0.00
388,6.81
525,0.00
988,13.69
505,13.72
80,6.64
818,6.83
353,6.65
10,6.84
756,19.40
387,6.78
562,0.00
992,19.44
948,6.68
186,6.72
255,6.80
543,0.00
103,6.75
239,6.76
832,6.69
504,6.73
817,6.78
265,6.73
59,6.82
272,6.76
652,0.00
80,6.74
364,0.00
541,6.56
510,0.00
459,6.66
903,6.72
627,6.63
356,6.70
516,6.60
653,6.69
118,6.67
6,6.63
893,13.38
65,6.74
666,0.00
736,6.64
56,6.65
632,0.00
872,13.54
162,6.59
180,6.50
235,6.55
22,6.51
909,6.40
808,0.00
832,6.63
415,6.39
168,6.42
693,0.00
345,6.24
701,0.00
995,0.00
680,19.89
918,13.27
75,6.36
321,6.29
168,6.29
198,6.38
110,6.17
546,6.12
256,0.00
432,6.16
767,6.03
518,6.04
666,0.00
587,6.09
866,6.09
892,6.13
602,6.21
49,6.30
458,6.11
502,6.11
159,6.14
738,0.00
763,6.14
800,6.21
116,6.22
202,0.00
751,12.99
886,6.33
96,6.28
314,6.21
88,6.21
426,6.22
661,12.82
309,6.17
438,12.88
603,12.82
151,6.13
412,6.09
275,6.01
601,0.00
615,6.11
996,0.00
852,13.06
647,6.32
531,0.00
627,6.08
129,6.19
139,6.19
326,6.27
257,6.28
311,6.05
945,0.00
237,6.08
399,6.01
462,0.00
848,6.03
403,6.09
555,6.14
583,6.09
563,0.00
508,6.02
953,6.02
881,5.99
550,6.06
76,6.09
153,6.07
293,0.00
300,6.06
260,6.13
982,5.91
228,5.95
57,5.85
438,5.89
118,5.85
713,0.00
456,5.86
495,5.95
9,5.84
764,12.24
951,12.20
124,5.93
37,5.94
228,5.86
224,5.86
193,5.94
636,0.00
89,5.90
613,0.00
284,5.89
516,5.86
811,0.00
857,12.00
14,5.94
936,5.98
350,6.06
899,12.03
223,5.92
795,5.85
532,0.00
712,6.01
295,5.90
416,5.76
304,12.03
759,5.84
595,5.85
557,5.91
449,5.84
21,5.70
275,5.70
51,5.70
74,5.69
909,0.00
187,5.74
381,5.69
733,0.00
500,5.71
503,0.00
857,11.78
205,5.81
637,0.00
791,5.67
101,5.62
531,5.74
735,5.71
598,5.81
817,5.72
876,0.00
686,5.81
33,5.75
163,5.70
667,0.00
711,5.65
415,5.68
564,0.00
422,5.62
171,5.68
558,5.70
856,5.70
587,5.80
955,5.61
930,0.00
609,5.78
231,5.80
270,5.83
710,0.00
911,5.88
985,6.01
92,5.95
795,0.00
166,6.05
739,0.00
636,0.00
996,6.06
646,6.17
433,0.00
821,18.44
712,12.09
904,12.08
285,6.26
601,0.00
146,6.44
136,6.36
930,0.00
885,6.50
335,6.58
491,6.58
483,0.00
677,12.39
469,6.57
779,0.00
202,6.63
188,6.62
671,6.63
113,6.68
812,6.60
796,0.00
874,12.49
32,6.78
431,0.00
54,6.57
681,6.74
916,12.51
115,6.83
399,6.68
288,6.68
488,6.68
403,6.77
666,0.00
270,6.94
74,7.05
456,0.00
21,7.00
109,7.01
990,12.73
639,6.86
764,6.91
496,7.13
775,12.80
596,12.90
174,7.12
633,7.32
948,7.27
785,7.28
392,7.44
62,7.40
102,7.36
417,0.00
745,7.37
5,7.49
594,0.00
133,7.37
103,7.38
899,0.00
812,7.38
624,7.46
998,0.00
654,7.80
268,7.90
596,0.00
999,13.82
132,8.11
319,8.13
362,8.18
448,8.28
154,8.18
328,8.19
794,0.00
925,8.18
863,8.47
180,8.47
97,8.51
130,8.40
218,8.41
595,14.42
329,8.30
159,14.57
904,8.27
525,14.63
337,8.35
326,0.00
413,8.38
417,8.48
847,0.00
845,8.44
139,8.39
75,0.00
732,8.54
418,8.71
264,8.57
700,8.66
147,8.75
782,0.00
47,8.57
161,8.77
597,0.00
641,0.00
805,15.59
952,21.44
213,8.97
293,8.97
160,8.83
213,0.00
392,9.00
458,0.00
909,0.00
753,9.03
287,9.04
252,8.94
444,0.00
627,9.31
611,9.21
614,9.22
340,0.00
705,15.94
212,9.08
190,8.98
13,9.01
668,9.00
847,0.00
418,8.96
387,0.00
650,15.87
370,8.67
958,8.64
877,15.90
996,15.76
192,8.47
395,0.00
74,8.34
600,0.00
206,8.41
112,8.43
272,8.37
400,0.00
39,8.37
464,0.00
187,8.41
926,15.82
572,8.25
112,8.16
143,0.00
198,0.00
494,7.91
752,7.74
271,7.63
832,7.63
933,7.73
334,0.00
471,7.55
690,0.00
301,7.67
41,7.71
474,7.55
340,7.65
447,0.00
676,7.31
61,7.24
413,7.23
56,7.34
637,7.40
562,7.49
198,7.57
854,0.00
747,7.37
38,0.00
829,0.00
522,7.06
464,7.02
645,0.00
22,7.10
275,6.94
49,6.94
490,6.86
649,6.78
81,6.97
161,6.86
277,6.65
808,0.00
554,6.84
600,0.00
814,15.60
324,6.76
254,6.85
770,6.66
442,0.00
154,6.57
806,15.65
175,6.70
253,6.64
102,6.53
807,0.00
842,6.51
174,6.65
546,0.00
576,6.48
833,0.00
748,6.73
245,6.51
757,6.56
165,6.57
148,6.69
974,0.00
795,6.75
803,6.86
457,7.01
260,7.06
295,15.67
377,7.09
593,7.16
463,6.99
172,7.01
718,15.56
793,7.02
984,28.56
410,7.16
688,7.07
345,7.09
590,0.00
849,7.15
794,7.30
325,7.40
314,7.40
280,7.46
168,7.31
655,0.00
858,0.00
60,7.37
864,23.13
228,0.00
212,7.38
232,7.27
714,0.00
634,0.00
300,7.50
755,7.41
599,7.55
152,7.76
260,7.53
991,0.00
830,0.00
131,7.62
888,0.00
679,7.69
988,7.86
636,7.90
259,8.02
710,8.04
456,7.98
999,8.00
290,8.03
354,7.96
743,0.00
423,7.99
422,15.35
901,8.15
108,8.24
807,15.15
851,8.18
717,8.06
254,8.06
958,8.14
262,7.91
315,8.03
309,8.10
912,8.13
125,8.14
339,0.00
61,8.10
100,8.07
148,8.09
685,7.91
663,0.00
186,7.87
527,0.00
425,7.91
996,7.82
31,7.85
117,7.66
358,0.00
538,7.72
386,0.00
307,7.62
168,7.66
887,7.58
447,7.59
899,23.26
55,7.57
524,0.00
837,7.66
583,0.00
790,7.45
272,14.15
2,7.49
436,0.00
332,7.21
188,7.27
215,7.30
453,7.25
133,7.19
14,7.11
934,0.00
361,6.93
281,7.02
684,6.93
799,14.13
767,7.02
114,7.09
378,0.00
214,6.71
43,6.78
87,6.72
85,6.71
251,6.72
819,6.64
217,6.58
613,6.58
53,6.59
988,6.61
966,6.54
770,6.42
327,6.55
623,6.47
282,6.30
684,6.29
695,6.39
145,6.34
360,6.15
238,6.00
560,6.01
731,0.00
896,0.00
210,5.87
463,0.00
644,5.76
964,21.05
305,6.02
83,5.81
232,5.78
983,0.00
317,0.00
464,0.00
792,5.75
191,5.77
966,0.00
72,5.83
750,0.00
813,5.70
486,5.72
653,5.76
485,5.80
654,0.00
143,5.77
652,0.00
724,5.67
662,5.83
616,13.75
857,5.88
869,5.99
63,6.20
961,0.00
276,5.98
151,6.00
960,6.05
962,6.15
10,6.05
864,5.87
585,0.00
808,5.87
994,0.00
144,6.00
172,5.99
439,6.00
30,6.02
120,5.93
843,0.00
804,5.92
165,6.02
672,6.04
389,5.99
578,0.00
444,6.19
24,6.16
546,0.00
92,13.28
714,13.08
365,6.21
380,0.00
14,5.99
376,6.14
549,0.00
89,6.15
613,6.14
681,6.19
492,0.00
178,6.22
262,6.27
869,0.00
414,6.34
954,12.83
849,6.32
89,6.23
36,6.22
922,6.14
663,6.24
667,12.38
3,6.27
250,0.00
179,6.26
235,6.27
468,6.08
663,0.00
949,6.11
734,6.09
574,6.20
645,6.27
181,6.04
327,0.00
607,6.10
306,0.00
689,6.23
28,6.30
171,6.11
252,6.16
119,6.14
719,6.03
783,0.00
911,6.06
967,6.25
95,6.36
784,0.00
501,6.22
778,6.32
597,0.00
348,6.40
36,6.41
917,0.00
72,6.21
946,0.00
854,6.10
187,12.07
389,6.18
749,6.26
362,6.31
316,6.14
433,6.16
791,6.15
728,12.08
307,6.25
766,0.00
908,19.70
721,0.00
298,6.36
678,0.00
599,0.00
937,6.49
422,0.00
837,6.52
246,6.58
455,6.58
526,6.59
195,0.00
535,0.00
274,6.44
80,6.46
794,0.00
229,6.37
720,6.49
911,6.60
520,6.63
102,6.55
849,0.00
47,0.00
491,6.67
324,6.61
105,6.71
989,6.65
708,6.75
383,13.01
930,6.83
628,0.00
579,0.00
258,6.95
422,6.96
384,6.97
896,6.97
516,7.09
905,6.89
245,7.00
543,7.05
818,13.01
516,7.05
908,13.11
223,7.13
833,0.00
747,7.19
581,7.20
259,7.14
71,7.11
645,0.00
746,7.02
571,7.10
664,7.09
952,7.08
530,7.22
527,7.14
340,7.04
489,7.20
890,7.13
96,7.20
32,7.12
837,0.00
489,7.14
66,0.00
718,7.19
637,7.24
914,7.30
536,7.33
614,13.47
951,13.52
398,7.42
190,7.36
194,7.25
12,7.31
715,19.57
465,7.44
538,7.34
891,7.42
259,7.37
628,0.00
343,7.49
690,0.00
263,7.29
431,7.43
337,7.37
888,7.37
484,13.80
337,7.38
350,7.37
665,7.28
880,7.38
457,7.59
950,7.56
342,7.55
334,7.64
935,0.00
641,14.18
839,14.01
486,7.66
355,7.45
794,7.59
735,7.57
968,7.70
145,7.70
506,7.73
561,7.83
409,7.66
640,7.65
446,7.53
591,0.00
846,7.42
342,7.38
480,7.46
601,7.41
491,7.46
321,7.48
101,7.50
192,7.45
481,14.52
400,7.53
26,7.39
933,0.00
574,7.30
466,7.18
91,7.18
18,7.19
774,14.21
788,7.23
750,7.28
652,0.00
447,7.29
356,0.00
644,7.24
173,7.35
856,0.00
41,7.08
149,6.93
628,6.98
892,0.00
474,6.97
676,6.75
267,6.89
2,6.99
780,6.88
691,0.00
364,6.90
327,6.89
354,6.87
866,6.93
303,7.00
34,6.92
611,6.91
260,6.81
268,6.86
863,6.81
855,14.18
86,6.74
173,6.72
491,14.23
416,6.80
477,6.81
634,6.55
233,6.58
211,6.48
599,6.43
793,6.48
611,13.95
809,6.50
354,6.28
613,6.45
540,6.55
996,6.39
966,6.49
163,6.32
413,6.45
193,6.33
122,6.21
606,13.61
88,6.22
172,0.00
502,0.00
812,6.28
960,0.00
15,6.11
413,6.08
679,0.00
457,6.00
593,6.09
973,6.06
529,0.00
803,6.17
962,13.56
759,6.27
227,6.29
408,0.00
496,6.31
487,6.11
647,0.00
254,6.31
714,6.22
164,0.00
58,6.39
127,6.37
984,6.36
740,6.47
620,0.00
802,0.00
642,6.48
419,6.63
580,13.75
326,6.67
399,0.00
48,6.54
531,0.00
372,6.56
183,6.57
357,6.59
352,6.52
838,6.55
443,0.00
658,6.53
133,6.56
704,0.00
252,6.48
985,6.50
111,6.70
948,0.00
394,6.58
694,0.00
5,6.54
221,6.48
938,6.48
419,6.44
167,6.59
60,6.64
327,13.45
631,6.64
861,6.55
100,6.56
252,6.58
428,6.42
119,0.00
882,13.13
718,6.71
523,6.57
28,6.53
691,0.00
198,6.83
840,0.00
767,13.35
658,7.02
864,13.29
159,6.94
452,6.98
286,7.04
639,13.38
709,7.09
331,13.40
137,7.33
654,7.27
919,7.43
782,7.43
464,7.50
326,7.56
518,7.49
233,7.50
15,7.46
546,7.29
370,7.31
904,0.00
667,7.50
152,7.50
250,7.41
765,7.50
932,7.61
115,7.48
375,0.00
917,0.00
264,7.33
892,7.36
593,0.00
843,7.44
568,7.33
242,7.26
757,7.35
915,0.00
265,7.36
308,7.41
473,0.00
509,7.22
392,7.20
896,0.00
364,7.14
53,7.28
883,7.29
412,0.00
541,7.27
566,7.24
45,7.34
583,0.00
503,7.30
360,7.41
222,7.48
160,7.41
471,7.40
519,0.00
213,0.00
535,13.83
517,0.00
271,7.28
646,0.00
560,7.29
393,0.00
996,7.42
49,7.43
704,7.38
411,7.29
114,7.35
711,7.33
974,14.14
398,7.50
646,7.55
585,0.00
525,20.87
323,13.96
430,7.47
463,7.48
527,0.00
235,7.21
425,0.00
575,14.00
849,7.21
767,7.08
1,7.10
138,6.91
490,6.81
206,6.80
691,0.00
927,6.55
723,0.00
878,6.59
992,14.06
29,6.69
807,0.00
539,0.00
61,6.67
475,0.00
35,6.60
749,6.58
344,0.00
90,6.59
667,0.00
319,6.55
65,6.54
533,0.00
781,6.42
679,6.48
686,6.42
827,6.54
349,6.40
617,6.41
456,6.43
253,6.37
283,6.35
211,6.29
164,6.23
738,0.00
190,6.24
885,0.00
482,6.21
679,0.00
372,6.05
262,0.00
656,6.19
783,6.08
943,6.20
807,0.00
653,6.15
603,6.30
243,6.28
185,6.29
128,6.26
654,6.21
318,6.13
396,6.12
439,0.00
475,6.20
686,6.24
693,6.18
446,6.19
196,6.18
252,6.12
792,6.14
430,6.15
37,6.19
536,0.00
758,0.00
755,6.04
595,6.09
629,6.10
587,13.50
762,6.15
521,0.00
388,0.00
803,20.16
536,6.16
668,6.12
324,6.12
50,6.29
505,6.05
445,6.07
983,13.37
484,0.00
902,6.31
744,6.29
936,6.27
254,6.34
829,0.00
600,12.91
896,6.34
423,6.27
101,6.22
776,0.00
320,6.19
364,6.16
129,6.26
407,0.00
135,6.12
919,0.00
909,0.00
421,6.20
724,0.00
549,6.25
415,0.00
334,6.27
726,12.79
500,6.24
594,6.23
147,6.27
944,12.50
192,6.20
350,6.20
113,6.21
478,6.18
605,6.16
460,0.00
840,6.20
25,0.00
871,6.26
152,6.44
789,0.00
694,6.41
938,6.38
269,6.45
897,12.62
142,6.59
59,6.62
159,6.51
228,6.57
155,6.48
131,6.48
787,12.73
994,6.66
567,0.00
836,6.81
41,6.90
468,6.87
551,6.82
926,0.00
164,7.07
500,7.04
592,0.00
720,7.22
746,7.35
676,7.20
447,0.00
90,7.28
312,7.38
424,13.41
14,7.39
704,7.46
48,7.36
134,7.43
726,0.00
418,7.31
618,0.00
303,7.26
589,0.00
10,7.40
343,7.41
511,0.00
926,7.45
359,7.48
288,7.46
877,13.70
399,7.40
666,13.70
328,13.58
784,13.64
59,7.41
389,0.00
707,13.57
429,7.24
471,7.18
408,7.43
276,7.23
285,0.00
825,13.48
563,7.21
329,7.44
747,7.42
224,7.49
785,0.00
544,7.39
524,0.00
817,7.38
96,7.35
61,7.49
796,7.45
779,7.55
596,7.56
1000,7.59
442,7.67
439,0.00
639,0.00
564,7.81
894,0.00
180,7.75
863,0.00
795,7.77
168,7.85
647,0.00
837,14.43
154,8.08
565,0.00
854,7.99
683,14.51
132,7.91
155,7.86
535,7.73
833,7.74
336,7.68
692,7.72
118,7.77
503,7.80
691,14.40
368,7.73
199,7.51
288,0.00
738,7.69
442,0.00
127,7.45
657,0.00
592,7.25
810,7.15
130,7.24
170,7.08
986,14.27
404,7.08
527,7.19
236,6.93
111,7.04
309,6.99
293,6.93
82,0.00
126,7.02
145,6.94
19,7.06
571,6.89
46,6.92
661,6.77
420,6.77
886,28.06
455,7.08
600,0.00
853,6.73
736,0.00
313,6.85
494,6.75
17,0.00
328,6.87
526,0.00
857,20.65
439,14.29
86,6.89
481,14.27
613,14.44
668,14.24
22,7.07
51,7.01
34,7.08
81,7.08
654,20.39
879,14.27
620,6.87
999,6.99
706,7.09
114,6.90
114,6.83
512,6.81
809,0.00
447,6.94
574,0.00
546,7.08
635,0.00
122,7.21
905,0.00
53,7.19
775,7.19
565,7.24
180,7.09
877,7.01
959,0.00
215,7.23
84,7.38
992,15.22
925,7.47
444,0.00
168,7.58
803,7.41
372,0.00
844,7.40
531,7.50
53,7.32
41,7.34
285,7.27
851,0.00
687,0.00
404,7.71
81,7.66
787,0.00
831,7.66
533,7.85
606,8.07
116,7.88
777,0.00
397,8.14
50,8.18
339,8.19
952,0.00
957,8.38
782,0.00
648,15.86
648,8.78
692,0.00
846,8.76
6,8.82
517,0.00
919,9.09
759,9.34
524,9.37
593,0.00
189,9.52
323,9.55
856,9.53
493,9.74
68,9.65
612,9.58
128,9.69
765,9.57
674,0.00
500,0.00
837,10.00
713,10.10
51,10.13
753,0.00
371,16.92
732,10.25
33,10.22
455,10.13
242,10.17
438,17.47
451,10.48
864,10.45
602,10.52
465,10.56
277,10.49
309,10.61
73,10.56
148,0.00
959,0.00
339,10.40
781,0.00
986,10.27
498,10.28
794,10.32
712,0.00
788,17.44
748,10.53
976,10.00
709,0.00
167,10.02
739,17.70
313,9.98
945,10.00
772,10.16
632,9.85
826,9.95
883,10.24
173,10.06
194,10.13
525,10.11
463,10.25
329,10.23
885,17.75
401,10.30
47,10.10
79,10.08
579,10.18
805,17.84
110,10.19
767,10.04
472,9.88
244,0.00
290,10.07
972,10.05
4,9.98
513,9.92
730,10.04
368,10.21
891,10.06
62,10.08
637,9.91
385,10.10
195,9.67
465,9.82
579,9.83
606,0.00
781,9.82
9,9.84
972,9.86
298,9.94
413,9.82
565,9.61
601,0.00
867,9.61
618,9.86
260,9.54
589,9.43
87,9.56
791,0.00
33,9.49
871,9.37
855,0.00
239,9.51
130,9.54
169,9.39
964,0.00
1,9.11
594,0.00
533,9.06
445,9.08
282,9.11
475,0.00
828,0.00
948,19.25
119,8.85
973,8.83
783,0.00
943,19.28
145,8.83
900,8.79
347,8.80
448,8.77
662,8.77
387,0.00
951,19.37
489,9.06
190,9.05
296,9.12
269,9.01
16,9.04
702,8.82
931,8.82
566,0.00
733,9.04
365,9.10
636,19.58
947,19.39
137,9.07
272,0.00
956,9.31
987,9.22
965,9.48
325,9.75
761,0.00
53,9.73
928,0.00
937,9.54
499,0.00
831,0.00
23,9.58
773,0.00
171,9.82
363,0.00
485,9.82
937,9.82
564,0.00
59,10.04
649,0.00
613,0.00
179,9.89
831,0.00
395,9.74
928,9.74
298,9.71
270,9.70
44,0.00
645,19.67
19,9.85
599,9.63
320,0.00
763,9.53
521,9.65
135,9.51
157,9.62
147,0.00
698,9.34
826,0.00
53,9.49
173,9.53
996,9.35
725,9.47
269,9.47
741,0.00
575,0.00
811,9.53
540,0.00
609,9.55
266,9.65
119,9.69
154,9.52
293,0.00
316,9.61
355,9.67
522,9.54
930,9.55
835,9.59
535,9.40
808,9.60
48,0.00
393,9.56
755,9.66
98,9.61
972,9.37
180,9.42
518,9.33
771,9.34
242,9.33
345,9.41
923,0.00
369,9.35
856,9.57
549,9.20
80,9.30
725,18.37
690,9.25
305,9.06
991,18.21
510,9.06
27,9.27
700,0.00
66,8.65
759,18.27
313,8.66
256,8.47
191,8.52
475,8.43
547,18.02
986,8.54
114,8.34
743,8.13
462,7.94
15,7.89
535,0.00
757,7.80
337,7.89
515,7.49
74,7.56
559,0.00
829,17.51
521,7.55
478,7.57
803,17.22
293,7.43
505,0.00
575,7.30
205,7.44
601,7.32
562,7.39
189,7.23
739,16.64
360,7.20
540,0.00
5,0.00
499,7.11
191,7.22
260,7.18
674,0.00
54,7.12
231,7.07
975,0.00
969,0.00
88,7.06
269,7.14
147,7.05
600,6.93
987,0.00
824,7.04
431,0.00
828,7.03
38,7.10
669,0.00
515,7.02
177,6.98
620,16.66
529,6.97
550,7.07
781,7.10
401,6.87
907,16.68
113,6.91
695,7.00
67,6.96
61,6.83
124,6.81
107,6.77
189,6.75
460,6.65
68,6.69
864,0.00
878,6.57
13,6.58
267,0.00
789,0.00
311,15.65
361,6.66
890,6.67
920,35.32
50,6.56
366,6.29
461,6.23
864,6.26
50,6.42
616,0.00
7,6.45
553,0.00
283,0.00
927,14.92
456,0.00
573,6.57
881,14.55
913,6.71
817,14.55
277,6.77
783,0.00
954,6.84
576,6.96
42,7.00
586,0.00
786,6.91
946,0.00
998,14.73
267,7.11
457,0.00
954,24.45
236,7.25
298,0.00
947,14.67
91,7.39
998,0.00
619,7.35
310,7.47
460,7.32
151,7.22
207,0.00
212,7.17
230,7.17
26,7.23
137,7.15
55,7.00
231,6.92
9,6.86
954,6.86
960,6.89
435,7.06
208,6.82
355,6.95
985,6.78
893,6.91
59,6.80
424,0.00
551,6.75
88,6.86
513,6.96
442,0.00
524,14.03
857,6.92
586,6.92
801,23.46
226,6.80
588,23.21
860,13.93
965,7.01
104,7.03
155,6.96
390,6.93
756,0.00
476,7.00
187,7.06
329,6.89
687,6.77
965,6.76
373,6.84
249,6.76
695,6.83
576,6.84
183,6.85
695,6.87
995,6.89
539,7.03
169,6.91
519,0.00
805,0.00
138,6.80
18,6.80
376,0.00
218,6.72
221,6.78
793,6.51
784,6.53
353,6.50
10,6.54
956,0.00
954,13.07
773,6.32
807,6.45
192,6.30
438,6.24
712,6.06
459,6.12
850,6.14
391,6.13
705,0.00
983,6.00
30,6.02
330,6.03
888,5.90
920,20.62
460,13.34
730,20.77
987,0.00
628,5.96
790,6.15
267,6.07
43,6.12
270,6.09
693,6.10
287,6.17
217,6.17
747,0.00
81,6.12
382,6.12
829,0.00
326,6.07
526,0.00
1,6.05
662,6.04
698,0.00
351,6.11
453,6.04
989,0.00
878,6.04
475,5.96
583,5.91
668,12.93
344,5.75
771,12.65
321,5.87
567,0.00
383,5.76
291,5.89
807,0.00
207,5.89
388,0.00
831,5.86
837,0.00
536,5.95
52,6.14
598,0.00
640,6.04
412,5.97
397,6.05
970,12.86
461,5.90
3,5.91
769,0.00
855,12.63
933,5.92
248,5.89
114,5.89
7,5.94
620,0.00
696,0.00
28,5.96
905,0.00
200,5.86
218,5.96
508,0.00
786,5.76
998,12.01
178,5.65
87,5.79
154,5.68
153,5.58
922,0.00
27,5.61
675,5.62
897,5.73
640,0.00
276,11.62
134,5.58
750,0.00
900,11.63
534,11.47
725,5.61
203,5.62
735,18.86
553,11.68
849,18.83
34,5.76
636,0.00
558,0.00
745,5.64
4,5.77
871,5.69
388,5.82
286,0.00
79,5.78
377,5.81
804,5.73
494,0.00
909,11.97
180,5.81
412,0.00
551,5.92
334,5.84
689,5.79
447,5.76
580,0.00
857,5.88
865,6.08
954,11.97
438,0.00
724,6.28
810,12.03
697,6.42
205,6.41
102,6.51
254,6.41
372,0.00
559,6.39
164,0.00
49,6.49
952,0.00
247,6.45
114,6.26
235,6.31
666,6.33
610,6.44
820,6.46
597,12.40
424,6.54
828,6.65
731,6.66
114,0.00
416,6.77
448,0.00
251,6.66
104,6.68
155,6.63
691,0.00
680,6.67
507,0.00
755,6.70
548,0.00
819,6.90
668,0.00
430,6.95
608,6.92
128,7.13
687,12.94
856,7.16
853,7.16
175,7.19
297,7.07
561,7.07
123,7.30
426,0.00
642,0.00
380,7.16
477,7.20
38,7.05
883,7.05
105,7.16
280,7.15
410,7.03
313,0.00
65,7.09
186,12.57
249,7.08
615,0.00
687,0.00
493,6.97
339,7.11
668,6.97
621,0.00
337,0.00
657,0.00
291,6.91
689,0.00
511,0.00
300,7.05
310,0.00
578,0.00
58,7.01
52,6.88
753,12.75
84,6.98
506,6.75
730,6.79
37,6.89
452,0.00
498,6.89
623,0.00
985,25.76
856,12.79
882,12.96
32,6.57
84,6.51
423,6.39
676,6.36
282,6.45
247,6.38
948,0.00
489,6.44
205,6.39
367,6.42
111,6.37
313,6.40
806,0.00
638,6.40
12,6.49
942,0.00
360,6.28
818,12.84
455,6.11
450,6.16
258,5.99
394,0.00
102,6.01
997,6.00
735,0.00
274,6.07
598,5.99
188,6.06
225,5.96
891,5.86
305,5.97
673,0.00
763,6.01
828,5.90
473,5.97
365,5.93
426,13.09
831,6.05
421,12.99
107,6.01
571,0.00
8,6.04
33,5.81
9,5.85
596,0.00
523,5.82
577,5.75
563,5.72
902,5.80
767,5.87
155,5.97
678,0.00
561,5.85
390,5.87
704,5.88
779,5.78
30,5.68
416,5.61
378,5.69
602,5.69
928,12.52
450,5.61
159,5.82
607,5.69
749,5.69
296,5.63
370,5.75
382,5.75
628,5.76
477,5.78
140,5.75
199,5.60
217,5.66
339,5.57
582,0.00
819,5.60
783,5.67
430,12.40
640,5.58
99,5.59
156,5.52
977,5.49
363,0.00
125,5.62
341,5.55
686,0.00
927,5.54
271,5.60
520,0.00
939,5.58
290,5.57
22,5.76
837,0.00
284,5.64
522,0.00
147,5.62
312,5.62
513,5.63
98,11.65
811,5.67
452,5.77
289,5.54
777,0.00
761,5.73
7,5.64
140,5.71
744,0.00
299,5.58
83,5.53
457,5.53
108,5.58
209,5.46
124,0.00
591,0.00
936,0.00
409,5.23
961,0.00
223,5.18
669,5.22
821,0.00
22,5.23
773,5.27
601,0.00
157,5.34
871,0.00
706,0.00
119,5.47
99,5.47
400,5.39
173,0.00
766,0.00
998,5.41
109,5.46
376,11.25
565,5.52
930,30.07
265,5.61
847,0.00
542,11.54
569,5.94
375,11.60
471,5.85
441,0.00
252,5.65
160,5.77
818,0.00
913,5.93
543,5.88
608,6.08
845,0.00
720,0.00
764,12.04
569,6.27
189,6.33
157,6.27
89,6.28
107,0.00
910,0.00
941,6.16
330,6.20
866,11.79
141,6.12
711,6.22
299,6.04
8,6.04
748,0.00
813,6.07
837,0.00
272,6.09
253,6.10
844,0.00
340,6.16
350,6.01
533,0.00
94,6.03
308,0.00
810,6.01
724,6.07
214,6.17
244,6.09
982,0.00
66,0.00
330,0.00
195,5.99
855,0.00
777,0.00
403,6.09
942,6.09
673,6.21
427,6.24
839,0.00
589,6.24
526,0.00
491,6.39
173,6.39
217,6.44
690,11.49
67,6.40
521,6.29
886,6.55
228,6.28
195,6.40
291,6.29
292,6.31
662,0.00
605,6.11
817,0.00
493,6.17
753,6.14
914,6.31
399,0.00
659,17.60
188,6.36
681,11.81
349,6.39
86,6.17
615,17.68
798,6.27
6,6.17
441,0.00
489,6.01
603,6.01
203,0.00
43,6.09
834,5.97
482,0.00
974,5.94
322,5.86
838,5.86
6,5.73
398,5.72
934,5.75
693,5.57
402,5.81
971,0.00
244,5.88
967,0.00
812,24.46
122,5.85
165,0.00
436,0.00
490,17.66
789,12.29
985,12.19
338,5.92
239,5.98
461,5.94
598,5.85
753,5.90
323,6.01
484,5.97
731,0.00
90,5.98
573,6.04
186,6.12
882,0.00
854,6.07
549,6.20
562,6.24
549,12.34
757,6.32
236,6.34
109,0.00
730,12.25
274,6.41
59,6.20
422,6.12
685,6.12
328,6.14
218,6.07
231,5.97
531,0.00
427,5.90
848,5.89
122,5.91
500,0.00
772,5.88
887,5.99
56,6.00
220,5.93
321,5.88
804,0.00
496,6.02
545,6.01
354,6.00
594,0.00
436,6.10
125,6.07
237,5.85
837,0.00
418,0.00
798,0.00
795,5.87
849,12.10
76,5.96
818,0.00
457,12.29
812,6.00
634,5.87
625,6.02
462,6.15
915,6.26
906,6.21
705,6.20
682,6.27
993,6.24
789,6.33
229,6.45
290,6.32
231,6.41
948,0.00
949,12.01
373,6.52
978,0.00
451,6.46
979,6.44
692,6.49
450,0.00
686,18.75
26,6.55
732,0.00
108,6.45
705,12.62
358,12.71
384,12.68
871,6.83
170,6.78
427,6.73
642,0.00
608,6.83
32,6.88
646,6.65
705,0.00
231,6.70
565,6.57
418,0.00
582,0.00
566,6.45
630,6.47
359,12.74
929,6.72
760,6.74
151,6.65
132,6.56
656,6.62
472,0.00
921,6.91
416,6.99
435,7.02
827,7.08
220,7.17
260,7.14
509,0.00
679,7.16
711,0.00
886,0.00
457,7.19
440,7.27
993,7.16
639,7.24
277,7.15
473,7.28
301,7.33
887,0.00
723,7.23
643,7.34
100,7.36
809,7.38
895,0.00
775,7.35
354,7.35
887,30.90
179,13.30
355,7.40
524,0.00
930,7.51
752,0.00
793,13.28
1,7.20
614,7.30
314,7.20
587,0.00
913,7.29
274,13.55
768,7.33
509,0.00
167,7.24
99,7.22
903,7.22
488,13.71
310,7.20
808,13.44
48,7.16
761,0.00
588,7.05
566,7.09
362,6.93
33,6.89
280,6.99
455,0.00
381,6.78
117,6.71
946,13.49
814,6.75
590,0.00
261,6.68
484,0.00
610,6.68
349,6.67
255,0.00
276,0.00
909,6.72
121,6.68
888,0.00
280,6.77
568,6.69
335,0.00
297,6.80
510,0.00
368,6.73
461,6.63
348,0.00
745,6.65
866,6.66
526,6.75
264,6.76
166,6.71
211,6.63
829,0.00
914,6.44
443,6.49
293,6.53
814,0.00
892,6.46
232,6.48
15,6.50
720,0.00
292,6.39
634,6.45
500,0.00
488,6.50
741,6.51
872,6.38
922,0.00
974,6.50
765,6.50
720,6.50
546,6.50
973,6.43
775,6.53
54,6.56
782,6.46
529,0.00
626,6.64
144,6.61
232,6.52
952,6.52
949,6.58
46,6.55
369,6.45
730,0.00
406,6.49
333,6.47
118,6.36
168,6.27
682,0.00
746,6.15
479,6.16
289,6.24
277,6.14
423,6.07
960,6.14
437,6.22
426,6.12
144,6.22
847,0.00
682,0.00
342,13.14
425,6.33
150,6.34
922,0.00
972,19.89
30,6.40
701,0.00
757,0.00
558,6.28
914,12.87
422,6.30
459,6.46
372,6.19
967,6.33
777,6.33
376,6.32
239,6.28
440,6.47
820,6.39
140,6.39
189,6.33
582,0.00
133,6.20
153,6.20
265,6.34
382,0.00
837,0.00
996,6.24
430,6.21
345,6.18
768,0.00
974,0.00
63,6.28
464,6.33
683,0.00
695,6.18
685,0.00
361,6.39
711,0.00
174,6.39
639,6.42
935,0.00
677,0.00
667,12.89
808,6.41
598,0.00
474,6.38
544,6.48
715,6.38
769,6.47
808,6.59
254,6.50
77,6.43
485,0.00
678,6.36
220,6.31
199,6.54
767,0.00
856,6.38
278,6.36
25,6.39
373,0.00
891,6.54
153,6.44
200,6.34
343,6.55
367,0.00
202,6.52
319,6.67
223,6.71
937,6.68
250,0.00
913,6.86
553,6.69
356,6.83
230,6.76
549,0.00
746,6.82
417,6.86
201,6.89
972,13.06
74,6.98
1,6.97
864,6.86
988,0.00
668,7.04
662,13.28
407,7.11
154,7.22
894,7.01
993,0.00
567,7.30
876,0.00
115,7.23
456,7.21
984,7.14
676,7.21
627,7.34
173,7.17
370,7.17
187,7.16
181,7.27
781,7.28
967,13.41
333,7.33
26,7.18
310,7.29
453,7.15
127,0.00
857,7.35
157,7.31
824,0.00
845,7.36
741,7.36
391,7.39
102,7.34
8,7.27
836,7.22
714,0.00
407,7.29
361,7.19
26,7.27
426,0.00
760,0.00
787,7.13
849,0.00
760,7.20
374,7.33
200,7.30
400,0.00
109,7.29
546,0.00
821,13.54
505,0.00
518,7.20
109,7.17
452,0.00
20,7.07
84,7.04
314,0.00
682,7.06
261,7.00
39,7.12
728,6.91
686,0.00
906,0.00
31,6.93
102,6.92
53,6.85
767,0.00
812,19.90
14,6.80
238,6.90
556,0.00
709,6.67
2,6.70
657,0.00
703,6.70
840,6.72
403,6.74
167,6.72
320,6.68
238,6.67
314,6.72
680,0.00
284,6.67
104,6.54
95,6.52
836,0.00
776,6.62
859,6.34
803,0.00
344,13.56
954,6.51
780,0.00
847,19.87
429,6.51
524,13.52
119,6.44
728,6.68
599,6.35
212,6.38
456,0.00
843,6.42
909,6.48
442,6.54
519,6.51
28,6.40
652,6.44
930,6.62
449,6.40
325,6.52
321,6.48
189,6.59
635,13.83
425,6.61
593,6.49
84,0.00
822,6.32
26,6.45
107,6.24
341,6.29
122,6.12
404,6.11
165,6.11
231,6.18
470,6.05
6,6.11
955,0.00
76,5.99
286,5.98
980,0.00
264,6.02
215,5.98
969,5.90
30,6.01
365,5.78
931,5.86
100,5.95
314,5.82
436,5.88
239,5.84
993,0.00
399,5.73
290,5.76
537,5.69
610,0.00
603,5.82
238,5.69
114,5.68
799,0.00
66,5.86
365,5.69
942,12.66
890,5.81
266,5.92
831,5.75
163,5.91
254,5.96
156,5.80
639,5.68
310,5.83
651,5.78
103,5.77
664,0.00
610,5.65
340,5.74
147,5.68
465,5.58
733,0.00
146,5.70
365,5.71
59,5.62
565,0.00
454,5.61
196,0.00
392,5.65
640,5.65
328,5.57
821,5.46
733,5.46
107,5.31
959,0.00
663,5.45
350,5.37
202,5.31
651,0.00
300,11.63
524,5.28
13,5.14
38,5.11
890,0.00
864,5.00
541,5.07
444,5.08
176,5.02
472,0.00
723,5.03
624,0.00
584,4.88
626,4.95
854,11.64
45,5.16
104,5.06
130,5.09
315,0.00
916,5.14
56,5.05
922,5.14
329,5.25
704,5.19
99,5.29
206,5.24
314,5.27
752,5.15
506,5.23
874,0.00
202,5.50
275,5.51
573,0.00
430,0.00
101,5.67
199,5.59
207,5.63
383,5.60
663,5.58
489,5.72
133,5.72
145,5.68
352,0.00
199,5.77
507,0.00
740,5.87
73,5.85
654,0.00
89,5.81
128,5.89
356,0.00
360,5.74
835,5.76
485,0.00
104,0.00
481,11.63
228,6.02
884,6.15
883,6.26
380,6.06
251,6.20
689,6.33
50,6.30
49,6.30
163,6.20
590,0.00
691,6.30
728,0.00
349,6.29
694,6.30
770,6.39
859,0.00
194,6.44
585,0.00
765,0.00
562,6.45
667,6.52
592,6.53
541,6.35
536,6.44
177,6.45
33,6.32
882,6.27
383,6.40
109,6.44
830,0.00
628,6.54
430,0.00
274,6.55
411,0.00
738,6.53
380,6.48
452,0.00
134,6.51
124,6.51
545,0.00
594,25.14
691,6.44
632,6.56
964,11.81
28,6.53
206,6.71
778,0.00
536,6.68
856,0.00
992,6.81
245,6.71
181,6.80
679,0.00
151,6.98
294,6.90
901,6.73
543,6.59
335,6.65
338,6.68
984,0.00
891,6.66
294,0.00
117,6.49
823,6.55
286,6.61
723,0.00
438,6.51
585,6.51
221,6.42
177,6.44
534,6.40
73,6.39
287,6.42
210,6.33
887,6.26
578,0.00
440,6.39
992,6.44
425,0.00
452,6.43
22,6.11
610,6.20
759,6.09
454,0.00
911,6.13
182,6.13
506,6.14
234,6.15
272,6.14
206,6.14
889,6.07
426,6.24
378,6.14
766,0.00
208,6.14
374,0.00
365,12.59
386,6.25
248,6.01
230,6.01
752,0.00
437,5.94
575,12.34
951,6.02
392,6.03
925,17.89
351,6.12
613,6.17
742,6.20
352,6.23
524,6.12
287,6.20
178,6.25
105,6.16
328,0.00
680,0.00
186,6.17
630,6.12
490,6.21
873,6.23
606,6.24
799,12.73
250,6.31
342,6.30
26,6.40
186,6.30
231,12.75
219,6.18
124,0.00
983,6.21
361,6.01
942,6.07
246,6.16
471,6.02
255,5.89
682,0.00
151,5.94
117,5.84
854,5.75
435,5.84
20,5.80
589,5.71
889,5.66
245,5.69
601,0.00
581,5.79
98,5.73
298,5.65
767,0.00
949,12.29
820,5.70
758,0.00
126,5.90
545,0.00
433,0.00
290,5.88
429,5.91
683,0.00
576,12.14
598,5.70
212,5.64
827,0.00
653,5.66
433,0.00
844,5.79
440,11.87
555,5.76
101,5.68
665,0.00
244,5.71
351,5.69
771,5.76
302,0.00
260,5.50
322,5.57
799,5.47
193,5.52
222,0.00
825,5.55
692,0.00
613,5.63
111,5.62
378,5.70
279,5.62
351,0.00
664,23.74
42,5.71
993,5.56
55,5.57
470,0.00
869,5.73
819,18.10
335,5.56
60,5.50
866,5.51
428,5.61
67,5.62
344,5.76
234,5.65
994,0.00
754,5.80
607,5.88
352,0.00
545,5.67
448,5.96
646,5.77
674,5.92
456,6.05
694,0.00
740,6.19
915,12.34
750,6.31
273,6.47
30,6.46
822,0.00
266,6.53
39,6.56
757,0.00
221,6.50
900,0.00
591,6.62
590,0.00
637,6.65
541,6.73
519,0.00
565,6.71
74,6.65
66,6.69
977,0.00
18,6.67
966,6.67
902,0.00
506,0.00
359,12.44
383,6.80
657,0.00
875,12.54
415,6.77
570,6.84
580,6.73
382,6.79
711,6.76
800,0.00
842,6.90
971,12.71
729,6.81
855,0.00
483,0.00
65,6.80
823,0.00
607,6.82
726,0.00
538,6.89
38,6.85
178,6.79
536,0.00
894,12.43
480,0.00
199,6.93
182,6.85
152,6.92
429,6.88
992,0.00
308,6.82
584,6.84
641,0.00
376,0.00
602,6.98
601,6.89
429,0.00
570,6.97
211,6.90
698,6.91
977,18.76
2,7.00
819,0.00
596,0.00
587,6.83
278,6.96
946,0.00
958,6.94
187,6.99
511,6.92
866,12.86
46,6.95
783,12.71
997,6.87
321,6.85
224,6.75
203,12.92
685,6.60
532,0.00
914,0.00
236,6.41
725,0.00
97,6.41
298,0.00
939,6.44
768,0.00
253,6.40
512,0.00
254,6.27
471,6.27
920,6.20
151,6.28
488,6.26
136,6.18
310,6.17
49,6.20
639,0.00
198,6.06
847,6.06
294,12.69
420,5.99
710,0.00
601,6.09
898,18.65
73,6.09
406,6.02
562,5.94
765,6.12
734,6.14
848,6.04
143,6.05
860,6.08
331,6.24
677,6.16
39,6.27
280,6.14
561,6.04
568,0.00
368,6.07
231,0.00
100,6.02
474,0.00
774,6.02
38,6.16
857,12.97
970,6.15
246,6.18
442,6.05
762,6.15
685,6.20
475,6.28
815,0.00
379,6.04
370,6.23
676,0.00
887,6.11
725,6.21
580,6.22
20,0.00
34,6.25
667,0.00
85,13.15
856,6.18
130,6.20
323,0.00
806,5.98
504,6.09
619,6.03
409,0.00
176,6.04
936,5.95
607,6.00
809,6.01
765,6.18
706,6.06
886,5.94
583,6.00
564,6.11
543,0.00
73,5.88
108,5.89
128,5.83
566,0.00
680,12.23
997,5.92
395,0.00
722,5.88
369,5.88
589,0.00
451,5.86
66,5.85
195,5.82
308,5.86
759,0.00
696,5.93
128,5.89
787,5.89
443,5.90
462,5.90
862,0.00
285,0.00
824,5.85
970,5.86
762,5.83
456,5.96
527,0.00
963,18.90
379,5.83
859,0.00
186,5.83
916,5.87
377,5.92
385,6.00
597,5.87
449,0.00
906,0.00
539,5.98
285,6.12
585,12.21
412,6.16
41,6.07
268,6.08
599,0.00
511,5.96
88,6.04
40,5.99
876,0.00
699,12.11
199,6.15
405,5.95
597,0.00
511,5.83
647,5.90
551,5.94
643,0.00
733,6.03
613,12.12
456,6.10
659,6.23
422,6.05
333,5.93
40,6.14
324,5.90
422,5.87
302,5.90
719,0.00
649,5.81
582,0.00
608,5.95
887,18.54
598,11.96
755,5.92
409,11.81
321,6.02
936,0.00
527,0.00
932,5.98
282,6.17
803,6.10
561,0.00
940,6.14
774,6.15
452,0.00
932,6.32
377,6.35
638,6.39
656,0.00
674,6.49
585,0.00
969,6.52
230,6.65
711,0.00
617,0.00
842,6.65
324,6.68
721,0.00
667,6.69
908,0.00
664,6.83
990,6.92
613,6.89
882,7.05
383,6.99
969,12.84
534,6.86
994,0.00
272,6.64
758,0.00
944,0.00
227,6.80
366,6.72
524,0.00
187,6.66
813,0.00
448,6.62
388,6.59
395,0.00
360,6.64
63,6.68
631,6.64
962,0.00
298,6.80
796,0.00
903,6.84
45,6.85
390,0.00
685,6.90
585,6.86
475,7.00
115,6.86
355,6.84
201,6.79
426,6.71
360,0.00
620,0.00
910,12.84
80,6.72
765,0.00
786,6.77
475,6.78
27,6.75
634,0.00
266,6.98
896,0.00
547,12.91
824,6.89
623,7.02
556,18.83
143,6.91
452,12.79
486,7.07
110,6.96
385,6.85
76,6.92
959,6.75
980,6.91
234,6.82
701,6.80
550,12.83
168,6.79
324,6.64
299,6.59
530,6.54
651,6.46
962,0.00
296,6.49
503,6.37
256,0.00
526,6.42
287,6.43
947,0.00
269,6.24
100,6.40
215,6.33
685,0.00
154,6.24
525,6.15
234,6.17
730,0.00
655,12.82
484,6.06
467,6.11
795,12.87
537,0.00
680,6.00
47,6.01
208,5.95
828,0.00
579,12.62
365,5.94
272,6.02
687,5.86
85,5.95
263,5.89
470,0.00
981,5.88
613,6.02
370,6.01
834,0.00
496,5.83
376,0.00
710,5.80
549,5.84
848,12.73
11,5.83
527,0.00
335,5.61
591,5.60
763,12.45
588,5.73
910,5.81
348,5.75
280,5.56
142,5.77
587,0.00
202,5.74
593,0.00
520,5.54
175,0.00
748,5.53
145,5.50
640,0.00
18,5.43
998,0.00
930,18.18
429,5.50
296,5.39
971,12.53
69,5.44
141,5.47
638,0.00
683,12.32
939,5.30
717,5.38
856,5.47
908,5.30
937,5.46
148,5.53
46,5.46
389,5.41
734,5.51
147,5.59
853,5.61
873,0.00
807,5.79
557,5.80
37,5.93
677,0.00
243,5.99
932,0.00
398,5.82
479,5.94
163,5.95
369,5.97
246,5.95
758,0.00
320,5.93
981,11.93
744,19.02
750,12.15
835,6.05
295,6.25
727,0.00
174,6.23
664,6.15
220,6.20
778,6.21
584,6.03
514,0.00
550,6.14
483,6.15
651,6.11
875,12.15
890,6.24
169,6.23
279,6.26
946,6.17
269,6.29
823,0.00
365,6.18
862,6.24
409,6.34
944,6.36
761,6.37
562,0.00
924,19.01
701,6.67
223,6.57
697,6.61
962,0.00
915,6.50
282,6.61
65,6.65
48,6.56
690,0.00
525,0.00
793,0.00
519,6.72
117,6.66
927,0.00
767,12.00
848,6.74
217,6.67
925,6.66
539,6.76
401,6.87
5,6.86
371,6.78
205,6.78
161,6.77
970,0.00
974,18.97
639,6.63
827,6.78
893,6.64
106,6.64
383,0.00
36,6.47
903,0.00
428,6.31
299,0.00
116,6.45
876,6.37
480,6.43
515,6.52
964,0.00
422,6.38
417,6.46
811,6.42
501,6.55
665,0.00
899,12.51
592,0.00
828,12.67
338,6.69
638,6.79
325,12.69
543,6.77
189,6.61
700,6.49
218,6.55
633,6.46
351,6.51
343,6.46
629,6.56
248,6.57
64,6.57
705,6.44
336,6.34
249,6.37
399,6.27
541,6.28
860,0.00
111,6.30
249,0.00
123,6.19
856,0.00
637,6.24
553,6.30
640,6.35
357,12.55
288,6.46
809,0.00
240,6.22
317,6.11
871,12.65
746,6.06
929,50.13
426,6.16
687,0.00
981,6.09
337,6.21
493,6.16
948,6.27
689,6.20
15,6.37
491,0.00
438,6.23
431,6.33
12,6.38
269,6.16
797,6.16
651,12.94
283,12.91
529,0.00
568,6.16
307,6.11
40,6.07
342,0.00
313,6.14
59,6.07
18,6.07
235,6.09
357,12.66
561,6.01
875,12.60
8,5.97
647,6.05
434,6.01
361,5.95
15,5.88
247,0.00
263,5.94
371,5.85
789,5.88
778,0.00
794,0.00
193,5.93
696,0.00
482,5.88
763,0.00
447,5.75
302,5.87
401,5.73
373,5.71
185,5.70
68,5.71
514,5.50
625,5.51
678,5.62
911,12.13
339,5.56
76,5.51
101,5.45
80,5.49
721,0.00
972,5.50
641,5.51
673,0.00
1000,5.61
21,5.54
296,5.62
780,5.61
986,5.67
192,5.75
565,5.69
337,5.84
61,5.59
599,5.62
999,5.70
651,0.00
807,0.00
480,5.64
504,0.00
842,5.62
993,12.06
243,5.83
640,0.00
888,0.00
491,12.00
35,5.80
772,5.66
586,5.86
567,0.00
589,0.00
741,5.93
87,5.92
201,5.72
258,5.73
245,5.76
846,0.00
861,0.00
876,5.92
44,5.93
615,12.06
557,0.00
708,5.89
16,0.00
252,5.94
152,5.98
605,0.00
889,5.98
234,6.15
367,0.00
940,6.28
843,6.29
742,6.46
672,0.00
297,6.35
109,6.38
778,6.35
860,6.22
684,0.00
802,6.31
331,6.37
765,6.39
524,6.44
342,6.50
803,6.38
41,6.50
494,0.00
724,6.46
430,0.00
743,6.55
505,6.55
634,0.00
766,30.91
967,6.74
680,12.14
309,6.90
340,6.78
866,0.00
623,6.85
291,6.96
198,0.00
647,6.96
600,6.96
399,0.00
139,6.94
60,6.95
7,6.95
782,6.88
999,6.96
952,6.79
181,6.90
180,6.88
75,6.92
622,0.00
770,6.87
950,6.87
116,6.94
350,6.81
190,6.76
401,0.00
723,0.00
412,6.78
478,6.63
251,0.00
742,6.66
359,0.00
580,6.63
562,0.00
653,6.60
221,6.61
337,0.00
990,6.40
307,6.35
154,6.37
135,6.44
33,6.41
149,6.44
585,0.00
406,0.00
455,6.23
178,12.20
245,12.06
139,0.00
726,6.29
315,6.32
517,12.38
539,18.60
308,6.12
21,6.15
502,0.00
106,6.03
509,6.09
744,0.00
235,5.98
336,6.00
895,5.90
833,5.98
314,5.82
760,12.12
636,5.91
19,6.01
621,5.84
985,6.00
409,6.07
733,0.00
771,6.01
349,6.15
703,0.00
748,6.20
524,0.00
605,0.00
347,6.10
747,0.00
319,6.10
80,6.20
123,6.21
168,6.12
794,0.00
650,0.00
630,5.75
704,0.00
466,0.00
774,5.71
225,5.72
7,5.68
530,5.67
786,0.00
532,0.00
450,5.67
134,5.74
252,5.69
242,5.69
60,5.56
235,5.49
501,0.00
204,5.54
214,5.47
860,5.50
4,5.56
787,5.44
961,5.44
869,5.60
244,5.61
268,5.42
893,0.00
77,5.45
650,5.55
490,0.00
783,18.12
730,5.52
262,0.00
898,12.52
988,12.06
483,0.00
694,0.00
944,5.67
834,5.70
143,5.91
307,5.86
790,5.79
16,5.80
259,5.77
850,5.89
301,5.89
20,5.79
23,5.90
797,5.86
809,0.00
476,5.98
990,0.00
927,11.83
479,5.93
354,5.92
591,5.94
209,5.89
764,5.88
884,5.84
328,5.77
659,5.73
582,0.00
42,5.83
961,5.70
803,0.00
810,5.72
277,5.76
456,5.76
408,0.00
940,5.73
492,5.73
485,11.77
402,0.00
87,5.59
951,5.78
922,11.81
839,5.85
108,5.89
864,5.91
224,5.92
383,0.00
345,5.93
194,5.91
456,0.00
984,0.00
714,6.13
516,0.00
967,6.21
391,6.34
15,6.32
64,6.26
894,0.00
291,0.00
65,6.45
347,6.57
631,0.00
278,6.55
735,0.00
83,6.62
415,6.66
169,6.73
839,0.00
606,12.17
904,6.61
586,12.01
30,6.52
21,6.61
344,6.50
289,6.43
251,0.00
232,6.51
536,0.00
947,18.63
785,6.48
463,6.52
656,6.57
115,6.58
48,6.54
563,0.00
252,6.33
498,0.00
689,6.37
242,6.46
418,0.00
956,6.43
516,6.44
188,6.32
795,6.49
169,6.35
947,6.29
2,6.35
134,6.38
611,0.00
978,12.05
330,6.24
907,12.15
734,6.45
56,6.46
325,6.50
47,6.48
226,6.41
18,6.48
62,6.28
462,6.31
688,0.00
994,6.14
400,0.00
621,0.00
919,6.29
704,6.41
468,0.00
797,6.34
385,0.00
694,6.40
205,6.49
850,0.00
667,6.35
795,6.39
130,6.51
400,6.29
256,6.30
661,6.12
844,0.00
498,6.09
142,6.10
544,0.00
508,6.05
842,5.95
893,6.04
493,12.40
33,6.11
872,0.00
214,6.09
64,6.05
927,0.00
56,6.01
90,5.97
702,5.97
806,0.00
997,5.99
599,12.62
719,6.15
894,6.04
299,6.08
756,6.10
217,6.08
207,6.13
769,18.17
479,0.00
874,6.05
258,6.20
195,6.08
291,6.08
396,6.07
443,6.16
506,6.07
430,6.12
62,6.21
307,6.12
755,0.00
544,6.15
772,12.60
769,12.47
744,6.22
475,0.00
807,6.20
174,6.31
9,6.24
822,6.22
876,0.00
833,6.31
359,6.41
84,6.46
188,6.38
20,6.19
645,0.00
601,0.00
567,6.13
357,6.10
735,0.00
454,6.33
756,6.34
759,6.43
770,6.52
61,6.67
762,0.00
848,0.00
788,6.42
517,6.51
271,6.44
332,6.38
454,6.43
52,6.42
972,6.30
470,6.40
662,6.39
423,6.40
871,12.77
44,6.37
463,0.00
433,6.48
957,0.00
631,6.43
890,6.42
2,6.54
443,0.00
958,6.43
627,6.50
816,6.54
976,12.45
25,6.40
564,6.46
463,0.00
5,6.53
812,0.00
577,6.53
250,6.72
985,12.58
198,6.62
745,12.71
64,12.55
493,6.54
600,0.00
771,6.54
746,6.54
6,6.60
776,0.00
248,6.64
864,0.00
935,12.82
403,6.76
588,0.00
86,6.63
602,6.54
298,6.61
998,0.00
437,6.45
58,6.57
612,6.52
23,6.48
829,12.65
315,6.53
389,12.75
715,6.51
927,6.43
16,6.52
19,6.40
189,0.00
712,6.52
166,6.62
392,0.00
475,0.00
192,6.56
430,6.50
371,0.00
247,6.52
258,6.53
947,6.67
87,6.74
73,6.71
53,6.68
520,0.00
588,6.54
337,6.65
667,0.00
441,0.00
123,6.59
889,6.45
240,6.57
216,6.67
565,0.00
981,19.33
199,6.60
202,6.58
300,6.67
181,6.49
429,6.43
554,6.50
350,6.69
498,0.00
560,0.00
646,0.00
854,6.66
566,6.56
555,6.73
628,0.00
373,6.73
35,6.77
879,6.73
693,6.74
60,6.82
491,6.73
606,0.00
355,6.77
814,0.00
231,6.81
348,6.71
306,0.00
323,0.00
829,6.71
397,6.83
868,6.66
682,0.00
115,6.92
819,6.73
619,13.38
769,6.82
201,6.85
810,13.39
787,6.83
304,6.96
583,13.58
384,7.03
393,7.05
779,0.00
953,6.89
92,6.92
658,0.00
417,6.96
776,0.00
517,6.81
320,6.87
675,6.92
491,6.93
803,25.97
483,7.00
690,0.00
997,0.00
866,7.16
241,7.26
793,7.35
533,13.94
782,7.45
27,7.43
183,7.37
545,0.00
942,7.49
60,7.42
664,7.24
712,7.25
138,7.30
679,0.00
377,7.21
1,7.20
878,7.23
641,7.32
620,7.43
952,0.00
231,7.21
557,7.29
178,7.39
335,7.40
269,7.28
65,7.26
565,7.16
68,7.09
760,0.00
792,6.92
855,0.00
990,0.00
454,6.95
280,6.97
165,6.97
38,6.91
965,6.72
220,6.85
291,6.77
160,6.87
471,6.66
849,6.67
909,6.78
791,19.86
445,6.81
364,6.70
125,6.73
22,6.74
163,6.54
371,6.51
47,6.54
733,6.46
851,0.00
618,6.50
929,6.50
871,13.22
672,6.61
660,0.00
131,6.56
471,6.35
514,0.00
407,6.41
115,6.42
595,0.00
645,0.00
481,0.00
303,6.12
372,6.20
713,6.10
774,6.19
683,6.09
448,6.15
836,0.00
953,13.15
636,6.30
364,6.36
779,0.00
115,6.25
696,6.29
300,6.17
62,6.16
901,0.00
389,5.98
936,0.00
924,5.99
291,5.87
443,5.86
891,0.00
232,5.98
654,6.09
972,5.99
940,5.96
161,6.14
740,6.00
269,6.11
991,0.00
397,6.03
267,5.93
36,5.99
188,5.89
226,5.78
103,5.76
774,0.00
46,5.81
332,5.73
475,0.00
473,5.76
706,5.83
54,5.93
944,0.00
527,5.95
771,0.00
689,5.91
633,0.00
112,5.96
525,5.95
191,6.01
925,5.99
236,5.98
391,0.00
283,12.56
759,19.33
26,5.99
613,0.00
576,5.89
139,5.93
83,5.80
960,0.00
691,5.93
72,5.94
380,5.91
226,0.00
204,5.79
475,5.79
563,5.80
282,5.65
437,0.00
987,12.18
107,5.66
514,5.66
698,0.00
379,5.64
579,5.64
33,5.77
112,5.70
947,0.00
538,11.70
846,5.74
302,5.68
153,5.75
617,5.66
820,5.82
343,5.71
781,5.80
807,5.77
671,0.00
506,5.75
360,5.89
269,6.01
89,5.96
938,5.93
344,6.10
127,5.87
353,5.93
161,5.85
707,0.00
829,6.01
23,6.04
548,0.00
980,32.12
219,5.99
752,12.22
631,6.02
660,5.97
26,6.06
108,5.95
481,0.00
735,0.00
192,6.02
848,6.05
247,6.19
852,6.00
358,6.15
1000,6.27
849,0.00
14,6.41
100,6.41
568,0.00
800,0.00
850,12.22
883,6.42
402,6.41
694,0.00
829,6.48
634,0.00
683,6.49
824,12.35
137,6.46
61,6.47
851,6.41
884,6.46
771,0.00
42,6.40
537,6.39
686,0.00
921,6.41
253,6.52
573,6.40
513,6.51
724,0.00
922,6.47
317,6.62
647,6.55
123,6.69
949,6.77
402,6.75
345,6.75
248,6.77
1000,0.00
172,6.76
861,0.00
918,6.78
171,6.65
652,6.79
969,18.90
541,7.02
458,0.00
501,12.71
192,6.96
992,0.00
732,12.87
332,6.98
427,12.57
708,6.93
125,7.04
674,0.00
923,12.59
797,12.42
808,0.00
373,0.00
144,6.63
833,6.64
116,6.62
808,0.00
129,6.61
992,6.60
667,12.68
371,6.79
968,6.63
266,0.00
765,0.00
744,6.67
78,6.71
997,6.74
108,6.58
641,6.60
704,6.59
323,6.71
908,0.00
393,6.56
537,0.00
203,6.50
895,0.00
425,6.36
186,6.35
846,6.36
90,6.37
921,6.39
123,6.37
348,6.37
493,6.26
271,6.27
862,0.00
396,6.23
206,6.31
485,6.34
857,6.33
960,18.66
580,12.75
282,6.51
628,0.00
863,6.40
11,6.49
149,6.43
310,6.33
859,0.00
986,6.41
540,6.40
404,6.43
715,6.35
421,6.36
322,6.21
21,6.13
470,0.00
325,6.19
443,6.15
409,12.84
509,6.24
836,6.08
403,6.06
42,6.20
716,6.07
806,6.14
752,0.00
433,6.05
580,0.00
135,6.07
360,6.06
776,0.00
297,6.08
559,6.08
349,6.10
195,5.92
390,6.02
955,0.00
54,6.10
336,6.01
753,12.61
239,5.98
317,5.80
615,5.77
358,5.80
226,5.73
582,5.73
922,5.83
46,5.74
931,5.61
497,5.70
306,5.64
947,5.65
916,12.33
294,5.88
586,0.00
859,5.78
873,5.62
918,0.00
198,5.87
868,5.92
59,5.85
65,5.91
599,0.00
988,5.86
5,6.07
137,5.90
241,5.91
437,12.17
232,5.78
484,5.66
553,5.70
210,5.74
316,0.00
927,5.72
129,5.75
625,5.74
411,0.00
349,5.79
897,5.79
628,0.00
801,12.53
140,12.45
67,6.05
777,6.00
66,6.12
131,5.96
55,0.00
679,5.96
353,0.00
666,0.00
499,6.08
973,6.13
664,6.22
869,12.50
695,6.17
832,0.00
421,0.00
808,6.42
345,6.48
987,0.00
866,6.53
647,0.00
85,6.55
832,0.00
980,6.54
259,6.54
570,6.54
685,0.00
361,6.50
896,6.70
114,6.68
350,12.62
865,6.69
269,6.66
299,6.64
231,6.73
810,0.00
797,12.82
339,12.77
746,6.91
991,6.81
35,6.82
405,0.00
284,6.89
308,7.03
770,0.00
562,0.00
543,0.00
404,12.69
735,6.98
464,6.99
846,0.00
272,6.91
614,6.90
657,6.90
422,0.00
531,6.92
902,6.95
244,6.96
370,6.99
764,0.00
807,6.88
396,6.91
491,0.00
902,6.88
17,6.88
137,0.00
278,6.83
57,6.83
261,6.86
818,6.86
805,6.94
464,6.96
659,6.95
368,6.93
503,0.00
565,0.00
963,6.90
503,0.00
707,6.97
541,7.02
149,7.02
568,0.00
834,7.06
74,6.75
159,6.79
192,6.75
666,6.64
931,6.71
47,6.72
919,0.00
712,6.66
656,6.76
148,6.79
993,0.00
814,12.99
140,6.75
110,0.00
992,19.14
956,6.68
159,6.83
129,6.80
616,0.00
241,6.72
61,6.82
951,6.66
442,6.70
290,6.56
262,6.48
20,6.70
758,6.58
278,6.63
621,0.00
796,6.53
205,6.60
38,6.46
681,0.00
728,6.45
540,6.46
165,6.52
238,6.54
606,0.00
459,6.47
558,6.37
51,6.42
299,6.35
678,0.00
674,6.52
985,6.52
525,6.60
717,13.42
2,6.55
3,6.60
564,6.48
295,6.53
740,6.38
508,0.00
497,0.00
861,6.50
838,0.00
731,6.48
208,6.57
583,0.00
43,6.41
479,0.00
508,6.38
285,0.00
689,0.00
97,6.36
989,6.26
354,6.28
325,0.00
373,6.20
257,6.30
521,0.00
836,6.35
411,6.48
624,13.39
629,6.48
723,0.00
839,6.42
886,6.55
775,6.55
95,6.57
914,0.00
428,6.52
592,0.00
536,6.36
820,0.00
653,6.50
461,0.00
750,6.52
817,6.61
953,13.32
494,6.70
372,6.61
24,6.65
39,6.71
537,0.00
513,0.00
664,6.41
254,6.48
499,6.38
173,6.45
62,13.08
871,19.54
264,6.46
185,6.24
830,0.00
568,6.15
613,0.00
48,6.26
599,0.00
220,6.24
378,0.00
770,12.92
311,6.28
754,6.37
921,0.00
481,6.26
787,0.00
80,6.31
227,6.32
919,0.00
612,6.17
810,0.00
365,6.21
45,6.26
203,6.27
58,6.21
680,0.00
152,6.24
208,12.50
63,6.26
917,0.00
260,6.10
303,0.00
810,12.68
886,6.16
362,6.17
456,12.61
348,6.24
204,6.28
303,6.23
339,6.33
107,6.27
676,0.00
563,6.26
923,6.28
665,12.71
234,6.46
493,6.23
661,6.21
423,0.00
394,6.20
186,6.33
190,6.35
437,0.00
646,6.33
596,12.59
148,6.51
257,6.37
605,6.24
129,6.33
706,6.20
901,12.69
365,6.22
190,6.13
440,6.14
431,6.03
735,6.18
734,5.97
195,0.00
515,6.12
109,0.00
572,6.12
833,0.00
720,6.26
941,6.10
372,0.00
369,0.00
894,6.12
207,6.28
566,6.07
203,0.00
315,6.07
383,0.00
161,6.30
720,0.00
810,6.18
682,0.00
283,6.32
687,0.00
378,6.32
400,6.32
181,6.47
847,6.36
409,0.00
57,0.00
166,6.37
553,0.00
340,6.30
552,0.00
532,0.00
100,6.35
370,0.00
516,6.33
643,0.00
448,6.19
799,6.19
32,6.28
548,6.16
495,0.00
354,6.05
593,6.11
747,0.00
20,6.20
638,6.19
57,6.29
750,6.11
280,6.18
116,6.06
388,0.00
960,5.98
282,5.84
726,0.00
746,0.00
132,5.85
781,5.86
105,5.89
171,5.80
310,0.00
985,5.83
937,0.00
752,6.02
525,5.91
321,6.07
215,5.85
373,5.85
86,5.94
483,5.85
583,0.00
307,5.76
614,5.80
261,5.92
674,0.00
908,5.81
840,0.00
984,5.99
569,0.00
127,6.10
382,6.10
670,5.98
596,5.98
903,12.08
345,6.13
254,6.18
173,6.09
373,6.16
240,6.08
534,0.00
249,5.99
970,6.00
797,6.01
970,6.12
275,6.23
411,6.11
346,6.19
909,5.99
890,5.89
104,5.98
267,5.91
527,5.81
500,0.00
815,5.87
103,5.81
61,0.00
401,0.00
987,5.81
380,5.93
228,5.74
243,5.93
75,5.93
563,0.00
221,5.88
314,5.88
239,5.83
780,0.00
962,12.10
985,12.25
588,6.00
83,5.95
977,5.95
605,5.98
360,6.13
110,6.21
659,0.00
510,6.09
575,0.00
131,6.13
820,0.00
25,6.12
6,6.12
12,0.00
590,0.00
966,12.15
651,6.23
259,6.26
722,6.11
785,12.10
992,6.10
660,0.00
474,12.08
433,6.25
547,0.00
440,6.20
965,6.13
783,0.00
117,6.13
715,0.00
96,6.16
158,6.14
153,0.00
520,0.00
313,6.27
94,6.27
563,0.00
393,6.21
535,0.00
380,6.25
960,0.00
89,6.12
345,6.27
163,6.14
969,0.00
709,6.21
133,6.10
792,6.11
167,5.87
967,0.00
751,6.12
821,0.00
417,6.23
852,0.00
44,6.30
563,0.00
9,6.34
520,6.29
628,6.30
671,0.00
70,6.31
769,12.30
545,6.41
558,6.42
433,6.31
786,6.37
281,6.40
583,0.00
699,6.31
440,12.13
306,6.33
733,6.26
645,6.34
282,6.22
568,0.00
93,6.24
56,6.25
607,6.24
825,0.00
782,0.00
386,12.31
976,12.24
683,6.35
265,6.33
338,6.42
449,0.00
894,12.43
477,6.20
267,0.00
480,6.25
385,6.21
376,6.28
929,6.29
194,0.00
88,6.17
962,0.00
378,12.25
121,6.09
788,12.32
959,6.01
187,6.13
583,0.00
233,6.15
864,6.15
796,18.21
112,6.33
378,0.00
359,12.51
135,6.27
968,0.00
38,6.25
988,12.30
249,6.18
882,6.24
4,6.25
528,0.00
337,6.32
368,6.29
368,0.00
896,6.25
306,6.42
36,6.38
972,0.00
716,0.00
991,6.35
654,6.49
676,0.00
44,6.54
791,6.45
726,0.00
884,6.58
951,6.42
875,0.00
96,6.56
580,0.00
782,6.40
161,6.47
998,6.22
598,6.32
624,6.39
824,0.00
567,6.33
478,6.42
869,0.00
404,6.44
404,6.55
96,6.56
778,12.93
585,6.66
341,6.73
985,6.56
52,6.71
13,6.76
845,13.03
131,6.69
479,6.57
234,6.58
344,6.66
130,6.66
843,0.00
117,6.81
207,6.68
12,6.64
452,12.92
9,6.59
454,0.00
983,12.92
567,0.00
368,6.46
119,6.51
694,0.00
337,6.36
371,0.00
729,0.00
696,6.51
15,6.52
554,0.00
576,12.73
708,6.53
590,6.46
321,0.00
472,12.75
366,6.74
941,6.68
610,0.00
84,6.44
268,6.58
797,6.45
516,6.40
385,0.00
574,0.00
509,6.41
21,6.42
476,6.43
665,6.45
214,6.46
360,6.24
997,6.24
280,6.42
418,0.00
371,6.23
27,6.27
754,0.00
107,6.04
863,12.43
304,6.13
781,0.00
735,5.92
912,5.95
145,6.06
410,5.90
941,5.75
705,0.00
485,0.00
572,5.90
592,5.80
179,5.89
757,12.00
322,5.83
120,5.77
828,12.11
878,5.66
931,5.93
380,5.82
251,5.74
271,5.67
561,0.00
721,0.00
171,5.66
637,5.77
500,0.00
157,5.63
899,5.71
518,5.80
586,5.85
205,5.69
252,5.69
420,0.00
158,5.61
205,5.61
558,5.60
108,5.63
347,5.63
235,5.53
640,5.48
794,18.31
863,12.18
643,5.75
234,5.75
983,12.03
63,5.61
884,5.56
690,5.65
419,5.75
970,18.41
829,5.73
106,5.74
319,5.69
789,0.00
986,5.67
430,12.49
782,5.83
568,0.00
711,5.80
787,5.91
608,0.00
99,5.85
433,12.40
244,6.00
513,12.25
168,5.83
98,0.00
122,5.70
194,5.81
574,5.80
831,12.04
974,12.18
30,5.95
243,5.83
642,5.94
939,6.01
45,5.86
532,0.00
969,5.89
732,0.00
906,6.07
89,6.21
217,6.26
553,6.18
850,0.00
420,6.33
722,6.40
338,6.28
698,0.00
782,6.30
140,6.32
440,0.00
581,6.25
645,0.00
404,6.33
388,6.24
998,0.00
361,6.38
464,6.47
710,6.62
823,6.41
276,6.56
143,6.53
507,0.00
939,0.00
149,6.43
859,6.33
155,6.42
929,0.00
578,6.38
221,6.47
971,0.00
568,0.00
619,12.17
802,6.43
890,25.16
645,6.52
737,6.54
107,6.64
883,6.64
419,6.64
111,6.74
902,0.00
64,6.73
542,6.84
668,6.98
465,0.00
127,6.73
1,6.77
981,6.81
314,6.83
23,6.73
997,0.00
434,6.75
943,0.00
935,6.85
196,6.83
332,6.80
751,6.84
759,6.86
575,6.83
746,0.00
642,6.65
629,0.00
682,0.00
546,6.70
222,6.66
69,6.83
883,6.70
206,6.77
195,6.86
658,0.00
598,6.79
755,6.75
451,6.76
170,6.70
121,6.74
201,6.62
479,0.00
549,6.63
300,6.67
515,0.00
69,6.56
202,6.44
938,6.37
418,0.00
736,6.56
408,6.43
429,6.38
850,6.38
713,12.59
206,6.27
376,0.00
120,0.00
271,6.29
808,0.00
30,6.28
125,0.00
694,0.00
426,6.07
807,0.00
622,0.00
302,6.05
568,0.00
418,6.07
465,0.00
849,6.12
471,6.20
111,6.10
1000,0.00
938,6.05
485,0.00
110,6.08
544,6.05
706,12.46
53,6.15
59,6.10
781,12.53
760,12.44
355,6.08
1000,6.06
223,5.96
437,0.00
506,6.05
470,5.86
296,5.89
229,5.82
465,5.82
28,5.87
438,0.00
240,5.80
332,5.78
743,12.63
467,5.83
50,5.84
159,5.87
918,0.00
790,5.80
382,5.84
870,0.00
57,5.79
963,0.00
250,5.70
650,5.83
112,5.89
590,12.66
671,5.92
992,37.53
95,5.97
726,5.94
14,5.94
266,6.01
634,0.00
172,5.80
710,12.59
455,6.05
27,5.89
796,0.00
706,5.92
147,5.96
858,0.00
296,5.89
727,0.00
422,0.00
410,5.99
828,0.00
169,5.92
163,6.11
519,5.95
583,6.01
672,6.00
72,6.15
481,0.00
467,0.00
493,5.96
872,0.00
943,12.51
797,6.10
690,6.12
311,6.38
126,6.19
50,0.00
719,0.00
333,6.11
525,0.00
96,6.30
518,6.19
82,6.21
770,0.00
93,6.09
797,0.00
816,6.03
375,6.19
367,6.07
424,0.00
277,6.27
501,0.00
555,6.21
956,6.21
570,0.00
869,0.00
994,6.30
839,6.34
339,6.29
36,6.36
325,6.30
303,6.38
452,12.21
943,6.36
80,6.39
304,6.42
947,6.45
837,6.45
704,6.62
549,6.48
785,0.00
863,6.59
477,6.72
32,6.62
561,0.00
1000,12.56
603,6.64
13,6.78
634,0.00
628,6.68
240,0.00
584,6.60
245,6.74
93,6.69
17,6.57
174,6.53
824,0.00
58,6.41
432,12.34
690,0.00
32,6.33
865,6.33
832,0.00
844,0.00
583,0.00
772,6.32
591,6.33
790,0.00
611,6.38
370,6.42
93,6.25
640,6.33
720,6.34
329,6.21
266,6.26
213,6.20
942,0.00
705,0.00
650,6.36
197,6.45
432,6.41
806,12.36
671,6.47
143,6.58
937,0.00
7,6.54
609,6.28
658,6.28
267,0.00
939,6.40
704,12.61
408,6.41
888,0.00
473,6.52
766,6.53
857,6.54
237,6.49
816,6.51
477,0.00
383,6.37
74,6.41
539,6.32
773,6.23
552,6.27
464,6.34
874,0.00
957,12.59
399,6.24
245,6.28
186,6.19
547,0.00
791,12.63
324,6.23
441,6.27
953,6.28
971,6.19
23,6.20
254,6.22
922,0.00
391,0.00
401,6.39
461,0.00
198,6.28
650,6.26
387,6.27
257,0.00
260,6.16
697,0.00
275,6.13
650,0.00
980,6.07
410,6.17
872,0.00
370,0.00
677,6.23
847,12.69
118,6.33
534,6.38
458,6.21
260,0.00
173,0.00
546,6.20
353,6.25
610,6.39
408,0.00
733,6.31
1,6.21
429,0.00
375,6.24
78,6.34
274,6.21
328,6.21
229,6.13
798,0.00
774,6.26
893,6.50
265,6.35
5,6.36
472,0.00
357,6.09
678,6.09
210,6.12
595,6.15
389,5.95
244,0.00
823,12.51
995,18.55
188,6.22
371,5.98
299,0.00
730,6.08
315,6.24
961,6.37
456,6.24
372,6.35
507,0.00
374,6.24
287,6.26
993,0.00
246,6.34
727,0.00
804,6.36
783,6.38
68,6.50
390,6.35
810,12.83
277,6.51
366,6.33
423,0.00
166,6.42
74,6.34
27,6.27
356,6.27
294,6.22
386,0.00
945,6.19
903,6.27
443,6.36
680,6.40
185,12.65
416,6.38
910,6.33
179,6.37
913,6.19
927,12.69
5,6.41
291,6.31
573,6.31
94,6.33
385,6.29
851,0.00
925,6.17
471,6.31
705,6.18
966,6.36
102,6.39
968,6.29
649,0.00
445,6.36
628,0.00
55,6.45
638,0.00
864,12.63
851,6.53
408,0.00
7,6.53
163,6.43
827,12.68
163,6.53
471,6.37
552,6.37
938,0.00
942,18.98
613,6.31
647,6.40
970,6.49
44,6.57
618,0.00
200,6.36
90,6.48
810,6.56
2,6.50
998,6.31
637,6.32
467,0.00
49,6.35
376,6.46
256,6.44
530,0.00
733,6.38
589,0.00
774,6.29
163,6.35
692,0.00
817,0.00
930,6.12
157,6.17
319,6.10
924,0.00
944,6.07
416,0.00
175,6.02
31,5.87
106,5.95
944,0.00
774,6.00
168,5.95
813,12.48
111,6.17
508,6.21
462,6.19
936,6.27
657,0.00
416,6.38
478,0.00
979,0.00
20,6.26
500,6.29
638,6.43
580,6.25
210,6.29
559,0.00
471,0.00
221,6.09
835,6.09
744,12.30
776,6.23
117,6.00
318,0.00
45,6.12
759,12.26
450,6.17
805,6.06
693,0.00
752,6.24
179,6.17
73,6.10
405,6.01
381,0.00
153,5.97
665,0.00
397,5.92
935,0.00
762,0.00
301,6.03
49,6.03
662,6.10
201,6.19
501,6.03
23,6.10
612,5.89
756,12.51
822,6.07
109,6.07
533,0.00
986,12.32
189,5.97
542,0.00
156,5.92
90,5.92
133,5.93
854,0.00
517,5.89
301,5.95
467,5.73
767,0.00
494,5.75
722,5.87
939,5.99
562,0.00
513,6.18
1000,6.19
702,6.07
741,6.03
596,6.23
335,6.03
358,6.10
253,6.23
331,6.11
491,0.00
540,6.13
488,6.13
734,6.11
211,6.15
451,0.00
251,6.10
577,0.00
599,0.00
784,6.00
364,5.90
250,5.84
982,5.78
397,0.00
307,5.90
855,0.00
178,5.95
896,0.00
730,5.99
895,12.19
454,6.06
500,5.95
898,6.05
115,6.10
995,12.11
589,6.17
487,6.07
282,6.14
420,6.14
92,6.15
28,6.14
448,0.00
35,6.00
991,0.00
224,5.84
456,0.00
664,5.84
399,5.83
694,5.83
78,5.92
316,5.96
509,0.00
233,5.81
437,0.00
721,0.00
931,5.79
499,0.00
732,5.88
678,0.00
740,5.85
516,5.78
919,11.71
729,5.82
156,5.69
234,5.81
264,5.80
112,5.80
165,5.75
178,5.70
129,5.70
331,0.00
360,5.70
745,0.00
986,5.66
200,5.72
21,5.69
991,11.66
6,5.75
940,5.51
558,11.71
598,5.76
910,5.77
123,0.00
962,5.86
548,5.98
51,5.73
335,5.79
180,5.66
341,5.65
367,5.68
550,5.73
919,5.77
23,5.57
497,5.66
748,5.60
107,5.68
938,0.00
978,11.57
880,5.71
898,5.73
326,5.84
810,0.00
692,5.82
707,0.00
271,5.83
856,0.00
21,5.81
793,0.00
361,11.89
404,5.80
453,0.00
884,5.92
737,11.91
727,12.04
508,0.00
766,12.04
178,5.95
726,11.99
233,5.91
829,0.00
71,0.00
246,5.76
957,0.00
874,5.88
645,5.97
959,6.07
27,6.17
967,6.25
944,6.34
314,6.24
752,6.45
788,6.50
271,6.40
949,6.36
31,0.00
137,6.43
794,6.46
226,6.52
738,0.00
924,6.48
515,6.60
666,12.48
175,6.79
554,12.54
847,18.43
95,6.86
585,6.81
538,0.00
975,12.50
592,6.98
14,6.86
276,6.80
422,6.82
485,6.82
319,6.95
31,6.83
453,6.84
356,0.00
995,0.00
788,0.00
565,0.00
261,6.94
362,6.79
643,6.71
228,0.00
191,6.72
814,6.63
521,6.74
670,6.69
50,6.78
901,6.64
966,6.77
74,6.80
95,6.75
674,6.75
955,6.76
322,6.89
916,0.00
913,6.94
153,6.99
929,6.91
849,0.00
495,6.95
725,0.00
711,7.01
605,0.00
33,6.95
284,7.05
231,6.93
165,0.00
356,0.00
970,6.83
194,6.87
137,6.87
240,0.00
368,6.93
721,0.00
913,6.87
266,6.88
77,6.75
986,6.84
830,12.69
178,6.83
628,0.00
43,0.00
910,12.63
27,6.66
132,6.64
232,6.68
647,6.73
983,0.00
438,0.00
338,6.44
399,6.36
839,6.40
211,6.22
736,6.19
923,12.61
777,6.37
66,6.24
896,0.00
197,6.20
575,0.00
963,6.10
703,12.88
240,6.24
643,6.06
373,6.13
373,5.89
785,12.85
142,6.13
454,0.00
419,6.09
906,0.00
162,6.15
385,6.01
724,6.12
351,6.17
151,6.27
11,6.03
364,6.04
812,0.00
776,5.96
503,6.02
357,5.96
724,0.00
845,5.91
931,12.73
950,12.82
99,6.17
321,6.02
439,6.10
596,0.00
727,6.17
310,0.00
860,5.82
556,5.85
854,5.74
376,5.94
845,5.82
208,0.00
136,5.86
292,5.91
548,0.00
633,5.78
855,5.78
202,5.86
693,0.00
133,5.95
913,5.88
62,5.85
67,5.81
897,5.82
689,5.89
685,0.00
930,5.80
794,12.54
662,12.63
410,5.94
439,12.63
170,5.94
16,5.88
471,0.00
394,5.89
244,5.85
300,5.82
89,5.72
400,0.00
283,5.77
641,0.00
581,5.82
479,5.83
295,5.84
381,12.02
181,5.78
26,0.00
437,5.85
813,11.90
152,5.55
399,0.00
597,5.67
806,5.67
267,5.76
663,0.00
253,5.56
330,5.57
254,5.59
548,0.00
661,11.77
246,5.59
676,0.00
525,11.65
408,11.72
170,5.62
715,11.62
36,5.54
954,11.66
501,5.51
590,5.65
335,5.61
496,0.00
470,5.54
325,5.55
175,5.54
822,0.00
122,5.58
908,0.00
886,11.68
917,5.58
912,5.56
168,5.58
648,0.00
87,5.42
138,5.50
400,5.47
828,0.00
318,5.49
808,0.00
997,11.53
673,5.64
565,0.00
677,5.81
89,5.83
801,5.61
424,5.71
973,5.83
988,5.70
856,0.00
959,5.88
161,5.89
335,5.84
534,0.00
442,5.83
728,5.89
151,5.90
372,0.00
977,6.02
214,6.06
675,0.00
280,6.07
546,6.01
716,11.78
312,0.00
709,6.23
846,6.10
57,6.10
791,12.09
415,6.31
434,0.00
201,6.18
121,6.20
358,6.30
560,6.34
393,0.00
789,6.43
563,0.00
362,6.49
119,6.44
737,6.44
931,0.00
738,6.51
76,6.60
980,6.62
227,6.70
69,6.49
152,6.43
543,6.34
820,6.37
724,6.52
475,6.53
31,6.48
958,6.46
240,6.59
609,0.00
325,6.52
156,6.54
936,0.00
108,6.54
775,0.00
657,6.61
545,6.59
87,6.60
6,6.51
326,6.53
563,6.52
278,6.60
103,6.53
267,6.50
660,0.00
729,12.03
620,12.11
12,6.60
786,6.58
527,6.47
220,6.55
479,6.43
935,0.00
478,6.38
225,6.40
513,6.27
641,6.28
532,0.00
688,0.00
492,0.00
911,6.15
336,6.19
354,6.03
141,0.00
335,6.17
842,6.01
840,0.00
684,5.89
276,5.95
369,5.80
222,5.77
327,0.00
825,0.00
945,11.76
230,5.78
226,5.71
100,5.62
94,5.67
773,0.00
268,5.54
847,11.86
411,11.68
151,5.61
493,5.57
14,5.59
97,5.51
899,0.00
108,5.44
204,5.48
287,5.44
107,5.41
318,5.33
351,0.00
606,5.25
698,11.82
638,5.32
554,0.00
866,5.37
352,5.48
388,5.52
13,5.54
171,5.39
434,11.81
811,5.40
290,12.01
397,11.83
764,5.47
790,5.31
244,5.39
3,5.34
264,5.32
341,0.00
238,5.55
960,5.50
883,5.45
185,5.59
993,5.51
193,5.57
375,5.63
146,5.52
262,0.00
836,5.52
105,5.59
27,5.59
130,5.60
837,0.00
706,0.00
721,5.54
341,5.58
379,5.58
806,5.49
325,5.52
671,11.98
166,5.66
920,5.73
996,5.60
350,5.68
671,5.77
395,5.77
94,5.87
276,5.73
836,11.88
328,5.80
7,5.61
647,5.58
212,5.66
493,5.51
909,11.50
890,5.63
567,5.63
165,5.66
251,5.69
810,5.62
610,5.71
825,0.00
389,5.90
763,23.48
899,11.66
722,11.71
345,6.01
320,5.90
734,5.73
70,5.91
480,5.85
554,0.00
83,5.82
337,6.03
711,0.00
597,6.06
713,6.03
350,6.11
979,0.00
603,6.00
238,0.00
238,6.01
515,0.00
741,6.04
649,6.21
607,0.00
308,6.23
253,11.60
495,6.23
985,6.26
215,6.19
870,5.98
946,6.15
292,6.18
191,6.26
934,6.25
762,6.37
910,6.41
685,0.00
214,6.37
121,6.34
803,6.30
235,6.24
891,6.28
256,6.31
274,6.23
136,6.12
984,6.06
665,6.13
255,0.00
714,6.15
919,6.23
351,6.28
152,6.31
665,0.00
323,6.22
797,0.00
622,11.80
410,6.26
64,6.25
805,0.00
871,12.09
216,6.35
879,0.00
880,6.36
597,0.00
445,6.21
463,6.29
907,6.26
715,6.31
940,6.32
718,0.00
437,0.00
993,6.52
735,0.00
473,0.00
481,0.00
962,0.00
712,6.46
601,0.00
808,0.00
424,6.42
907,6.46
740,6.47
621,0.00
107,6.34
411,6.11
190,6.14
513,0.00
296,6.17
936,0.00
117,6.23
197,6.28
416,6.22
50,6.19
989,12.21
236,6.19
940,6.09
356,6.17
340,6.21
274,6.26
577,0.00
584,6.22
135,6.22
115,6.26
702,12.24
893,6.16
95,6.17
803,5.99
348,6.10
592,0.00
966,6.08
838,12.38
434,0.00
502,5.97
742,6.11
391,6.05
259,6.14
98,6.19
644,6.17
778,6.20
7,6.28
926,6.17
362,6.23
307,6.13
879,0.00
797,6.09
256,6.23
863,0.00
97,6.28
597,6.21
574,0.00
332,6.21
177,6.22
135,6.10
830,0.00
508,6.06
44,6.03
934,0.00
73,0.00
675,6.01
1000,18.18
813,6.10
310,6.09
953,0.00
848,6.02
483,0.00
351,5.93
549,5.75
129,5.84
811,0.00
706,5.96
275,6.07
375,12.43
570,6.06
565,6.06
471,5.85
297,5.91
612,0.00
535,0.00
934,5.99
916,6.09
209,6.09
776,18.45
62,6.06
694,12.38
808,6.10
282,6.18
294,6.11
721,0.00
691,0.00
683,6.04
359,6.08
790,0.00
934,12.24
248,6.14
486,5.94
133,6.06
495,6.01
120,0.00
929,5.98
278,6.04
25,5.93
914,6.04
152,6.02
97,5.90
125,6.02
681,11.99
582,6.01
646,5.93
174,5.93
268,5.93
825,0.00
968,5.79
41,5.91
791,5.81
234,0.00
117,5.97
794,0.00
733,0.00
232,5.93
140,5.90
944,5.93
235,6.00
108,0.00
186,6.00
102,5.85
233,5.93
769,0.00
983,5.80
190,5.90
951,5.90
169,6.00
13,6.01
683,5.99
197,6.07
730,5.88
679,5.88
394,5.89
259,5.94
337,5.75
438,11.88
487,5.87
559,5.91
376,5.70
255,11.71
864,11.60
220,5.73
616,0.00
721,11.77
791,5.78
255,5.79
278,5.76
395,5.83
395,5.69
411,5.61
42,5.66
997,5.73
529,5.74
704,0.00
842,5.99
38,5.90
180,5.90
407,0.00
378,0.00
137,5.72
305,5.61
524,0.00
843,11.79
446,11.88
368,11.88
744,11.90
357,5.82
254,5.69
695,5.61
477,0.00
198,5.68
526,5.61
715,0.00
258,5.58
780,5.65
126,5.66
196,5.62
784,5.49
987,0.00
848,11.66
207,5.77
231,5.81
717,11.74
664,5.81
90,5.79
969,0.00
1000,11.88
680,5.90
886,5.99
27,6.00
846,0.00
665,5.82
424,5.90
906,5.86
59,5.90
86,5.77
167,5.91
621,5.81
325,0.00
263,5.76
528,0.00
93,5.82
819,5.62
40,5.62
43,5.65
732,0.00
43,5.60
918,5.60
709,5.69
633,0.00
993,0.00
318,5.65
912,5.68
196,5.73
115,5.68
549,0.00
720,5.69
332,5.81
188,5.71
822,5.71
610,5.72
24,5.69
619,0.00
241,5.76
989,0.00
365,0.00
605,5.74
8,5.69
310,0.00
861,5.44
323,0.00
793,5.50
866,5.56
377,5.71
639,0.00
211,5.64
833,11.39
746,17.35
564,5.71
841,5.70
110,5.83
426,0.00
865,5.68
281,5.70
577,5.70
536,0.00
904,5.69
341,0.00
949,0.00
560,11.40
51,5.64
988,0.00
753,11.54
513,5.86
50,5.83
968,5.72
856,0.00
854,11.62
850,5.76
440,5.93
701,11.75
516,11.83
580,5.97
862,5.84
168,5.95
250,5.86
117,5.87
593,0.00
636,0.00
677,5.91
54,5.77
338,5.88
75,5.93
662,5.81
944,11.50
178,5.85
374,0.00
839,5.92
426,0.00
520,5.88
298,6.07
417,0.00
434,6.14
120,6.19
661,6.10
129,6.18
547,0.00
839,11.71
489,6.21
146,0.00
737,6.16
591,0.00
163,6.20
596,6.19
897,6.22
731,6.29
731,0.00
90,6.15
321,6.20
851,6.17
553,0.00
163,6.10
462,6.14
872,6.15
346,5.98
180,6.00
683,6.10
342,6.17
790,0.00
793,11.67
305,6.21
878,6.17
72,6.38
953,0.00
382,6.29
799,0.00
325,6.39
738,0.00
964,6.40
891,12.08
921,12.24
245,6.68
107,6.48
212,6.48
398,0.00
566,6.63
955,6.60
646,6.65
36,6.74
444,17.87
376,12.38
1000,6.68
11,6.66
814,6.52
662,0.00
825,0.00
712,6.41
169,6.42
172,6.36
594,6.38
229,6.39
274,6.25
360,6.16
169,6.02
288,0.00
601,17.82
305,6.22
344,6.05
25,6.00
123,5.95
240,6.07
56,5.95
282,5.99
711,0.00
788,5.98
178,6.15
576,0.00
864,6.19
955,6.25
174,6.15
752,0.00
3,5.95
502,0.00
767,0.00
829,6.09
490,6.23
749,6.13
83,0.00
174,6.22
478,6.33
586,6.17
800,6.22
165,6.12
739,12.34
616,6.04
298,5.99
111,6.02
958,0.00
533,6.15
156,6.08
391,6.21
344,6.14
557,6.09
419,0.00
808,0.00
638,6.16
889,6.18
664,6.34
301,0.00
316,6.24
350,0.00
891,12.44
426,6.06
78,0.00
451,6.02
336,6.06
697,5.94
856,0.00
320,6.09
380,6.00
69,5.85
469,0.00
594,5.98
98,5.79
516,0.00
535,5.77
752,0.00
44,5.71
988,0.00
302,5.86
214,12.58
187,12.36
567,5.89
800,0.00
204,5.68
332,5.84
898,5.78
710,5.78
209,5.84
131,5.82
338,5.79
530,0.00
863,5.86
589,5.90
762,0.00
23,5.86
128,5.91
716,0.00
913,11.95
843,6.01
11,0.00
216,6.05
516,6.02
195,6.06
18,5.89
323,0.00
327,5.95
532,0.00
385,11.90
584,5.83
654,5.96
311,5.96
489,5.92
136,5.92
247,0.00
549,0.00
517,5.87
573,0.00
468,5.85
76,5.87
45,5.80
920,11.89
600,5.79
415,5.89
951,5.82
360,5.90
619,0.00
613,5.91
87,6.02
497,0.00
84,6.01
140,6.02
151,5.84
831,0.00
105,5.95
469,0.00
675,5.78
311,5.68
169,0.00
525,0.00
813,0.00
204,5.69
578,0.00
981,11.90
103,5.64
894,5.68
517,5.75
978,0.00
805,6.00
349,5.91
146,5.91
693,0.00
162,5.81
926,5.78
893,11.75
48,5.79
292,5.79
896,11.72
856,5.84
862,5.86
805,0.00
285,5.94
653,0.00
753,11.76
399,5.95
65,5.95
419,5.95
541,0.00
504,11.80
180,6.09
244,0.00
10,5.92
165,5.89
995,0.00
638,5.90
157,5.98
301,5.84
903,5.87
255,5.96
758,11.72
470,5.86
151,5.74
620,17.90
212,5.98
907,5.90
499,0.00
535,6.00
726,6.03
188,6.09
894,5.98
507,6.07
858,6.14
311,6.02
281,6.11
505,6.04
806,0.00
97,6.18
390,0.00
81,6.12
384,6.02
621,6.01
36,6.13
377,5.95
54,0.00
704,5.78
24,5.85
640,0.00
954,5.87
623,0.00
618,0.00
727,0.00
402,5.84
219,5.87
3,5.74
775,5.62
614,0.00
617,5.74
707,0.00
606,5.86
476,0.00
445,5.99
691,5.95
20,5.96
921,0.00
433,5.94
257,5.96
335,5.90
998,11.50
722,5.93
262,5.87
400,6.01
807,5.98
151,6.09
727,5.85
958,17.79
179,5.99
242,5.79
260,6.00
298,5.85
877,0.00
990,5.94
36,5.93
451,0.00
731,6.05
447,6.14
566,0.00
89,6.05
63,5.99
141,5.96
693,0.00
392,5.75
443,0.00
803,5.81
233,5.91
155,5.82
677,5.80
452,0.00
503,5.84
308,5.84
757,0.00
78,5.85
728,0.00
635,0.00
580,0.00
924,5.96
77,6.09
281,5.85
586,0.00
710,5.85
105,5.74
565,0.00
907,11.68
399,5.69
288,5.67
423,0.00
426,5.58
441,5.58
857,11.69
431,5.49
702,0.00
174,5.74
748,5.67
327,0.00
790,11.83
578,5.91
627,5.79
667,0.00
254,5.96
819,5.91
999,5.96
266,6.05
91,6.00
277,5.98
574,0.00
887,5.91
195,5.85
282,5.82
569,0.00
126,5.99
216,6.03
449,5.91
596,0.00
142,5.84
915,0.00
663,5.80
506,5.83
226,5.95
993,0.00
733,5.82
751,5.85
265,5.78
645,5.90
40,5.90
823,0.00
16,5.82
890,0.00
258,5.90
85,5.79
524,11.65
477,5.90
35,5.69
584,5.69
596,0.00
775,5.49
732,0.00
675,5.74
405,5.74
10,5.77
736,5.73
932,0.00
922,5.86
568,6.00
392,6.00
26,6.03
744,0.00
671,6.01
364,5.99
368,5.99
974,0.00
259,6.10
967,6.11
555,6.21
590,0.00
782,6.11
17,6.23
520,0.00
965,5.95
641,11.90
891,6.12
334,11.90
62,6.18
921,5.95
824,6.17
50,6.04
435,0.00
638,6.16
429,6.18
250,6.30
260,6.21
805,6.27
887,6.31
69,6.18
857,6.14
199,6.15
249,6.22
201,6.12
831,6.12
251,6.16
687,0.00
934,6.07
70,6.18
161,6.10
627,0.00
359,6.11
414,0.00
258,6.15
559,0.00
671,6.22
648,0.00
376,6.12
649,6.11
580,0.00
619,6.21
177,6.21
775,0.00
859,6.18
579,6.25
481,0.00
720,6.34
514,6.31
913,0.00
885,12.18
844,6.40
528,6.27
716,6.36
24,6.34
222,6.35
143,6.26
648,0.00
809,6.28
241,6.32
862,6.32
693,6.43
876,6.44
180,6.41
4,6.43
917,6.20
732,6.34
172,6.34
46,6.20
509,0.00
551,6.19
149,6.30
547,6.09
226,0.00
400,6.23
30,6.20
749,0.00
493,6.20
709,0.00
722,6.19
161,6.21
870,6.41
267,6.24
379,6.28
476,6.19
902,12.30
65,6.30
917,6.36
348,6.39
380,6.27
861,0.00
25,0.00
716,6.38
830,0.00
380,6.43
641,6.45
820,6.45
641,12.69
196,6.30
237,6.28
949,0.00
544,6.25
455,0.00
329,6.27
845,6.31
175,6.32
252,6.32
872,6.17
303,6.24
189,0.00
914,6.24
891,18.31
424,6.48
265,6.29
249,6.32
29,6.33
334,6.23
25,6.22
301,6.23
451,6.16
593,0.00
815,6.26
63,6.29
897,6.21
517,6.26
947,0.00
97,6.24
16,6.34
649,0.00
611,6.07
613,0.00
996,6.04
452,6.17
225,6.32
866,6.11
129,6.15
523,0.00
843,6.13
200,6.04
411,6.12
924,6.13
459,6.10
416,0.00
414,0.00
425,6.04
21,6.12
57,6.13
798,0.00
554,6.02
101,6.08
603,0.00
741,6.02
864,18.10
656,6.12
298,6.16
450,0.00
207,5.86
527,0.00
623,5.90
772,0.00
480,5.87
532,0.00
284,5.96
805,0.00
12,6.06
688,0.00
543,0.00
870,0.00
495,0.00
628,6.01
269,5.91
78,5.99
665,0.00
79,5.85
869,5.85
92,5.94
489,0.00
787,5.88
592,0.00
572,0.00
729,5.87
466,0.00
888,12.61
276,12.49
254,12.55
659,6.28
478,6.37
54,6.27
230,6.22
26,6.13
910,0.00
286,6.19
709,0.00
955,12.60
248,6.14
771,6.11
673,6.21
140,6.21
367,6.22
983,0.00
374,6.16
625,0.00
318,6.15
154,6.22
51,6.21
710,6.20
104,6.27
358,6.08
123,6.05
424,0.00
626,6.14
328,6.02
322,5.97
5,6.06
890,5.94
158,0.00
889,0.00
537,6.08
440,6.04
710,0.00
930,0.00
685,0.00
738,6.12
643,0.00
786,0.00
329,0.00
804,12.26
912,6.17
17,6.33
105,6.31
582,0.00
441,6.15
359,6.19
351,6.24
974,0.00
925,6.29
744,6.41
106,6.49
485,0.00
916,0.00
665,6.32
101,6.34
396,12.41
530,6.46
160,6.24
405,0.00
751,6.24
685,6.31
90,6.40
876,6.25
141,6.23
110,6.24
476,6.21
49,6.22
644,0.00
478,0.00
69,6.09
167,6.09
338,5.98
262,6.05
911,5.97
821,5.96
954,11.77
54,6.12
209,6.08
541,0.00
58,5.83
439,0.00
328,5.70
166,5.75
621,0.00
844,11.88
184,5.66
247,5.66
542,5.69
36,5.76
989,11.70
429,5.68
31,5.64
97,5.69
882,0.00
794,5.73
746,5.67
205,5.68
646,5.68
162,5.62
514,0.00
395,5.68
666,5.62
607,0.00
232,5.80
529,5.82
816,0.00
595,5.92
365,5.98
155,5.92
76,5.95
646,5.86
106,5.95
614,0.00
442,5.96
230,5.89
296,5.93
870,5.82
905,11.81
214,5.77
307,5.82
55,5.72
481,5.74
143,5.69
400,0.00
699,5.69
157,5.62
668,0.00
912,5.58
508,0.00
899,5.54
558,0.00
986,5.59
947,5.67
156,5.51
87,5.71
926,11.93
836,0.00
92,5.56
924,12.13
653,11.99
204,5.87
803,0.00
205,5.76
885,5.66
637,5.66
734,5.91
797,5.71
189,5.83
581,5.80
950,0.00
525,5.87
872,5.97
24,5.91
507,6.05
910,0.00
906,5.89
773,6.04
872,6.12
524,5.99
773,0.00
770,0.00
795,6.23
252,6.32
523,6.17
799,12.11
485,6.43
450,6.39
64,6.32
917,0.00
813,0.00
383,6.38
161,6.34
87,6.27
628,6.28
718,6.38
184,6.29
211,6.29
70,6.20
592,6.18
817,0.00
908,6.34
28,6.29
151,6.24
641,0.00
70,6.27
46,6.12
387,6.13
518,0.00
228,6.20
541,6.10
186,6.24
167,6.05
981,0.00
457,0.00
925,6.21
734,0.00
482,0.00
240,6.45
651,0.00
962,6.37
887,6.49
950,6.47
52,6.55
44,6.60
455,0.00
571,6.54
705,0.00
749,6.69
690,6.60
528,6.58
129,6.69
195,6.62
218,6.54
484,6.47
528,6.47
263,0.00
840,12.02
56,6.63
28,6.42
625,6.53
518,0.00
982,12.29
639,12.30
872,6.64
143,0.00
825,12.44
118,6.66
439,6.66
916,12.35
493,6.68
867,6.66
466,0.00
989,6.56
314,6.62
469,0.00
715,6.59
107,6.67
415,0.00
968,12.66
478,6.71
518,0.00
511,0.00
498,12.42
758,6.51
990,12.60
91,6.64
254,6.45
199,6.43
527,0.00
439,0.00
802,0.00
680,12.84
680,12.91
70,6.48
796,0.00
743,6.33
951,6.39
784,0.00
652,12.63
25,6.47
199,6.34
166,6.47
73,6.42
670,6.42
461,0.00
507,6.26
509,0.00
73,6.35
478,6.29
375,6.28
525,0.00
114,6.27
846,0.00
955,6.29
684,6.40
158,6.35
10,6.30
84,6.19
198,6.04
556,6.00
221,0.00
198,6.01
347,5.93
895,0.00
225,5.84
118,5.84
821,0.00
950,12.38
356,5.78
521,0.00
115,0.00
267,5.74
290,5.71
711,5.74
917,5.82
516,0.00
150,5.87
517,0.00
548,5.82
750,5.70
782,0.00
728,5.73
656,12.14
826,5.64
355,5.53
299,5.61
868,5.67
311,5.74
100,5.55
948,0.00
518,5.62
583,0.00
938,5.64
269,5.77
809,0.00
229,5.64
230,5.68
203,5.59
839,0.00
996,5.57
281,5.66
552,0.00
870,5.73
556,0.00
539,0.00
355,5.67
139,5.76
956,0.00
960,5.62
177,5.67
451,0.00
299,5.62
915,11.94
140,5.65
668,0.00
639,5.53
674,0.00
689,12.09
375,5.51
539,5.62
824,5.67
618,0.00
616,5.81
178,5.78
795,5.85
670,5.85
414,0.00
951,5.93
100,6.00
497,0.00
933,5.91
187,5.93
127,5.97
879,5.98
6,6.13
742,6.05
119,6.06
841,0.00
55,6.00
440,6.02
353,6.13
254,6.11
83,0.00
517,0.00
186,6.20
328,6.17
574,0.00
984,11.95
263,6.12
63,6.32
368,6.22
843,6.20
620,6.20
651,12.09
144,6.18
343,6.25
297,6.24
773,6.16
204,6.09
495,0.00
398,6.07
920,6.10
176,6.11
40,6.10
605,11.62
503,5.99
687,0.00
611,6.25
578,0.00
528,11.82
937,0.00
73,6.19
556,0.00
790,11.83
565,6.23
929,6.35
63,6.01
848,6.03
393,6.13
346,6.14
313,6.14
123,6.28
559,0.00
480,6.12
918,0.00
411,6.25
576,0.00
732,6.33
211,6.28
182,6.19
114,0.00
995,0.00
181,6.13
545,0.00
420,6.07
552,0.00
777,6.16
986,0.00
712,11.94
248,6.23
498,0.00
367,0.00
384,6.33
618,0.00
154,6.15
990,0.00
70,6.14
780,6.05
450,0.00
666,6.22
557,0.00
411,6.00
955,0.00
439,6.07
486,11.93
255,6.05
289,5.96
158,5.88
612,5.88
446,0.00
953,5.93
208,5.94
112,6.01
555,5.90
860,5.90
703,5.94
79,6.02
913,0.00
488,0.00
1000,12.39
705,5.99
448,0.00
307,6.02
695,6.09
476,6.10
111,5.99
895,0.00
525,5.95
968,6.03
825,6.12
389,6.01
151,5.98
308,6.09
283,6.01
877,6.07
187,6.06
51,5.96
27,6.06
673,0.00
749,17.85
404,5.93
367,0.00
791,5.88
517,5.78
848,0.00
908,17.82
647,6.14
809,6.11
865,12.10
562,0.00
713,6.02
623,5.97
11,5.98
128,5.94
199,5.88
911,5.75
410,0.00
616,5.80
166,5.96
558,5.78
652,5.89
120,5.96
782,5.86
911,5.89
524,0.00
85,6.04
381,0.00
976,12.24
477,5.97
692,6.03
478,6.04
93,5.98
979,5.95
535,0.00
941,17.83
580,6.02
128,5.97
117,5.93
756,5.89
342,0.00
123,0.00
705,6.12
648,0.00
110,6.06
620,6.11
132,6.21
865,6.04
203,6.12
525,6.11
460,0.00
897,6.27
250,6.16
856,6.17
32,6.26
104,6.13
27,6.05
66,6.07
606,0.00
871,5.95
983,18.21
39,6.02
597,5.92
46,6.11
831,6.03
380,0.00
743,6.15
505,6.21
359,6.19
574,0.00
776,0.00
149,6.20
851,12.15
802,6.22
79,6.23
664,0.00
175,6.29
924,6.32
235,6.32
47,6.13
789,0.00
435,6.21
231,0.00
843,6.23
579,6.32
450,6.42
623,0.00
934,6.35
812,6.48
20,6.41
462,12.25
802,6.25
721,6.38
832,6.30
612,6.42
717,6.39
450,0.00
229,6.43
541,6.34
576,0.00
488,6.38
230,6.41
310,6.45
639,0.00
322,6.43
215,6.28
720,6.28
300,6.24
260,0.00
745,6.25
313,6.21
807,6.08
711,6.19
170,6.22
289,11.99
612,6.11
786,11.91
408,6.01
252,5.89
47,6.09
137,5.95
673,11.88
814,5.98
839,12.13
770,6.00
468,5.92
354,5.94
294,5.92
101,5.93
336,5.93
390,5.85
772,5.91
118,6.00
443,5.73
920,5.69
808,11.94
78,5.78
382,5.80
6,5.73
338,5.76
322,5.81
426,5.89
713,0.00
486,5.89
533,0.00
13,5.86
884,5.67
880,0.00
433,5.79
978,0.00
131,5.64
64,5.72
89,5.77
405,5.65
97,5.59
916,0.00
827,5.69
170,5.68
540,0.00
563,5.73
60,5.74
972,5.64
58,5.75
469,5.56
720,0.00
730,0.00
756,5.56
768,0.00
227,5.62
874,0.00
255,11.84
282,5.61
41,5.51
342,5.39
315,5.31
95,0.00
662,11.79
749,11.70
346,5.54
344,5.47
963,5.47
165,5.54
657,0.00
873,5.50
523,0.00
398,5.58
977,11.95
399,5.67
422,5.61
505,5.60
99,0.00
936,5.71
815,5.85
776,5.85
834,5.74
648,5.81
203,5.95
417,0.00
948,5.97
554,5.98
76,0.00
307,5.95
452,0.00
657,11.99
779,6.00
411,11.82
567,5.95
949,6.05
632,5.98
292,6.12
645,0.00
3,6.01
886,6.07
503,0.00
901,6.07
609,0.00
800,0.00
536,0.00
819,0.00
38,6.28
50,6.34
49,6.33
848,0.00
69,6.18
436,0.00
882,0.00
629,6.26
590,6.35
244,6.40
772,6.40
7,6.44
528,6.21
451,0.00
882,0.00
991,0.00
97,6.40
735,0.00
448,6.53
900,12.26
404,6.70
500,0.00
76,6.53
237,6.65
872,0.00
3,6.74
337,6.63
733,6.64
817,6.65
175,6.54
52,6.54
944,6.53
351,6.63
463,6.53
718,6.57
47,6.64
113,6.64
524,0.00
502,6.59
515,6.67
828,0.00
132,6.75
250,6.66
785,11.92
521,0.00
999,6.48
839,0.00
473,6.58
689,0.00
876,6.61
571,6.50
529,6.51
124,6.55
891,18.30
25,6.54
736,6.43
322,6.41
67,6.32
535,0.00
688,6.26
532,6.31
119,6.44
874,6.29
486,0.00
535,6.32
396,6.33
791,6.34
852,12.33
272,6.48
325,6.33
712,0.00
193,6.12
907,6.16
31,6.25
508,0.00
488,6.29
52,6.18
155,6.12
60,6.04
327,5.92
854,0.00
875,0.00
514,0.00
2,6.04
300,6.09
904,0.00
437,6.00
237,5.90
338,5.82
580,0.00
837,5.99
158,5.87
191,0.00
326,5.98
972,5.93
240,5.86
440,0.00
955,12.34
658,0.00
82,5.83
868,0.00
117,5.80
159,5.68
824,12.28
303,5.81
739,5.64
517,0.00
132,5.79
598,0.00
712,12.26
108,5.79
214,0.00
544,12.36
463,5.86
627,0.00
196,5.67
563,0.00
337,5.55
65,5.61
296,5.56
567,5.48
602,0.00
292,5.47
578,0.00
928,12.20
565,0.00
489,5.55
792,0.00
326,12.15
900,5.76
876,5.61
402,5.69
627,5.68
959,12.43
32,5.96
910,0.00
897,0.00
624,5.83
825,12.36
389,5.96
836,12.52
809,6.10
28,6.11
84,0.00
396,0.00
129,6.21
906,0.00
92,6.11
720,0.00
402,6.09
43,6.07
499,0.00
94,6.05
971,24.25
790,6.06
483,6.06
444,5.94
70,5.99
92,6.10
839,6.03
942,12.19
59,6.12
118,6.15
58,6.08
96,6.08
542,6.05
228,6.11
750,6.11
30,6.17
337,6.08
702,0.00
839,12.01
524,6.10
244,6.04
856,6.04
320,6.14
984,0.00
576,6.17
713,6.16
132,6.20
508,6.14
388,0.00
614,6.01
35,6.10
850,6.07
455,6.17
259,6.15
669,6.10
567,0.00
504,0.00
969,6.26
966,6.21
7,6.21
454,6.29
317,6.24
124,6.35
580,6.29
866,0.00
187,6.39
519,6.29
982,6.24
108,6.32
145,6.20
72,6.34
223,6.32
827,6.27
842,0.00
569,0.00
137,6.45
890,0.00
961,12.08
8,6.44
994,0.00
511,6.29
688,6.37
90,6.17
257,6.22
938,11.93
308,6.13
877,6.06
795,0.00
242,5.91
808,0.00
146,5.89
623,11.77
106,5.82
469,5.83
104,5.74
517,0.00
161,5.75
615,0.00
619,5.72
178,5.72
917,0.00
942,0.00
70,5.76
179,5.76
595,0.00
439,0.00
636,11.94
407,5.95
638,0.00
233,5.89
469,11.91
729,6.02
363,5.80
360,0.00
402,5.92
193,6.11
268,6.09
545,6.01
211,6.05
260,6.04
507,0.00
177,6.00
663,6.01
756,12.01
751,6.04
140,6.05
512,5.95
754,0.00
704,5.93
162,5.98
431,5.93
843,0.00
232,6.12
88,6.10
914,0.00
899,0.00
789,6.02
175,6.16
177,6.06
864,6.01
437,6.11
419,0.00
692,6.14
357,5.94
319,6.09
306,6.07
552,0.00
51,5.94
300,6.00
160,6.10
723,0.00
501,0.00
113,6.01
360,12.26
596,12.28
188,6.02
905,6.04
949,5.81
839,0.00
853,12.31
545,6.06
698,5.91
678,0.00
134,6.04
185,5.96
841,0.00
39,6.07
316,6.03
805,12.01
801,6.08
370,6.13
658,6.09
762,0.00
753,11.91
115,6.14
615,6.25
857,6.34
621,6.22
449,6.24
780,6.30
310,6.40
934,0.00
500,6.32
319,6.41
992,6.38
738,6.51
509,0.00
802,6.37
343,6.43
497,0.00
847,6.40
514,0.00
776,6.27
95,6.36
780,0.00
823,6.38
393,6.36
446,6.47
364,6.55
707,0.00
236,6.58
585,12.61
465,6.62
384,6.40
547,6.38
611,0.00
787,6.42
395,0.00
138,6.53
80,6.55
128,6.33
711,6.26
90,6.35
334,6.31
699,0.00
973,12.27
231,6.22
826,6.11
223,6.28
312,6.18
597,0.00
711,12.34
314,6.20
452,6.32
932,12.23
245,6.27
10,6.34
249,6.29
561,0.00
487,6.27
467,6.25
98,6.30
935,6.29
374,6.41
174,6.49
978,0.00
547,18.68
181,12.61
863,6.68
773,6.50
460,6.54
27,6.56
204,6.40
87,6.38
213,0.00
363,6.46
362,6.24
135,6.24
152,6.34
304,6.19
40,6.25
223,6.24
947,12.32
245,6.25
970,12.33
33,6.27
245,6.10
233,6.10
713,0.00
192,6.03
778,12.35
67,6.00
852,6.06
555,6.09
177,6.24
549,0.00
488,6.01
795,0.00
550,6.00
241,6.03
737,5.92
497,6.03
373,5.97
917,6.02
723,6.07
164,5.87
837,5.97
35,6.03
684,0.00
628,5.88
238,6.05
527,5.95
443,5.99
752,5.90
946,6.01
253,6.00
677,5.89
742,0.00
432,6.08
974,6.16
356,6.31
414,6.15
37,6.32
406,6.18
782,0.00
238,6.15
984,6.17
164,6.29
686,6.19
774,6.22
561,0.00
50,6.34
619,0.00
761,6.30
317,6.12
812,6.12
465,0.00
742,6.29
94,0.00
209,6.11
501,0.00
216,12.29
966,6.06
445,0.00
116,6.09
623,0.00
811,12.43
555,6.17
238,6.24
249,6.06
45,5.99
445,6.11
565,0.00
49,6.03
72,6.05
407,12.58
160,6.11
979,0.00
321,5.96
567,6.00
713,0.00
396,6.06
263,6.06
207,6.07
818,6.08
430,6.08
512,0.00
43,6.15
952,0.00
934,12.31
581,6.05
430,6.07
355,6.36
842,6.42
544,0.00
320,6.18
782,18.42
231,6.32
446,12.30
45,6.27
185,6.13
45,6.16
964,6.13
161,6.13
571,0.00
813,6.16
536,6.20
92,6.30
221,6.29
907,0.00
322,6.09
291,6.15
592,6.13
427,6.22
944,12.13
116,6.20
198,6.06
520,0.00
554,0.00
427,11.87
858,6.06
793,5.94
9,5.94
904,18.34
404,5.87
403,5.89
476,5.75
330,5.80
316,5.85
87,5.89
32,5.78
561,0.00
467,5.73
967,5.70
170,5.76
484,0.00
606,5.62
126,5.68
282,5.62
145,5.62
459,5.66
884,5.67
238,5.52
384,5.44
132,5.60
440,5.67
768,0.00
316,5.67
121,5.55
378,0.00
573,5.61
271,5.70
926,0.00
408,5.55
774,0.00
261,5.57
137,5.55
346,5.53
39,5.51
392,5.53
786,0.00
740,5.49
609,0.00
396,5.54
396,0.00
537,5.51
214,5.62
654,0.00
465,5.59
596,5.58
661,0.00
350,5.61
560,5.59
117,5.60
811,0.00
819,5.40
245,5.48
975,5.42
156,5.48
428,0.00
775,5.42
551,5.41
314,5.23
397,5.28
986,0.00
178,5.37
1,5.34
851,5.21
733,5.31
592,0.00
98,5.44
193,5.36
628,11.52
761,5.29
741,11.44
31,5.30
173,5.22
919,5.21
939,5.52
865,0.00
999,0.00
701,5.50
807,5.54
776,5.48
897,5.51
50,5.71
679,0.00
49,5.44
323,5.43
227,5.47
962,0.00
716,5.49
757,5.55
216,5.68
161,5.61
137,0.00
819,5.58
553,0.00
603,5.66
339,5.83
252,5.76
316,5.82
573,0.00
136,5.66
839,0.00
624,5.76
840,11.43
287,5.84
604,5.89
266,5.73
708,5.72
641,0.00
926,5.82
120,5.87
469,5.84
604,0.00
753,5.87
844,0.00
806,6.03
18,5.90
230,5.85
370,5.96
131,5.87
422,5.76
561,0.00
910,5.73
946,5.82
154,6.04
455,0.00
536,5.92
55,6.04
181,6.03
768,0.00
704,6.06
895,0.00
721,6.03
582,6.13
775,17.74
324,6.19
427,0.00
671,11.41
40,6.30
798,11.59
946,6.18
37,6.23
92,6.22
278,6.27
835,6.17
314,0.00
993,6.22
708,0.00
630,6.41
457,6.28
800,17.77
479,6.35
963,6.33
280,0.00
602,11.72
364,6.35
618,0.00
723,11.86
985,6.32
293,6.41
82,6.32
614,6.15
530,0.00
774,6.29
779,6.37
955,0.00
965,0.00
939,6.71
947,0.00
565,0.00
268,6.67
322,6.66
293,6.65
186,6.65
463,0.00
190,6.64
31,6.47
713,0.00
705,6.46
59,6.46
639,0.00
990,17.68
601,0.00
945,12.16
443,6.41
827,6.36
299,6.43
191,6.28
61,6.35
989,6.24
399,6.29
287,6.26
190,6.20
149,0.00
183,6.29
825,0.00
102,6.23
833,6.23
859,6.28
847,6.12
457,0.00
800,0.00
304,6.26
77,6.20
761,0.00
689,6.18
579,6.24
304,6.33
517,6.38
500,6.38
575,0.00
108,6.26
960,6.29
875,6.35
98,6.32
211,6.28
826,12.42
144,6.14
649,0.00
347,6.29
598,12.32
869,6.10
542,6.15
65,6.05
762,6.07
238,5.94
739,6.05
255,6.10
39,5.93
734,0.00
756,12.28
977,5.93
576,0.00
351,5.96
645,0.00
643,12.38
470,6.09
173,6.10
733,5.93
213,6.00
196,5.93
174,5.86
103,5.75
90,5.57
196,5.61
573,0.00
612,5.45
216,5.45
453,0.00
361,5.46
629,5.46
215,5.64
397,0.00
574,5.53
441,5.61
396,12.03
711,5.70
874,5.75
80,5.64
836,0.00
865,5.80
693,5.78
545,0.00
365,12.07
936,5.90
419,0.00
433,5.78
512,5.82
843,5.89
380,0.00
777,5.71
258,5.77
403,5.84
508,0.00
791,5.96
144,6.03
583,5.99
789,6.05
859,6.19
167,6.05
27,5.95
987,0.00
198,5.90
479,5.90
811,0.00
407,0.00
391,5.93
101,5.81
841,12.13
69,5.76
160,5.76
928,0.00
891,12.19
858,6.01
358,5.91
358,5.93
952,0.00
739,12.33
518,6.09
248,0.00
113,6.19
950,5.97
347,0.00
648,6.24
347,6.00
105,6.07
372,6.05
869,0.00
312,6.01
88,5.97
352,6.00
80,5.99
628,0.00
574,5.91
578,5.96
362,6.01
344,5.94
306,6.00
348,5.94
368,5.90
235,0.00
885,5.98
715,6.06
311,5.93
124,5.91
720,0.00
62,6.11
787,0.00
357,6.21
584,0.00
260,6.21
566,6.11
121,0.00
308,6.23
1,6.27
291,6.27
203,6.10
98,6.10
986,6.11
279,6.17
318,6.12
345,6.12
317,6.20
794,6.05
882,11.83
886,6.19
82,6.13
705,0.00
885,12.10
822,12.22
817,6.33
795,6.45
229,6.38
300,6.31
405,6.34
644,6.37
792,6.46
236,6.42
441,6.40
78,6.33
545,6.31
75,6.30
578,0.00
905,0.00
808,6.10
391,0.00
767,6.14
454,0.00
890,6.12
982,6.21
891,0.00
457,6.47
417,6.47
739,6.51
774,6.42
491,6.39
334,6.48
863,0.00
374,6.29
511,6.25
783,6.25
379,12.42
670,18.58
468,6.42
552,0.00
622,6.42
871,6.43
415,6.47
353,6.47
647,0.00
927,18.80
717,12.66
414,6.73
347,0.00
593,0.00
382,6.64
373,6.60
560,6.63
780,6.68
708,6.68
584,0.00
689,0.00
565,12.78
516,0.00
534,0.00
932,6.60
6,6.74
145,6.60
727,0.00
739,6.73
552,0.00
628,0.00
432,6.75
936,6.87
218,7.01
508,7.07
872,0.00
508,13.13
204,7.09
364,7.01
921,7.04
235,7.14
222,6.94
892,13.04
526,6.86
997,6.85
189,6.91
645,0.00
546,13.10
614,6.82
255,6.65
167,6.64
496,6.71
550,0.00
652,0.00
487,0.00
826,0.00
365,6.64
245,6.59
583,6.69
447,0.00
107,6.81
764,0.00
883,12.99
549,6.89
960,0.00
64,6.74
674,0.00
284,6.65
262,6.65
787,0.00
924,13.13
476,6.54
973,0.00
16,6.58
171,6.65
31,6.68
641,6.50
915,6.51
278,6.45
269,6.44
263,6.33
248,6.43
778,6.32
507,6.38
514,6.30
773,6.38
640,6.50
460,0.00
743,6.53
862,13.16
860,13.15
349,6.54
164,6.59
888,0.00
67,6.50
660,6.46
451,0.00
438,6.52
407,6.41
815,0.00
193,6.50
626,6.43
186,6.50
683,13.15
500,6.56
429,0.00
699,6.31
9,0.00
413,6.35
357,6.38
762,0.00
91,6.25
634,0.00
429,0.00
964,6.02
519,6.12
440,6.07
590,0.00
13,6.13
824,0.00
316,6.18
956,13.03
697,6.20
579,0.00
886,6.29
294,6.44
716,0.00
66,6.22
273,6.32
730,12.98
682,6.21
651,6.29
150,6.29
825,0.00
633,6.32
929,6.32
265,6.29
77,6.21
646,0.00
136,6.24
972,12.96
811,6.25
778,6.26
330,6.30
90,6.16
199,6.15
904,6.13
699,6.22
849,12.99
464,6.28
597,0.00
158,6.19
260,6.16
169,6.26
798,0.00
890,0.00
286,6.28
284,6.43
736,0.00
12,6.40
831,6.35
43,6.36
686,0.00
556,6.10
399,0.00
625,0.00
921,12.71
841,6.17
335,6.20
888,6.21
212,6.10
361,6.05
385,0.00
259,6.17
364,6.05
665,12.43
189,6.20
35,6.03
777,0.00
306,5.98
929,5.95
860,6.06
497,6.07
690,5.99
574,6.05
23,6.09
768,5.99
296,5.99
908,0.00
500,6.07
874,6.01
975,6.13
387,0.00
30,6.20
564,0.00
459,6.08
899,0.00
733,6.16
104,6.16
609,0.00
42,5.95
923,0.00
835,12.34
931,6.04
696,6.10
430,12.36
867,6.22
739,6.38
690,6.38
253,6.39
91,6.31
302,6.25
325,6.26
669,0.00
961,12.68
641,6.32
517,6.26
34,6.31
577,0.00
47,6.24
684,6.11
637,6.14
992,6.23
400,6.16
964,6.29
136,6.40
909,6.22
778,6.37
286,6.40
387,12.59
50,6.46
850,0.00
601,6.46
23,6.36
207,6.40
589,0.00
134,6.30
402,6.15
529,0.00
77,6.14
124,6.14
445,0.00
795,6.14
274,6.08
262,6.11
294,6.06
831,12.19
842,18.65
830,6.09
376,12.01
677,6.17
494,0.00
498,6.06
112,6.20
442,0.00
791,6.12
915,0.00
842,6.36
91,6.38
645,12.26
986,6.33
843,6.41
865,0.00
906,6.35
558,6.47
969,0.00
74,6.39
827,6.52
177,0.00
756,0.00
111,6.39
862,0.00
639,6.28
610,6.28
84,6.35
950,0.00
909,6.35
250,6.36
490,0.00
735,6.51
525,6.35
404,12.44
682,6.39
504,0.00
735,6.38
943,0.00
786,6.29
317,6.11
146,6.21
983,12.49
665,12.43
676,6.34
823,6.35
421,6.29
902,6.36
32,6.50
870,0.00
509,0.00
474,0.00
865,6.24
687,0.00
465,0.00
975,6.25
400,6.26
163,6.35
868,6.31
632,6.26
666,0.00
509,6.34
94,6.49
43,6.41
351,6.41
104,0.00
89,6.47
739,6.36
964,6.46
149,6.62
928,0.00
256,12.69
528,0.00
691,0.00
728,6.63
153,6.59
928,0.00
923,12.73
890,12.84
483,12.72
236,6.74
330,0.00
484,0.00
760,6.64
645,6.65
184,6.70
254,6.66
17,6.74
520,0.00
876,6.50
60,6.40
134,0.00
878,0.00
690,6.54
854,0.00
431,6.30
485,12.72
195,6.26
42,6.38
788,6.22
455,6.15
985,6.18
393,6.34
775,6.36
307,6.37
747,0.00
125,6.37
299,6.38
129,6.38
281,12.62
819,6.28
571,6.38
904,6.26
734,6.36
959,6.36
503,6.47
434,6.47
490,6.49
614,6.49
901,12.69
560,12.77
864,6.53
60,6.75
96,6.55
405,0.00
224,6.43
662,0.00
878,0.00
770,6.32
214,6.41
573,6.36
565,6.37
192,6.41
547,0.00
574,6.38
386,6.43
396,6.45
515,0.00
568,0.00
729,6.33
877,6.45
462,6.27
747,12.63
54,6.21
626,6.29
188,6.34
249,6.37
590,0.00
801,12.82
659,6.39
215,6.37
271,6.39
94,6.31
313,6.30
578,0.00
670,6.26
828,6.26
257,6.23
656,0.00
610,6.17
387,0.00
312,6.11
473,0.00
315,6.11
112,6.03
399,0.00
631,6.07
279,0.00
628,6.02
704,6.04
914,6.13
114,6.22
303,6.22
807,0.00
576,12.52
193,6.15
803,0.00
984,0.00
625,6.24
330,6.32
467,6.33
286,6.34
82,6.32
186,6.18
523,0.00
76,6.01
705,5.98
951,6.02
106,6.13
301,6.09
554,0.00
213,6.14
439,0.00
494,0.00
668,12.31
587,5.95
733,0.00
500,5.83
425,18.42
108,5.81
860,0.00
158,5.75
918,0.00
590,5.63
335,5.72
183,5.85
110,5.86
985,0.00
292,5.75
917,0.00
953,5.79
332,5.75
147,5.92
225,5.86
173,5.86
26,5.84
368,0.00
323,5.95
372,0.00
613,12.18
546,5.81
494,5.73
833,5.78
594,5.79
812,12.07
246,5.52
4,5.54
359,11.83
274,5.61
62,5.50
386,5.49
648,0.00
628,5.60
600,0.00
470,11.90
680,5.69
278,5.74
708,5.52
283,0.00
324,0.00
249,5.52
631,11.79
979,5.69
770,18.77
445,5.91
832,5.88
566,6.00
791,6.05
891,6.14
222,6.18
337,6.22
926,0.00
489,6.25
65,6.20
101,6.12
795,0.00
22,5.99
242,0.00
443,5.98
514,5.97
759,12.24
8,6.09
2,5.99
509,5.78
337,5.87
309,5.76
331,5.74
567,0.00
741,0.00
270,5.90
310,5.85
929,5.85
55,0.00
858,5.87
299,5.91
609,5.90
42,5.97
749,5.97
494,11.66
658,11.67
723,5.90
409,0.00
816,18.21
923,6.12
182,5.92
406,6.00
935,6.04
20,6.13
462,0.00
54,6.01
370,6.01
827,5.86
128,6.02
739,5.87
300,5.87
313,5.88
985,5.74
786,0.00
700,5.86
505,5.98
356,5.86
552,5.95
710,6.00
999,6.10
310,5.90
902,5.99
136,6.04
93,11.72
967,6.15
377,11.74
337,6.14
860,6.16
1,6.10
324,6.17
504,0.00
344,6.19
200,6.25
431,6.05
599,0.00
775,6.08
152,6.15
182,6.12
598,6.08
680,6.08
268,0.00
159,6.01
518,0.00
677,0.00
73,5.89
411,5.90
956,0.00
994,5.73
573,0.00
71,5.64
303,5.69
274,5.76
42,5.67
768,0.00
397,5.67
191,5.67
399,5.64
338,5.69
545,0.00
970,5.74
504,0.00
372,5.72
572,0.00
610,5.75
700,5.82
47,5.90
663,5.94
828,0.00
876,11.74
238,6.12
848,0.00
783,5.97
393,5.92
72,6.04
677,0.00
190,0.00
757,11.92
732,5.99
706,5.99
442,5.98
201,6.03
572,0.00
257,5.85
718,0.00
828,17.56
72,5.85
864,5.88
980,5.88
39,5.90
507,5.81
963,0.00
761,6.13
309,5.98
957,6.12
539,0.00
331,6.13
586,0.00
133,6.09
683,0.00
75,6.07
782,0.00
464,5.98
805,5.95
362,5.96
120,5.95
668,0.00
98,5.89
971,12.02
797,5.87
587,5.88
610,6.09
24,5.93
578,5.87
336,5.83
916,5.93
311,6.02
55,6.21
819,0.00
1,6.08
479,0.00
906,6.04
716,6.11
739,6.20
296,6.32
189,6.20
13,6.22
905,0.00
508,6.07
894,6.14
784,0.00
549,6.14
513,0.00
2,6.26
694,0.00
724,6.15
534,6.13
109,6.13
540,0.00
297,6.20
522,0.00
315,6.15
971,0.00
480,11.79
518,6.18
344,6.17
727,0.00
403,6.10
458,0.00
711,12.17
171,6.13
316,6.02
831,5.96
150,5.98
868,0.00
491,6.00
139,5.99
67,6.02
603,0.00
298,6.00
809,0.00
478,6.02
753,6.16
937,12.01
887,6.32
329,6.14
81,6.13
205,5.99
605,0.00
786,6.14
411,6.14
883,6.15
41,6.09
362,6.06
638,0.00
869,6.12
79,6.09
218,6.05
415,5.95
809,0.00
62,6.04
924,5.98
856,0.00
309,6.02
779,0.00
789,6.10
309,6.18
375,0.00
592,6.29
508,0.00
46,6.34
404,6.26
748,6.27
613,6.35
923,0.00
721,6.29
375,12.33
179,6.48
47,6.36
209,6.28
436,6.09
126,0.00
471,6.06
11,6.09
445,6.10
773,6.15
28,6.01
503,0.00
338,0.00
363,6.03
188,6.01
871,0.00
988,6.13
142,6.25
76,6.08
167,0.00
751,0.00
959,18.11
24,6.04
604,0.00
954,6.16
944,6.17
633,6.22
997,6.37
246,6.46
17,6.50
35,6.39
636,6.28
989,6.36
920,12.57
606,6.20
602,0.00
746,0.00
116,6.38
951,0.00
460,6.38
741,6.56
61,6.56
750,0.00
246,6.58
209,6.51
135,6.49
40,6.50
409,6.44
865,0.00
372,6.51
405,6.41
476,6.52
471,12.64
198,6.32
723,6.50
697,12.51
431,6.50
276,6.53
371,0.00
468,0.00
282,6.54
46,6.38
558,6.30
256,6.43
868,0.00
664,6.38
186,0.00
875,0.00
83,6.41
560,0.00
988,6.33
259,6.34
195,6.42
172,6.33
219,6.23
912,0.00
656,12.55
120,6.15
245,0.00
926,6.10
236,6.23
444,6.33
229,6.34
332,6.37
537,0.00
812,12.59
765,6.37
462,6.38
277,6.19
523,0.00
609,6.33
898,0.00
852,0.00
579,0.00
355,6.71
23,6.48
510,6.47
378,0.00
814,6.41
120,6.41
619,6.37
775,6.37
193,6.34
311,6.31
604,0.00
510,6.21
793,0.00
184,6.47
634,6.32
136,6.39
119,6.29
376,6.25
516,0.00
402,6.25
154,6.43
126,6.37
953,12.75
661,12.60
139,6.43
713,6.55
251,12.61
139,6.45
346,0.00
228,6.36
808,0.00
690,0.00
63,6.30
876,6.30
611,6.24
44,6.33
516,6.32
634,6.37
430,6.37
712,0.00
254,6.39
433,6.29
420,6.33
491,6.22
731,12.56
371,6.08
766,6.17
697,12.75
350,6.24
462,6.27
326,6.17
108,6.17
53,0.00
935,0.00
865,6.20
481,6.30
147,6.20
621,6.28
314,6.29
498,6.08
907,6.20
263,6.26
157,6.15
529,6.14
912,0.00
368,6.20
763,6.20
799,0.00
193,6.19
363,6.21
763,6.09
871,0.00
259,6.01
476,6.10
353,6.12
979,12.29
338,6.22
201,6.03
632,6.04
338,6.20
722,6.23
693,0.00
160,12.75
951,12.80
729,6.09
45,6.29
937,0.00
580,0.00
991,6.21
224,6.33
39,6.23
756,6.33
420,6.39
195,6.38
640,0.00
495,6.08
139,6.13
627,0.00
67,6.02
607,0.00
763,6.15
489,6.05
942,0.00
431,6.16
925,0.00
652,12.59
129,6.20
513,0.00
104,6.12
190,6.13
921,0.00
229,5.99
955,6.04
240,5.95
465,5.95
154,5.89
976,0.00
469,6.02
518,0.00
589,0.00
746,0.00
893,12.45
355,6.26
882,18.89
359,6.18
479,12.37
156,6.12
338,6.11
857,6.13
596,6.31
683,6.23
188,6.36
474,6.26
330,6.35
553,0.00
944,6.31
988,6.44
740,6.50
990,6.60
428,0.00
964,6.58
194,6.55
422,6.55
59,6.77
413,6.57
530,6.62
518,6.74
710,0.00
592,6.58
505,0.00
878,6.63
872,6.77
475,0.00
159,6.71
148,6.65
97,6.58
547,6.58
581,6.59
497,0.00
551,6.37
228,6.34
15,0.00
163,6.49
327,6.45
194,6.39
984,12.51
606,0.00
683,6.43
606,0.00
404,0.00
4,6.34
841,0.00
578,6.28
821,6.36
241,6.20
740,0.00
592,6.32
820,6.34
56,6.39
333,6.38
236,6.48
769,12.32
155,6.39
941,0.00
418,6.33
84,6.44
293,12.47
501,6.32
827,6.33
396,6.25
295,6.36
911,6.32
770,6.46
257,6.41
733,0.00
684,6.39
779,6.50
100,6.63
238,6.68
710,0.00
697,6.53
16,6.57
107,6.50
459,0.00
579,6.45
760,12.67
648,6.50
418,6.49
492,0.00
469,6.60
438,6.60
35,6.58
397,6.52
407,6.37
155,12.64
301,6.43
893,0.00
171,6.37
202,6.30
303,6.20
705,0.00
213,12.52
457,6.08
776,0.00
984,5.97
553,5.92
41,6.01
171,6.06
38,5.85
401,5.85
388,5.81
598,5.70
794,5.78
144,5.70
488,0.00
979,5.70
642,0.00
785,5.79
196,5.78
52,5.71
798,5.71
103,0.00
686,5.92
643,0.00
583,6.07
516,6.01
639,0.00
238,6.04
610,0.00
784,6.07
807,18.64
19,6.14
556,12.63
683,12.42
108,6.07
45,0.00
560,6.05
524,0.00
467,6.14
232,6.07
903,6.17
152,6.16
774,6.12
746,6.19
735,0.00
244,6.09
110,6.05
537,0.00
218,6.03
737,12.38
11,6.02
309,5.89
450,0.00
725,0.00
484,5.99
206,6.03
765,6.06
347,5.93
808,0.00
579,5.93
463,0.00
339,5.89
640,18.44
105,6.04
78,0.00
262,5.92
379,5.84
245,5.71
678,5.66
362,0.00
741,5.67
253,5.78
652,5.78
9,5.80
422,5.73
500,0.00
149,5.71
989,0.00
493,5.67
33,5.68
315,5.63
477,5.51
402,0.00
263,5.58
959,5.56
237,5.61
130,5.60
1000,0.00
539,0.00
423,5.70
401,5.66
163,0.00
336,5.59
970,0.00
300,5.60
409,5.60
719,0.00
914,5.74
482,5.86
799,5.94
977,11.66
963,5.87
805,11.74
985,5.99
672,5.99
234,6.16
888,11.95
831,6.02
213,6.06
444,6.13
761,5.99
71,6.01
920,0.00
332,6.06
466,0.00
723,0.00
458,6.10
64,6.19
776,6.06
682,0.00
506,6.08
734,0.00
875,0.00
417,6.04
802,6.03
471,6.10
933,6.15
939,6.29
580,6.30
491,6.38
499,0.00
604,6.50
455,0.00
459,0.00
925,6.31
127,6.44
993,6.43
852,12.36
436,6.43
542,0.00
817,6.45
375,0.00
179,6.38
886,6.52
657,6.73
527,0.00
502,6.66
240,6.63
550,0.00
710,6.60
962,6.64
249,6.82
478,6.76
259,6.86
312,6.76
14,6.77
416,6.71
691,0.00
419,6.68
671,0.00
989,6.88
109,6.99
693,6.80
249,6.96
653,7.03
348,6.94
584,0.00
124,6.94
767,12.49
231,7.03
663,0.00
782,7.12
850,0.00
176,6.95
527,0.00
758,12.70
145,12.74
762,6.91
601,7.05
605,6.90
906,6.84
343,6.75
141,0.00
356,6.90
305,6.73
418,0.00
148,6.75
327,6.59
392,6.55
855,6.56
926,6.69
124,6.48
417,0.00
452,6.45
915,6.57
547,12.60
170,6.62
545,0.00
77,6.52
725,6.53
381,6.48
945,12.56
128,6.59
216,6.51
831,6.55
388,6.56
155,6.56
399,6.64
594,0.00
664,6.45
707,6.52
524,0.00
777,6.47
843,6.50
360,6.55
514,0.00
204,6.47
890,0.00
580,6.37
375,6.54
638,6.55
913,0.00
711,6.69
546,6.61
331,0.00
571,6.69
632,0.00
673,6.68
348,6.48
548,0.00
94,6.46
27,6.41
128,0.00
258,6.42
728,12.99
187,6.35
855,0.00
369,6.37
326,6.27
98,6.27
545,0.00
35,6.34
156,6.43
553,6.37
28,6.40
255,6.24
835,0.00
43,6.07
298,6.20
965,18.61
58,6.05
961,6.19
812,13.00
56,6.15
761,0.00
859,6.15
765,13.00
958,0.00
810,6.11
336,6.16
445,0.00
722,12.93
2,6.10
987,6.14
377,6.10
88,0.00
803,5.89
578,5.96
723,0.00
656,6.10
203,6.12
235,6.12
561,6.00
669,6.00
280,5.93
609,5.90
341,6.03
157,5.98
74,5.85
873,5.93
44,5.93
156,5.82
311,5.90
445,0.00
28,5.84
930,0.00
995,0.00
360,5.79
874,0.00
548,5.81
97,5.74
490,12.15
533,12.23
19,5.56
946,5.62
177,5.68
629,5.52
669,0.00
32,5.79
904,5.58
217,5.65
36,5.46
583,0.00
284,5.40
841,0.00
886,5.41
474,0.00
128,5.62
579,5.43
382,0.00
615,5.52
401,0.00
783,5.62
493,0.00
433,0.00
109,5.58
310,5.70
289,5.69
429,0.00
527,5.71
384,5.71
533,0.00
882,5.67
788,5.84
312,5.85
135,0.00
126,5.80
514,11.79
723,5.79
379,5.80
253,0.00
240,5.76
847,5.78
744,5.86
273,11.92
201,5.92
623,11.98
311,5.83
741,5.73
525,5.75
275,5.73
906,0.00
637,5.93
292,5.77
710,0.00
114,5.88
548,11.77
100,5.97
669,0.00
284,5.72
537,5.81
91,5.69
339,5.63
711,5.74
702,11.79
167,5.79
327,5.86
552,0.00
980,5.75
80,5.79
672,5.82
806,5.74
486,5.77
987,5.81
674,5.78
10,5.93
439,0.00
930,5.96
841,6.04
535,0.00
572,11.73
555,11.65
704,11.70
928,6.03
189,6.10
79,6.00
112,0.00
997,5.96
189,5.96
462,5.81
643,0.00
694,11.50
975,5.90
263,5.86
375,5.94
488,0.00
342,5.90
912,11.31
524,5.82
8,5.86
1000,5.91
278,5.92
578,6.00
483,6.08
783,0.00
807,6.09
382,6.25
911,6.08
171,6.17
879,0.00
49,6.13
976,6.04
893,6.17
907,6.33
607,6.33
122,6.46
513,0.00
420,6.27
846,6.18
762,0.00
72,6.38
572,6.33
766,0.00
443,6.18
991,0.00
478,6.28
200,6.39
96,6.38
116,6.39
528,6.27
65,6.37
400,6.26
669,0.00
304,6.18
15,6.19
370,6.19
185,6.22
354,6.14
710,0.00
579,6.15
396,0.00
957,6.29
644,6.37
1,6.41
271,6.35
947,0.00
616,0.00
844,0.00
952,6.53
192,6.53
179,6.39
638,6.55
680,0.00
933,18.21
731,6.58
220,6.61
498,0.00
887,6.53
578,0.00
45,6.51
757,0.00
399,6.52
890,0.00
585,12.55
699,6.63
693,6.72
71,6.56
205,6.58
187,6.50
898,6.60
612,6.71
399,6.65
133,6.65
891,6.59
614,6.69
363,6.62
329,12.52
686,6.62
806,12.42
16,6.56
455,0.00
4,6.50
795,0.00
626,6.45
66,6.53
882,0.00
161,6.44
626,0.00
862,0.00
930,6.32
36,6.22
477,0.00
911,18.14
540,0.00
839,6.29
881,6.30
100,6.38
846,6.18
634,6.27
368,6.40
101,6.41
992,0.00
205,6.28
156,6.28
709,6.27
886,6.23
6,6.23
869,0.00
679,6.11
131,6.11
37,6.16
32,6.06
18,6.06
263,0.00
579,0.00
567,0.00
469,6.10
195,6.07
548,0.00
87,5.98
34,6.02
2,6.07
433,0.00
790,0.00
88,5.77
637,5.77
435,12.13
170,5.86
240,5.74
67,5.61
220,5.61
468,5.63
725,5.66
317,5.54
65,5.61
204,5.52
758,12.14
351,5.56
893,12.14
799,5.53
791,0.00
486,5.55
521,0.00
758,5.51
62,5.61
709,0.00
513,0.00
71,5.50
253,5.51
193,5.45
734,0.00
918,12.06
661,5.36
505,0.00
858,5.36
169,5.38
906,0.00
517,5.32
698,5.38
540,5.57
745,12.00
152,5.54
130,5.26
902,5.31
223,5.24
354,5.34
531,0.00
929,5.24
853,5.39
921,5.51
702,5.51
815,5.61
759,5.56
441,5.68
765,0.00
252,5.64
240,5.68
596,0.00
455,5.55
913,5.53
176,5.66
117,5.72
329,5.52
451,0.00
682,5.59
856,5.63
672,5.70
646,5.60
325,0.00
918,5.62
284,5.66
336,5.75
265,5.70
546,5.73
50,5.73
63,5.80
819,5.69
379,5.74
592,5.74
11,5.75
259,0.00
637,5.83
37,5.83
250,5.79
666,5.79
5,5.86
147,5.81
152,5.83
875,5.77
896,0.00
930,5.91
540,0.00
383,6.08
340,6.03
696,0.00
724,5.89
348,6.01
402,5.91
127,5.95
554,5.67
483,11.45
625,5.92
567,0.00
816,5.73
415,5.80
160,5.90
814,0.00
507,0.00
585,5.90
890,5.97
365,11.34
158,11.26
856,6.04
808,5.88
940,0.00
848,5.98
784,6.05
447,0.00
818,17.94
944,0.00
703,11.55
613,6.13
668,6.23
725,6.30
64,6.37
323,6.20
305,6.26
390,0.00
945,11.59
557,11.49
236,6.15
85,6.04
377,5.91
91,5.80
940,0.00
421,5.66
99,5.67
643,0.00
749,5.71
234,5.63
487,0.00
577,5.66
157,0.00
236,0.00
243,5.77
728,0.00
573,0.00
809,5.72
207,5.82
517,5.86
528,0.00
62,5.82
215,5.73
306,5.70
193,0.00
86,0.00
431,5.66
718,0.00
440,5.68
602,5.76
540,0.00
383,11.53
816,5.84
132,5.69
619,5.62
835,5.76
52,5.81
250,5.79
22,5.74
199,5.68
725,0.00
240,5.55
129,5.54
43,5.54
759,0.00
478,5.44
591,0.00
587,11.42
756,17.09
797,5.39
839,5.49
311,5.37
302,5.26
153,5.35
907,5.24
945,5.36
382,5.46
667,0.00
737,5.40
979,11.46
642,5.45
741,0.00
980,5.40
264,5.41
209,5.47
777,5.37
713,0.00
614,11.50
448,11.49
171,5.36
735,0.00
186,5.33
963,5.40
108,5.44
686,5.28
515,0.00
685,5.36
216,5.44
717,5.41
927,5.46
106,5.30
153,5.33
205,5.43
920,0.00
952,5.44
88,5.42
955,5.50
74,5.51
164,5.45
823,5.37
375,5.37
196,5.34
2,5.31
876,0.00
161,5.34
303,5.23
291,5.21
163,5.24
679,0.00
927,5.15
556,5.19
19,5.31
87,5.35
809,0.00
176,5.30
183,5.20
870,0.00
963,5.30
240,5.24
800,5.41
576,5.57
379,5.51
756,0.00
760,5.45
435,0.00
925,5.48
621,5.60
274,5.69
614,5.66
79,0.00
902,5.75
27,5.87
646,5.81
530,0.00
631,11.37
737,11.41
955,11.44
573,5.90
590,6.03
40,5.89
257,5.88
21,5.83
741,0.00
599,5.86
789,11.27
820,5.96
371,5.78
660,0.00
172,5.98
576,11.46
862,6.08
126,5.96
869,5.92
687,5.97
160,5.86
776,5.98
609,6.03
278,6.06
746,0.00
177,5.92
497,6.01
989,0.00
272,5.89
303,5.91
321,5.83
588,5.79
341,5.81
807,5.77
722,0.00
889,11.41
115,6.00
440,5.91
203,5.92
861,0.00
775,5.90
591,5.87
347,5.95
335,5.95
226,6.13
828,6.02
280,6.10
380,6.16
635,5.97
894,6.04
386,6.09
126,6.16
137,6.11
829,11.25
479,6.07
664,5.96
176,0.00
519,6.15
171,6.20
513,0.00
280,6.06
564,0.00
718,11.36
611,5.84
463,5.85
253,5.87
981,0.00
606,5.92
118,5.88
393,6.02
546,0.00
703,5.90
881,0.00
65,5.98
601,5.86
882,0.00
588,0.00
533,17.41
696,17.43
4,6.06
855,17.26
16,6.01
824,12.03
235,6.06
987,6.14
978,6.15
321,6.18
903,0.00
303,6.28
887,6.28
596,12.11
6,6.34
915,0.00
130,6.24
974,12.35
742,6.27
763,6.28
468,6.47
780,0.00
820,6.36
102,6.45
266,6.46
414,0.00
417,6.33
787,0.00
4,6.42
494,0.00
807,12.35
103,6.33
701,0.00
983,12.22
160,6.41
794,0.00
23,6.36
633,0.00
444,6.26
213,6.15
971,6.28
983,6.39
574,6.37
12,6.29
637,0.00
284,6.33
976,12.35
561,0.00
451,6.27
986,0.00
376,6.31
702,0.00
222,6.33
711,6.33
212,6.41
692,6.48
348,6.51
485,6.42
453,6.24
106,6.38
830,6.38
420,6.48
789,6.43
843,0.00
548,0.00
997,6.49
259,6.63
59,6.51
489,0.00
680,6.47
788,6.46
249,6.62
397,6.44
113,0.00
372,0.00
423,6.40
887,6.45
486,6.50
821,12.33
155,6.44
819,0.00
573,6.39
713,6.52
868,6.38
32,6.41
472,0.00
714,6.66
360,0.00
276,6.32
724,0.00
603,12.50
94,6.29
321,6.15
682,6.07
577,0.00
501,0.00
130,6.15
694,0.00
639,6.00
694,0.00
540,0.00
807,6.05
892,6.13
190,6.07
752,0.00
213,6.27
791,0.00
30,6.16
809,0.00
847,12.64
50,6.45
501,6.32
361,0.00
698,6.45
650,0.00
484,12.92
913,12.87
55,6.59
638,0.00
864,6.60
761,6.57
422,0.00
879,0.00
970,12.96
318,6.62
364,6.61
449,6.72
1000,0.00
218,6.83
704,13.18
614,6.77
749,6.92
593,6.88
182,6.88
990,0.00
764,6.89
217,6.93
47,6.83
79,6.84
451,0.00
314,6.71
498,6.72
813,6.73
305,6.65
174,6.58
838,6.59
202,6.63
576,6.53
408,6.55
729,0.00
245,13.03
46,6.47
393,6.47
723,0.00
302,6.56
840,6.40
483,6.41
269,6.59
700,0.00
709,13.01
640,6.50
815,6.55
863,6.64
697,0.00
997,13.10
519,6.71
172,6.73
839,0.00
100,6.67
74,6.54
807,13.05
710,6.67
93,6.71
191,6.69
336,6.59
713,0.00
616,6.61
272,6.66
673,6.57
961,6.68
278,6.56
87,6.68
359,6.62
456,0.00
920,0.00
463,6.47
718,6.38
913,0.00
323,6.65
761,0.00
546,0.00
898,6.58
992,6.75
409,6.62
633,0.00
121,6.63
98,6.59
990,0.00
471,0.00
854,6.56
172,6.60
814,6.58
860,6.57
166,6.68
77,6.62
30,6.45
232,6.44
447,0.00
838,6.33
328,6.27
643,6.31
7,6.32
485,0.00
667,6.34
311,6.25
697,6.25
896,6.23
443,0.00
370,6.38
225,6.39
46,6.37
996,0.00
652,6.53
307,6.50
513,6.58
898,6.72
147,6.77
446,6.68
53,6.78
961,13.36
662,6.84
218,6.76
95,6.74
924,6.73
110,0.00
636,6.69
519,0.00
657,13.20
866,6.97
873,0.00
259,0.00
926,6.89
439,0.00
474,6.91
786,6.96
152,7.01
156,6.89
101,6.82
314,6.73
346,6.60
249,6.61
32,6.47
873,13.10
85,6.44
352,6.54
893,0.00
437,6.42
891,6.47
52,6.60
979,6.58
740,13.21
655,6.75
196,6.53
713,6.63
395,6.71
995,6.74
304,6.76
572,6.83
264,6.88
761,0.00
865,6.86
496,6.94
817,6.78
243,0.00
290,6.69
81,6.69
87,6.61
599,6.50
258,6.57
283,6.39
585,6.44
633,6.54
873,0.00
588,6.52
874,6.64
978,0.00
48,6.51
456,0.00
887,0.00
271,6.50
900,0.00
859,6.56
287,6.74
615,0.00
823,6.68
600,0.00
759,0.00
132,6.82
637,6.75
306,6.80
123,6.71
416,6.68
191,6.46
83,6.53
898,6.53
747,0.00
624,6.52
16,6.55
822,0.00
61,6.44
741,0.00
11,6.29
879,0.00
821,6.33
920,6.45
763,6.58
590,6.71
293,6.59
533,0.00
877,0.00
507,6.35
254,6.48
516,0.00
877,6.47
112,6.54
222,6.55
628,0.00
950,0.00
255,6.42
315,6.50
722,6.45
332,6.54
223,6.53
749,0.00
809,6.58
180,6.64
896,13.16
740,6.77
177,6.79
618,0.00
395,6.67
919,0.00
532,6.60
21,6.61
456,0.00
933,6.40
851,0.00
616,0.00
550,6.35
535,0.00
307,6.36
43,6.37
496,0.00
573,6.28
173,6.44
285,6.42
653,0.00
497,0.00
128,6.51
294,6.50
459,6.40
246,0.00
383,6.48
779,6.29
910,6.38
442,0.00
834,6.38
600,0.00
762,6.47
233,6.41
763,6.48
595,12.98
221,6.63
451,0.00
287,6.63
615,0.00
107,6.44
27,6.53
5,6.36
771,6.37
383,6.37
949,0.00
764,0.00
247,6.36
165,6.35
808,0.00
788,6.34
956,6.56
247,6.65
542,0.00
268,6.52
536,0.00
690,6.60
556,0.00
982,19.82
571,6.75
625,0.00
36,6.78
164,6.65
544,0.00
874,13.11
965,13.07
719,6.57
498,6.56
67,6.63
139,6.65
201,6.43
113,6.59
310,6.41
380,6.32
623,0.00
682,6.41
914,0.00
733,6.47
368,6.58
917,6.49
873,13.15
743,6.71
516,6.82
941,33.11
218,13.47
458,6.84
762,13.48
111,6.74
282,6.84
387,6.65
674,0.00
984,6.64
402,0.00
1000,6.83
756,6.88
925,6.92
168,7.00
325,6.86
606,6.75
856,6.73
368,0.00
581,6.85
291,6.78
26,6.61
796,6.66
321,6.76
84,6.70
945,0.00
714,0.00
263,6.65
189,6.60
542,0.00
494,6.49
332,6.63
579,0.00
493,0.00
980,13.04
883,6.53
335,13.12
582,6.64
532,6.61
168,6.63
196,6.60
671,0.00
669,6.57
320,6.55
91,6.60
609,6.55
420,0.00
326,6.52
239,6.52
814,0.00
471,6.65
768,0.00
748,6.50
274,6.45
323,6.35
394,6.38
623,0.00
803,6.37
652,6.40
280,6.26
289,6.42
861,6.24
156,0.00
330,6.40
933,0.00
404,6.36
289,6.40
469,0.00
974,6.42
271,0.00
443,6.35
813,6.34
502,0.00
787,6.40
242,6.40
273,6.38
100,6.31
833,6.27
88,6.43
789,12.93
702,6.30
890,6.31
202,6.32
26,0.00
518,0.00
607,0.00
219,6.23
826,0.00
514,13.08
13,6.27
936,0.00
212,12.91
776,6.34
278,6.26
537,6.19
667,6.26
340,6.05
69,6.12
979,12.83
904,6.11
136,6.06
95,5.98
51,6.10
216,6.05
12,6.00
320,6.01
291,5.99
872,5.90
11,5.99
931,0.00
476,6.13
40,6.11
421,6.11
157,6.08
602,0.00
784,6.03
149,6.12
753,0.00
888,12.68
459,0.00
247,5.94
279,6.02
117,5.90
708,0.00
807,5.92
253,6.06
527,0.00
542,0.00
579,12.72
509,6.07
532,6.02
262,6.11
717,5.97
707,6.11
924,6.11
642,0.00
633,12.57
180,6.22
771,6.12
25,6.19
63,6.07
702,0.00
591,0.00
605,6.03
930,6.01
209,6.01
335,6.02
658,6.10
778,6.14
973,6.15
176,6.29
514,6.24
922,6.23
87,6.34
42,6.32
631,0.00
838,6.29
100,6.20
658,0.00
226,6.13
90,6.12
938,6.13
401,6.17
38,5.98
876,12.19
971,12.25
39,6.10
17,5.89
209,0.00
64,5.83
90,5.89
178,5.76
19,5.78
835,0.00
324,5.75
872,5.69
658,0.00
24,5.73
291,5.78
581,11.88
146,5.77
650,0.00
937,5.69
250,5.81
864,0.00
270,5.95
818,0.00
402,5.87
727,18.61
389,6.00
641,0.00
535,5.92
956,5.96
885,6.01
300,0.00
905,6.03
830,6.07
631,0.00
58,6.04
841,0.00
532,5.95
317,5.96
366,0.00
373,0.00
983,6.03
378,6.00
60,5.98
508,0.00
647,5.90
23,6.06
314,5.85
112,6.02
779,12.13
905,5.91
798,11.99
824,5.95
207,6.02
239,6.01
366,6.01
95,6.17
848,6.04
473,6.04
280,0.00
515,6.04
101,6.04
631,0.00
600,12.21
722,12.03
188,6.05
706,6.08
254,5.94
982,5.82
973,5.99
294,5.99
748,6.00
269,6.08
501,6.05
933,0.00
644,6.08
435,6.12
807,12.13
223,6.21
342,6.27
512,0.00
282,6.23
944,6.21
885,12.10
560,0.00
714,6.45
531,0.00
57,6.55
319,6.56
85,6.49
471,12.21
64,6.53
937,0.00
468,6.43
353,6.52
228,6.58
253,6.58
981,0.00
709,12.37
680,6.77
93,6.62
444,6.65
138,6.59
980,0.00
716,6.78
146,6.69
21,6.54
30,6.54
716,12.36
557,6.45
934,6.59
674,6.48
317,6.62
551,0.00
331,6.55
964,6.56
646,6.56
691,12.48
942,0.00
961,6.58
449,6.46
90,6.58
781,6.47
861,6.49
623,6.60
72,6.53
892,0.00
295,6.52
321,6.60
7,6.52
995,0.00
424,0.00
209,12.58
511,6.53
405,6.54
358,6.49
935,6.34
553,6.26
583,6.36
429,6.37
826,6.34
578,0.00
139,6.31
419,6.32
198,6.22
52,6.25
658,0.00
838,6.33
320,6.29
522,0.00
664,6.10
810,6.07
690,12.08
891,6.12
524,6.06
370,6.01
821,18.20
690,12.18
939,12.27
75,6.04
393,6.11
624,12.56
396,5.94
95,5.89
977,5.82
354,5.88
413,6.09
170,6.06
176,0.00
747,6.05
310,6.12
553,0.00
90,5.98
285,5.98
591,6.01
133,5.86
527,5.76
655,5.79
35,0.00
448,5.82
297,5.65
318,5.63
85,5.63
516,5.71
937,0.00
656,5.82
250,5.82
739,0.00
71,5.63
15,5.72
194,5.68
641,5.65
867,5.65
477,5.46
662,0.00
863,12.02
668,0.00
702,12.14
134,5.57
257,5.47
654,5.48
305,5.49
201,5.42
679,0.00
750,5.31
336,5.50
476,5.43
731,0.00
709,5.56
988,5.55
587,5.61
142,5.62
888,12.09
955,12.02
118,5.87
293,5.61
675,5.65
899,0.00
83,5.79
67,5.78
165,5.79
179,5.76
450,0.00
179,0.00
830,12.04
45,5.71
584,0.00
731,5.68
918,5.70
695,5.80
785,5.87
197,5.82
639,5.88
262,5.96
414,0.00
850,0.00
344,11.98
400,11.86
287,5.93
520,6.04
22,5.88
153,5.79
966,0.00
935,11.79
35,5.89
749,5.96
253,5.77
407,0.00
934,5.98
317,5.99
265,5.90
700,5.96
869,5.97
167,6.13
782,5.94
546,0.00
227,5.99
435,6.11
781,6.17
396,6.26
16,6.17
367,6.12
773,6.10
206,0.00
52,6.12
504,0.00
392,6.13
646,0.00
153,6.21
450,0.00
902,11.97
111,6.17
134,6.01
7,6.13
103,6.00
896,5.92
250,6.00
458,6.00
622,11.74
824,18.02
365,11.61
230,6.26
219,6.07
300,6.02
938,0.00
795,5.95
808,11.66
411,6.19
162,6.05
34,6.12
616,0.00
155,6.19
877,0.00
933,6.09
400,0.00
556,0.00
533,0.00
90,6.08
637,0.00
362,6.02
227,5.94
210,5.97
565,5.97
590,5.98
153,5.76
55,5.82
29,5.82
879,5.81
420,5.81
304,5.87
475,5.82
936,0.00
439,5.79
630,0.00
707,0.00
151,5.65
646,5.65
863,0.00
563,5.65
174,5.71
656,0.00
478,5.70
290,5.70
2,5.70
859,0.00
906,5.68
117,5.69
211,5.59
51,5.48
964,0.00
15,5.49
562,0.00
666,5.35
316,5.29
246,5.29
661,0.00
737,0.00
782,5.23
420,0.00
667,0.00
404,5.41
933,5.38
675,0.00
609,17.41
615,5.68
130,5.47
10,0.00
194,5.66
787,5.60
132,5.53
74,5.53
375,5.53
641,0.00
651,5.62
320,5.76
87,5.66
210,5.68
651,5.59
642,0.00
937,11.82
78,5.58
743,11.68
114,5.62
553,5.67
632,11.63
323,5.82
374,5.66
382,5.74
137,5.62
608,0.00
334,5.64
703,0.00
65,5.62
309,5.62
722,11.55
226,5.54
372,5.41
329,5.49
850,0.00
783,5.49
221,5.53
315,5.49
998,17.17
107,5.64
979,11.72
837,5.84
282,5.94
995,0.00
371,5.68
982,0.00
755,5.95
683,11.69
805,11.74
355,6.04
429,6.04
988,5.94
491,5.97
548,6.03
144,6.12
982,6.11
47,6.21
965,0.00
998,6.08
465,0.00
154,6.04
473,6.06
997,11.85
628,6.17
234,6.24
347,6.33
284,6.36
737,6.19
339,6.23
621,0.00
878,6.25
366,6.29
50,6.29
389,6.22
390,6.10
589,6.08
883,11.47
370,6.06
401,5.94
21,5.80
505,5.97
632,5.99
803,5.93
864,6.03
670,11.63
578,6.23
752,6.03
236,6.13
855,6.11
845,6.12
851,0.00
633,6.32
464,0.00
49,6.32
566,6.20
654,6.30
933,11.74
179,6.24
244,6.23
841,6.13
261,0.00
391,6.20
70,6.31
928,0.00
647,6.21
60,6.26
352,6.17
557,0.00
762,6.19
875,6.29
836,11.73
16,6.25
541,0.00
982,6.22
322,6.18
452,6.03
20,6.03
469,0.00
980,11.96
916,0.00
976,6.14
373,6.23
386,0.00
919,5.97
773,6.07
46,6.05
646,5.95
722,6.05
239,6.10
763,5.98
238,5.99
389,0.00
962,6.14
979,6.26
138,6.20
724,12.28
613,6.20
266,6.09
862,6.09
655,6.19
391,0.00
483,6.15
264,6.30
237,6.22
900,0.00
699,6.13
847,0.00
437,6.28
776,0.00
809,0.00
43,6.40
639,12.34
823,6.53
232,6.54
244,6.49
498,6.31
117,6.49
987,12.43
241,6.50
41,6.51
869,6.41
769,6.47
701,6.48
931,0.00
331,6.42
576,6.49
844,6.53
30,6.64
481,6.47
120,6.41
109,0.00
448,0.00
775,6.51
625,6.55
733,12.81
163,6.60
544,0.00
835,6.76
130,6.74
723,12.94
899,6.81
570,0.00
157,6.86
316,7.03
937,0.00
468,6.83
203,6.79
570,0.00
303,7.00
86,6.99
268,6.98
498,0.00
522,6.86
354,6.77
794,6.76
406,6.92
249,6.88
740,6.88
123,6.88
769,6.84
442,12.90
638,7.01
162,6.92
509,0.00
453,6.74
665,0.00
213,6.65
249,6.74
729,12.81
733,6.79
442,6.80
400,6.78
647,6.76
385,6.86
925,6.68
650,6.75
730,6.85
683,0.00
795,18.93
427,13.08
537,6.85
614,6.86
145,6.59
514,6.68
581,6.74
766,6.83
562,6.68
322,6.63
620,19.07
342,6.78
954,19.13
66,6.80
141,6.62
518,6.73
43,0.00
27,6.71
987,0.00
822,6.56
134,6.74
862,0.00
28,6.67
184,6.57
501,0.00
84,6.61
212,6.62
538,6.45
200,6.40
995,12.80
317,6.47
301,0.00
32,6.44
772,0.00
637,6.48
339,6.41
975,0.00
975,6.43
11,6.37
868,0.00
531,6.45
227,6.44
490,0.00
69,6.34
891,6.35
184,6.35
265,0.00
429,6.29
351,0.00
516,6.19
873,6.09
124,6.04
13,6.04
797,12.77
100,6.10
197,5.87
614,5.91
252,5.97
662,0.00
711,5.97
102,6.04
605,0.00
550,6.15
531,0.00
569,0.00
436,5.90
717,12.91
268,5.95
720,6.00
567,5.86
204,6.00
338,0.00
270,5.96
989,0.00
320,5.92
542,5.92
232,5.98
363,5.96
961,0.00
299,5.88
894,0.00
768,5.95
23,6.03
366,0.00
366,5.80
257,5.80
783,5.85
333,5.91
904,5.86
331,5.87
428,0.00
460,6.07
104,5.93
92,5.94
10,5.92
761,0.00
435,0.00
56,5.89
837,0.00
206,5.98
900,0.00
624,5.91
856,5.87
807,5.94
629,0.00
243,6.01
1,6.01
911,5.98
528,5.99
625,6.06
975,5.96
661,0.00
287,5.94
702,5.96
594,6.07
603,5.97
728,0.00
598,12.52
653,6.11
113,6.07
430,6.12
259,5.99
668,6.04
700,0.00
564,6.09
757,6.10
369,6.13
834,6.14
851,12.14
501,6.36
188,6.38
879,6.32
309,6.55
235,6.44
510,0.00
896,0.00
52,6.45
110,6.50
590,0.00
377,6.45
571,0.00
148,6.47
197,6.48
881,0.00
776,6.54
809,6.53
759,6.72
428,6.60
785,12.56
80,6.57
795,19.71
486,6.48
800,6.63
541,6.52
766,6.66
751,6.71
65,6.56
818,0.00
531,6.55
181,6.53
289,6.57
561,6.38
901,6.37
312,6.51
961,6.61
472,6.66
221,6.56
838,6.66
155,6.64
1,6.62
283,6.49
799,6.49
425,6.52
779,6.52
258,6.56
7,6.44
108,6.58
406,6.39
785,6.43
284,6.53
794,6.35
467,6.41
417,0.00
503,6.30
243,6.29
547,0.00
727,6.45
741,6.41
820,6.59
612,0.00
164,6.66
908,6.52
782,6.53
422,6.57
128,6.65
589,0.00
814,6.42
294,6.46
317,6.48
453,6.29
917,12.41
245,6.32
413,6.35
992,0.00
790,0.00
769,0.00
943,12.43
612,0.00
89,5.91
851,5.96
42,6.04
34,5.98
869,0.00
40,5.94
605,0.00
14,5.91
91,5.91
616,5.78
133,5.84
208,5.88
339,5.77
333,5.72
954,5.61
123,5.65
999,5.64
11,5.62
920,5.64
788,18.22
842,5.96
360,5.78
580,12.32
848,12.42
395,5.84
485,0.00
62,5.86
222,5.78
696,0.00
725,5.76
866,0.00
215,5.91
687,0.00
818,12.44
248,5.94
830,0.00
920,12.49
964,5.80
863,5.79
250,5.88
865,0.00
357,5.98
125,6.14
532,0.00
656,0.00
328,6.08
978,6.02
247,0.00
55,6.21
11,6.16
928,0.00
33,6.12
165,6.17
678,0.00
814,0.00
507,5.92
409,5.90
910,5.87
389,5.92
287,6.04
692,6.09
651,6.10
878,6.03
864,0.00
582,6.13
867,0.00
798,12.47
68,6.17
459,6.11
17,6.03
732,6.05
55,6.04
731,6.01
254,6.19
888,6.09
892,6.17
588,6.21
644,18.60
714,12.42
57,6.20
395,0.00
804,6.20
825,0.00
350,6.33
432,0.00
773,6.43
972,6.39
386,6.52
343,6.56
599,12.30
895,0.00
801,12.35
829,12.37
239,6.55
188,6.47
895,0.00
656,12.33
627,12.41
578,6.56
810,0.00
543,0.00
336,12.45
920,6.82
907,19.15
18,6.80
156,6.80
126,6.74
846,0.00
676,12.62
751,6.76
66,6.65
953,6.65
756,6.66
125,6.59
784,6.63
813,6.67
28,6.71
956,6.61
261,6.66
471,6.51
567,6.51
651,6.52
190,6.45
932,6.45
871,6.49
295,6.55
158,6.63
361,6.67
705,0.00
314,6.69
488,6.63
55,6.70
133,6.59
186,6.52
981,0.00
659,6.41
694,6.53
72,6.46
822,0.00
975,6.35
492,6.45
630,0.00
553,6.52
110,6.47
211,0.00
445,6.46
484,6.51
977,18.89
454,6.57
194,6.54
136,6.52
413,0.00
82,6.42
650,0.00
710,6.38
437,6.22
289,12.60
337,6.29
706,12.58
582,6.34
617,6.13
960,12.54
190,6.25
379,6.46
253,6.29
922,0.00
701,0.00
163,6.39
624,6.23
811,0.00
455,6.20
601,6.28
556,0.00
845,6.38
324,13.02
484,6.45
547,6.43
712,6.35
629,0.00
634,0.00
730,6.52
126,6.44
119,6.30
596,0.00
662,6.21
638,6.21
580,0.00
598,6.26
925,6.26
817,6.39
334,6.55
755,0.00
537,13.23
305,6.72
718,0.00
222,6.48
718,0.00
435,6.55
947,6.62
863,6.71
737,6.59
75,6.41
980,6.61
424,6.50
783,6.60
513,6.71
952,6.66
188,6.71
775,6.69
154,6.70
690,0.00
213,6.58
427,6.55
760,0.00
409,6.59
67,6.52
829,0.00
862,6.59
474,6.60
56,6.76
763,0.00
855,6.58
381,0.00
74,6.52
874,0.00
722,6.44
610,0.00
698,6.47
369,6.61
806,0.00
589,6.60
47,6.62
58,6.50
66,0.00
125,6.53
757,0.00
594,0.00
160,6.47
899,0.00
274,6.52
844,12.99
285,6.68
317,6.61
952,0.00
39,6.55
195,6.51
61,6.52
110,6.45
608,6.34
625,6.39
976,12.69
286,6.44
867,6.30
820,0.00
927,12.74
136,6.44
999,6.40
89,6.30
327,6.32
134,6.49
116,6.31
335,6.22
456,0.00
560,0.00
122,6.24
757,0.00
394,6.28
569,6.29
376,6.28
459,0.00
387,6.20
500,6.07
446,5.91
452,5.83
816,0.00
648,5.97
484,6.03
313,6.00
766,0.00
507,0.00
936,12.58
698,6.05
186,6.06
1000,12.60
388,6.10
592,6.01
642,6.02
881,0.00
672,12.54
342,6.10
151,5.97
861,6.05
807,6.06
260,6.00
13,6.09
709,0.00
438,6.10
436,6.10
417,6.20
646,0.00
947,6.26
561,6.27
130,0.00
392,6.34
293,6.17
320,6.13
517,6.11
852,0.00
875,6.30
451,0.00
642,6.44
696,6.52
376,6.27
103,6.36
708,6.39
743,6.40
943,12.95
237,6.55
233,6.43
787,0.00
670,6.67
832,0.00
880,6.72
303,6.70
373,6.73
315,6.61
217,0.00
940,19.65
711,0.00
95,6.86
106,6.84
841,0.00
120,6.77
632,6.80
854,13.04
47,6.77
474,0.00
736,0.00
771,6.60
409,0.00
332,6.65
70,6.68
445,0.00
184,6.51
864,0.00
422,6.56
225,6.63
408,6.48
763,0.00
41,6.50
260,6.50
440,6.55
11,6.57
215,6.48
813,0.00
778,6.38
625,6.45
66,6.39
783,6.37
809,6.38
78,6.37
128,6.37
810,0.00
886,6.39
542,6.42
136,6.33
238,6.36
661,6.42
566,6.40
756,6.51
510,0.00
517,0.00
491,6.34
613,0.00
331,12.37
680,6.25
493,6.33
438,0.00
274,6.24
706,6.15
157,6.37
754,6.22
992,0.00
53,6.38
737,0.00
780,6.31
204,6.10
186,6.14
95,5.98
423,5.93
562,5.94
361,0.00
675,5.94
561,6.03
345,5.86
948,0.00
229,5.91
935,6.09
589,12.52
540,5.95
646,0.00
881,5.87
483,5.93
619,5.88
770,5.96
858,12.55
180,6.02
883,5.80
24,5.88
496,5.93
156,5.93
759,12.71
248,0.00
697,12.80
753,6.02
225,5.97
627,6.06
40,6.16
606,0.00
338,12.72
970,6.07
717,6.09
449,6.04
894,6.14
553,0.00
120,6.18
396,6.23
912,6.22
534,0.00
99,6.26
215,6.32
414,6.20
722,0.00
376,6.24
305,6.26
478,0.00
429,0.00
522,0.00
321,6.24
251,6.32
727,0.00
998,6.26
612,0.00
433,6.41
517,0.00
254,6.53
502,12.68
111,6.47
101,0.00
870,0.00
313,6.36
899,6.37
306,6.25
909,0.00
350,6.38
289,6.46
931,6.33
441,6.34
114,6.34
358,6.26
578,0.00
178,6.36
36,6.38
69,6.15
87,0.00
548,6.00
275,0.00
395,12.36
915,12.29
817,18.41
256,12.33
593,6.19
11,6.24
368,6.13
161,6.13
936,6.21
720,6.26
875,0.00
229,6.14
116,6.21
694,6.19
692,6.26
714,0.00
846,12.36
610,6.24
551,0.00
640,6.13
258,6.27
942,12.02
210,6.29
382,6.23
304,6.22
220,6.06
825,6.07
726,6.20
890,6.18
16,6.13
941,6.22
688,12.23
310,6.38
14,6.15
714,0.00
330,6.22
891,0.00
433,6.16
148,6.24
605,0.00
456,12.49
970,6.34
512,6.35
311,6.35
623,6.23
923,0.00
397,6.42
435,6.31
325,6.21
23,6.28
316,6.28
583,6.28
551,0.00
769,6.27
165,6.19
575,6.20
176,6.30
41,6.33
273,6.29
396,6.21
306,0.00
470,0.00
67,6.23
47,6.25
94,6.14
450,0.00
785,5.97
458,6.04
49,6.14
746,0.00
790,6.06
906,6.10
855,12.55
138,6.18
45,6.09
780,12.37
231,6.13
643,0.00
553,6.20
358,6.18
445,6.18
697,0.00
512,0.00
389,6.16
38,6.16
125,6.16
101,6.22
966,0.00
518,12.34
674,6.26
306,6.12
122,6.17
154,6.10
246,6.12
447,5.99
595,0.00
97,6.01
263,5.91
981,0.00
340,0.00
560,6.02
650,6.06
582,0.00
699,5.91
489,5.97
264,5.90
731,5.84
351,0.00
132,5.91
165,5.85
533,0.00
653,5.78
678,0.00
957,6.09
298,6.12
470,6.06
123,6.14
895,0.00
333,12.15
757,6.08
312,6.13
492,0.00
738,0.00
878,0.00
194,6.06
463,6.06
186,6.02
571,0.00
859,6.01
749,5.97
7,5.98
990,0.00
894,5.99
449,5.75
311,5.78
353,5.79
438,5.77
322,5.71
791,5.70
299,5.83
470,12.12
837,5.87
299,5.87
339,5.76
672,5.73
995,5.87
334,5.88
58,0.00
170,5.90
303,5.75
331,0.00
502,5.75
79,5.83
150,5.90
221,5.83
591,5.73
513,0.00
928,0.00
388,5.83
617,0.00
948,5.94
384,6.05
189,5.94
924,5.79
650,5.82
9,5.82
131,5.74
422,5.72
561,0.00
283,5.80
267,5.80
514,0.00
388,5.83
342,5.90
224,5.80
383,5.78
756,0.00
191,5.74
245,0.00
126,5.82
287,5.80
862,5.80
1000,11.90
886,6.00
60,5.89
142,5.91
730,5.91
846,5.97
463,5.84
216,5.96
322,5.95
184,5.89
266,5.87
727,0.00
117,5.66
82,5.54
995,0.00
815,5.53
97,5.70
428,5.67
448,5.68
973,5.71
102,5.79
194,5.72
658,0.00
81,5.53
680,5.62
257,5.64
579,5.53
624,5.58
815,0.00
902,5.73
641,5.80
262,5.78
445,5.80
561,5.78
979,11.70
799,11.80
975,5.95
601,6.22
308,5.98
344,5.97
291,6.02
535,0.00
909,6.01
241,6.05
316,6.08
367,6.05
918,6.09
756,6.17
641,5.97
707,0.00
154,6.10
354,6.10
898,6.02
793,0.00
88,6.04
310,6.02
242,6.15
550,6.15
538,0.00
552,6.24
229,6.28
337,6.11
489,0.00
582,0.00
122,6.08
155,6.06
837,6.14
801,6.25
4,6.23
444,6.13
553,6.28
643,0.00
921,6.21
481,6.33
233,6.41
942,0.00
428,6.33
431,0.00
931,6.40
257,6.46
773,0.00
461,6.47
834,6.53
39,6.68
426,0.00
706,12.43
96,6.74
522,0.00
821,6.62
399,6.63
627,6.54
274,6.56
715,12.35
998,6.58
770,0.00
128,6.61
247,6.62
637,6.56
316,6.56
220,6.60
574,6.55
515,6.66
361,6.47
398,6.47
85,6.53
347,6.55
322,6.59
53,6.50
993,0.00
304,6.62
104,6.57
2,6.56
394,0.00
820,6.58
725,0.00
53,6.21
241,6.16
138,6.16
351,6.19
804,0.00
544,0.00
536,0.00
893,0.00
551,6.09
720,12.18
623,6.30
592,6.35
221,6.15
891,0.00
729,6.29
263,6.31
385,6.24
146,6.36
997,0.00
28,6.32
998,6.34
709,6.49
277,6.49
530,0.00
787,6.57
781,6.50
101,6.37
157,6.37
279,6.33
743,6.24
658,6.28
5,6.23
234,6.29
311,6.28
602,0.00
256,6.19
791,12.39
413,6.27
939,12.52
22,6.25
927,12.47
597,0.00
760,6.17
780,0.00
740,6.29
459,6.40
110,0.00
475,0.00
133,6.41
821,0.00
591,6.41
253,6.37
468,6.23
880,0.00
883,6.27
150,6.44
264,6.33
171,0.00
732,6.33
740,6.39
845,6.54
49,6.40
412,13.05
456,6.46
802,6.48
812,12.93
39,6.48
191,6.43
336,6.44
102,6.47
105,6.44
452,6.42
194,6.34
325,6.26
584,0.00
636,0.00
568,0.00
33,6.40
798,0.00
267,6.24
320,6.24
204,0.00
172,6.24
825,12.86
968,6.56
294,6.58
703,0.00
56,6.78
520,6.72
83,6.75
24,6.58
238,0.00
36,6.62
396,6.58
7,6.54
859,0.00
813,6.46
831,0.00
458,12.54
287,6.39
145,6.40
912,0.00
825,6.31
653,6.18
174,6.31
159,6.07
478,0.00
536,6.06
937,6.07
438,6.10
72,5.98
581,6.15
489,0.00
824,6.23
922,6.24
645,6.41
886,0.00
746,6.32
355,6.40
345,6.43
790,0.00
162,6.31
907,6.28
79,6.29
117,6.21
439,6.23
208,6.12
56,6.03
759,5.98
58,6.10
431,6.00
395,6.01
35,5.97
379,5.96
710,0.00
778,5.93
435,5.96
680,5.80
730,0.00
918,12.34
16,5.86
799,5.84
925,5.95
641,5.92
383,6.00
274,5.87
769,12.27
364,6.06
773,0.00
132,5.95
681,5.97
727,5.97
227,6.13
129,6.11
654,6.11
251,6.20
468,6.11
225,6.22
765,12.30
337,6.07
52,5.95
512,0.00
939,5.81
291,5.78
605,0.00
482,5.65
355,5.73
559,5.71
186,0.00
217,0.00
510,5.70
940,5.84
735,5.94
689,5.92
87,6.05
53,5.82
577,0.00
761,5.75
993,5.91
761,5.94
13,5.87
145,5.96
999,0.00
682,5.80
884,5.95
991,6.05
859,0.00
292,6.14
410,6.15
616,6.24
356,6.25
2,6.14
902,0.00
268,6.08
45,6.11
689,0.00
934,12.37
203,5.82
305,5.80
542,5.78
318,5.83
780,12.25
526,5.84
206,5.85
689,0.00
785,6.09
581,0.00
125,5.95
62,5.98
415,0.00
772,0.00
826,6.02
524,6.12
942,6.14
551,0.00
947,6.24
198,6.46
667,6.46
755,6.50
857,6.33
660,6.47
134,6.48
927,6.49
502,0.00
118,6.60
753,6.51
529,6.51
371,0.00
354,6.37
388,6.54
699,0.00
998,6.51
571,0.00
609,6.67
195,6.73
246,6.56
626,6.56
123,6.67
393,6.61
524,0.00
310,6.63
922,0.00
538,12.78
93,6.83
909,6.90
201,6.84
483,0.00
624,0.00
963,13.10
370,7.05
377,7.10
160,7.17
276,7.19
955,0.00
141,7.15
486,7.19
856,7.23
603,7.32
305,7.41
837,13.19
115,7.25
459,0.00
825,0.00
919,7.43
185,7.60
970,7.63
482,7.46
219,7.60
583,0.00
74,7.50
559,0.00
141,7.44
317,7.38
143,7.31
275,7.25
906,0.00
717,7.37
308,7.30
779,0.00
339,7.31
49,7.39
34,7.41
695,13.28
820,7.39
409,7.45
693,0.00
296,7.54
178,7.51
9,7.48
217,7.55
537,0.00
720,19.81
671,7.40
131,7.42
63,7.32
454,7.27
231,7.27
630,0.00
603,7.18
290,7.18
18,7.02
447,0.00
124,6.96
856,0.00
436,6.92
871,0.00
508,6.95
734,7.01
165,6.92
774,0.00
704,6.89
238,6.94
331,6.77
110,6.90
939,6.76
413,6.57
120,6.61
542,6.67
177,6.67
980,0.00
461,6.65
759,0.00
554,6.84
899,0.00
832,6.76
677,6.68
525,6.62
451,6.60
997,13.87
35,6.70
626,0.00
911,6.52
830,0.00
525,6.66
264,6.40
86,6.36
690,6.37
298,6.39
598,13.60
590,0.00
934,0.00
858,13.90
790,13.64
14,6.05
220,5.93
282,0.00
512,5.96
571,0.00
547,0.00
49,6.21
808,6.15
522,0.00
953,6.13
537,0.00
743,6.01
270,6.10
767,0.00
712,13.54
284,6.15
712,6.10
239,6.23
833,6.00
327,6.16
794,0.00
167,6.24
425,6.20
988,6.21
164,6.22
337,6.18
612,0.00
373,6.35
262,0.00
310,0.00
821,6.36
969,6.44
657,6.59
749,6.69
179,6.75
219,6.59
105,6.60
943,6.51
33,6.69
666,0.00
824,13.57
607,13.38
664,13.53
646,13.40
109,6.67
657,0.00
928,6.74
131,6.55
352,6.60
522,0.00
682,13.53
585,13.22
251,6.75
520,6.63
781,6.72
333,6.80
337,6.72
198,6.61
286,6.46
617,0.00
598,6.53
372,6.58
736,13.27
675,6.61
695,13.10
486,6.51
335,6.36
455,0.00
895,6.59
996,20.28
719,13.22
405,6.70
218,6.67
335,6.75
834,6.78
93,6.81
1000,6.69
647,0.00
779,6.88
755,7.16
563,7.20
144,7.20
444,7.16
85,7.12
20,7.14
711,7.01
536,7.10
780,13.15
682,13.15
85,7.23
982,0.00
561,7.23
331,7.12
74,7.05
351,7.04
433,0.00
359,7.02
962,13.06
317,7.08
621,6.78
802,13.01
333,6.87
480,0.00
772,6.98
54,6.97
506,0.00
175,6.81
967,0.00
218,6.54
22,6.48
9,6.48
464,6.47
636,6.52
577,6.34
405,6.46
224,6.49
607,13.09
850,12.90
202,6.39
34,6.24
404,6.29
123,6.12
606,6.04
237,6.12
567,6.12
748,6.13
206,6.05
254,6.00
359,6.05
179,6.03
554,6.03
216,0.00
717,0.00
802,5.87
493,6.00
105,12.61
808,6.12
220,6.15
340,6.00
936,6.17
21,5.98
243,5.90
352,12.51
792,18.79
599,5.80
118,5.55
335,5.55
169,5.62
717,5.66
253,5.77
521,0.00
856,12.38
661,12.38
16,5.21
790,12.38
5,5.24
481,0.00
325,0.00
46,5.20
131,5.19
67,5.09
528,0.00
355,5.18
807,0.00
334,5.14
720,5.07
563,12.27
939,12.45
176,5.11
601,0.00
218,5.19
303,5.26
940,0.00
179,5.28
460,0.00
680,5.31
823,12.26
205,5.21
230,5.05
433,5.12
442,5.02
988,11.99
776,5.08
176,0.00
809,5.14
666,5.22
672,5.22
160,5.29
465,5.39
484,5.40
946,5.42
222,5.57
828,0.00
359,5.46
645,5.43
770,0.00
762,5.58
707,11.95
905,11.95
94,5.93
910,11.96
103,5.80
646,0.00
538,5.88
844,5.97
104,5.89
227,5.84
5,5.84
180,5.84
919,0.00
24,6.05
352,5.91
899,0.00
323,5.83
166,5.82
660,0.00
512,11.83
387,6.00
309,6.01
888,5.90
983,6.06
426,0.00
767,0.00
204,6.32
99,6.37
979,6.40
715,6.49
784,18.95
787,6.60
383,6.61
578,0.00
88,6.56
536,0.00
732,18.94
601,6.79
465,0.00
951,0.00
675,6.72
35,0.00
880,33.03
262,6.85
834,6.79
646,0.00
958,6.92
507,0.00
461,6.97
191,6.78
831,12.13
68,6.87
302,0.00
94,6.87
475,0.00
245,6.83
556,6.84
126,6.78
17,0.00
156,6.82
237,6.69
549,0.00
615,12.12
517,12.15
494,0.00
623,19.00
376,12.02
123,6.98
276,6.85
561,6.95
804,18.86
279,7.06
392,7.02
407,0.00
317,6.91
133,6.92
215,6.87
775,0.00
803,6.83
506,0.00
697,6.92
166,6.90
400,0.00
858,6.79
521,0.00
532,0.00
141,18.73
822,0.00
911,0.00
380,12.75
640,6.98
129,6.83
976,0.00
970,0.00
842,0.00
244,7.15
603,0.00
492,0.00
779,7.15
596,0.00
370,7.28
922,7.28
58,7.44
514,0.00
282,7.24
215,7.25
786,0.00
665,7.23
788,7.14
308,7.26
214,7.10
514,0.00
906,0.00
761,13.65
478,0.00
917,6.86
743,6.91
65,6.88
968,6.80
285,0.00
382,6.78
829,13.67
417,7.09
736,0.00
525,6.97
890,6.91
313,6.98
147,7.00
741,0.00
866,7.01
963,7.16
836,14.13
615,14.21
100,7.14
596,7.30
40,7.36
510,7.35
46,7.30
494,7.27
644,0.00
465,0.00
937,19.26
277,0.00
894,0.00
917,7.39
967,7.40
590,7.52
766,7.63
856,7.39
98,7.48
146,7.52
580,7.50
936,0.00
733,7.47
534,0.00
833,7.50
373,7.45
671,7.51
589,7.52
774,7.68
749,7.48
704,7.54
870,0.00
896,26.53
438,0.00
593,7.47
80,7.48
231,7.41
333,7.33
248,0.00
345,14.31
267,7.14
223,0.00
386,7.29
522,0.00
899,14.38
404,7.26
223,7.04
464,7.10
396,6.94
113,7.03
907,6.97
196,7.08
574,0.00
67,6.97
154,6.78
826,6.72
979,0.00
230,6.73
579,6.73
732,13.87
961,13.86
682,6.96
235,7.01
651,0.00
927,6.86
348,6.97
606,6.97
440,7.02
197,6.87
141,6.71
747,0.00
369,13.73
827,6.76
922,0.00
116,6.70
202,6.78
962,0.00
641,6.62
980,6.67
228,6.64
464,13.89
452,13.83
249,6.63
814,6.57
209,6.59
853,6.56
718,0.00
124,6.56
416,6.61
65,6.51
699,6.48
328,6.60
616,0.00
134,6.46
816,13.75
636,6.46
447,6.54
348,6.38
847,0.00
84,6.41
90,6.49
736,0.00
664,6.36
850,6.35
206,6.37
412,6.38
641,0.00
808,0.00
177,13.86
985,6.34
242,6.35
322,5.96
734,13.42
859,20.46
652,26.25
279,6.12
120,6.01
389,5.95
86,0.00
56,5.95
619,5.80
812,5.85
641,5.88
50,5.96
361,5.90
855,0.00
169,5.93
347,0.00
298,5.85
445,5.90
368,0.00
661,5.85
777,5.87
598,12.77
489,0.00
722,5.90
669,0.00
473,12.70
778,19.81
830,5.95
991,19.64
324,5.92
780,5.82
105,5.83
237,5.73
249,5.92
374,5.92
571,0.00
396,12.77
174,6.01
773,0.00
489,6.04
354,6.05
81,6.05
755,0.00
161,6.14
771,0.00
864,12.64
631,0.00
972,12.71
349,12.73
149,6.15
219,6.20
171,6.27
702,0.00
283,6.28
272,6.32
242,6.27
216,6.16
764,0.00
395,0.00
64,6.24
66,6.18
456,0.00
513,6.12
215,6.18
253,6.03
823,5.98
687,6.07
3,6.10
664,0.00
749,6.05
186,6.05
544,6.04
417,6.13
220,6.07
129,5.97
689,6.02
618,6.06
785,12.15
960,6.24
848,6.25
956,12.33
104,6.38
423,6.22
343,0.00
794,6.39
884,12.44
73,6.83
978,6.74
935,6.87
73,7.00
991,0.00
710,12.79
553,6.93
317,6.74
845,6.90
365,0.00
254,7.02
539,0.00
131,7.17
916,0.00
404,7.21
754,0.00
701,7.20
729,7.21
37,7.43
101,7.32
168,0.00
999,13.27
292,7.38
222,7.29
609,7.32
819,7.39
504,7.37
455,7.14
419,7.02
501,7.00
218,6.99
360,6.99
189,7.09
981,0.00
638,6.75
48,6.84
884,0.00
523,6.70
438,12.79
193,6.78
220,0.00
394,6.82
203,6.77
299,19.38
102,6.55
499,6.65
951,19.37
775,0.00
114,6.40
796,6.50
593,0.00
770,6.72
612,0.00
704,6.55
304,6.61
248,6.64
879,0.00
417,0.00
100,6.56
535,0.00
271,6.59
95,6.54
100,6.60
464,6.51
215,6.49
849,6.55
523,0.00
905,0.00
671,12.78
470,6.67
618,6.55
564,6.65
888,6.42
202,0.00
382,6.38
228,12.81
299,6.52
196,6.31
69,6.13
397,6.08
745,0.00
861,5.94
939,0.00
74,5.99
867,0.00
182,12.75
822,5.72
882,12.83
928,5.73
404,5.75
460,0.00
380,5.76
817,5.54
411,0.00
425,5.66
396,5.71
737,0.00
601,0.00
92,12.87
687,5.70
739,0.00
42,12.88
537,5.63
545,13.00
524,13.09
3,5.86
572,0.00
583,5.97
77,5.84
494,5.73
517,5.75
768,0.00
608,5.76
648,0.00
681,5.84
601,5.88
744,5.69
952,5.85
768,5.91
10,0.00
663,12.48
705,18.66
429,12.40
365,5.99
553,0.00
553,5.86
187,6.01
886,5.80
77,5.89
337,5.77
794,5.77
353,5.79
48,5.75
501,5.64
11,5.77
542,0.00
444,5.72
641,5.69
224,5.77
634,0.00
55,5.80
128,5.73
777,0.00
1000,5.69
603,5.75
21,5.66
913,5.69
789,12.21
914,5.86
331,5.87
922,0.00
80,5.87
77,5.96
412,5.94
167,6.02
774,5.93
506,6.01
706,0.00
649,5.91
837,0.00
813,11.89
421,6.10
754,6.16
428,6.10
605,6.09
212,6.12
498,0.00
988,6.06
642,6.01
816,6.13
700,0.00
918,11.87
91,6.24
955,6.26
956,24.98
310,6.22
117,6.31
91,6.19
609,0.00
677,6.14
455,0.00
346,11.90
794,6.25
298,6.24
844,0.00
708,6.28
120,6.37
839,6.38
277,6.42
790,0.00
357,6.44
747,6.44
864,6.44
552,6.63
580,0.00
152,6.44
302,6.53
822,12.38
503,12.33
821,12.47
207,6.48
770,12.45
674,6.57
809,6.39
57,6.41
711,0.00
90,6.43
70,6.39
655,6.40
320,0.00
348,6.26
873,12.08
877,0.00
45,6.42
103,6.33
88,6.42
447,0.00
58,6.36
756,0.00
233,6.32
405,0.00
771,12.08
901,18.82
172,6.31
185,6.28
234,6.24
760,12.05
581,6.25
899,6.26
45,6.07
150,6.17
4,6.07
763,0.00
294,6.16
135,6.14
356,6.06
134,6.07
378,5.95
967,0.00
413,5.92
649,12.10
252,5.94
508,0.00
431,5.91
777,5.85
666,0.00
395,0.00
691,5.81
623,5.82
635,11.90
977,5.74
48,5.84
622,0.00
437,12.12
77,5.77
264,0.00
906,11.91
489,5.60
219,5.55
999,11.83
677,0.00
427,5.61
301,5.67
833,0.00
55,5.65
540,0.00
681,5.50
432,0.00
403,0.00
525,5.54
277,5.57
522,0.00
643,5.49
313,5.58
289,5.47
180,5.44
545,0.00
913,11.92
7,5.42
71,5.29
637,5.35
907,5.44
90,5.39
239,0.00
979,5.41
908,5.42
495,5.45
762,5.57
476,5.67
935,5.66
736,5.76
426,5.97
747,12.06
577,5.84
811,18.10
126,5.97
766,5.93
931,12.51
419,6.09
736,6.06
291,6.04
40,6.12
564,0.00
931,6.10
145,6.08
236,6.01
224,0.00
315,6.09
51,6.01
148,0.00
310,0.00
566,6.03
621,6.19
203,5.96
5,5.96
880,5.93
536,0.00
588,6.13
473,6.12
586,6.22
395,18.17
305,6.30
108,6.09
843,0.00
683,6.08
158,6.14
946,6.09
354,6.02
117,6.02
904,6.00
975,6.19
860,6.28
525,6.20
804,0.00
315,6.18
495,0.00
730,6.18
288,0.00
798,11.90
570,11.85
41,6.26
116,0.00
525,6.39
308,6.23
312,6.08
30,6.05
315,5.91
897,5.95
326,6.02
222,6.04
331,6.05
782,0.00
368,6.05
831,6.00
246,6.13
477,6.08
200,5.99
328,0.00
281,6.03
645,0.00
256,6.11
687,6.16
943,17.98
596,6.14
26,0.00
972,11.79
432,11.61
754,6.24
764,0.00
532,6.34
224,6.44
892,0.00
605,6.30
426,6.30
513,0.00
582,6.16
340,5.95
92,5.97
451,5.83
494,0.00
979,11.84
370,5.84
816,5.92
515,0.00
957,6.11
904,0.00
768,6.28
252,6.30
903,6.28
922,6.34
466,6.35
269,6.46
49,6.45
277,6.45
791,6.45
874,6.55
461,6.51
253,6.48
961,0.00
668,6.44
892,6.50
357,6.43
591,6.40
380,0.00
67,6.49
544,6.43
723,12.55
65,6.50
173,6.31
700,0.00
561,0.00
382,6.21
795,0.00
465,6.16
647,0.00
29,6.10
48,6.18
818,6.13
390,6.22
26,6.23
919,18.11
333,6.12
389,12.41
867,12.56
180,6.31
297,6.21
389,6.16
99,6.11
467,6.05
249,6.27
742,0.00
357,6.18
703,6.18
6,6.20
877,6.16
862,0.00
880,6.26
503,6.36
38,6.46
968,6.33
398,6.34
597,6.33
459,6.44
31,6.32
491,6.29
190,6.30
439,0.00
188,6.26
489,0.00
154,6.00
500,0.00
701,12.22
328,5.98
856,6.02
16,6.07
527,0.00
804,6.02
967,0.00
878,6.22
607,6.25
183,6.14
315,6.27
251,6.28
476,0.00
599,6.21
245,6.35
795,0.00
262,6.23
177,6.11
381,6.04
922,0.00
240,6.09
361,5.94
172,5.95
748,5.84
433,5.97
150,5.81
442,0.00
958,0.00
155,5.99
768,0.00
191,5.98
656,0.00
857,18.63
318,5.99
605,6.00
846,12.49
621,5.95
50,6.16
138,6.15
264,6.11
728,0.00
993,30.66
79,6.28
830,0.00
754,6.16
178,6.28
530,6.37
62,6.28
118,6.31
815,6.24
880,6.35
195,6.20
39,0.00
111,6.23
825,6.27
223,6.25
211,0.00
213,6.26
119,6.31
212,12.42
949,18.72
899,12.51
818,12.61
362,6.46
948,6.50
816,0.00
634,6.48
399,6.60
347,6.46
320,6.45
708,0.00
988,0.00
69,6.39
328,6.41
778,0.00
626,12.56
499,6.33
235,0.00
243,6.42
305,6.33
377,6.32
3,6.58
648,0.00
695,6.42
33,6.43
737,6.39
144,6.45
534,0.00
486,0.00
619,6.34
276,6.41
640,6.31
212,6.35
260,6.13
500,0.00
568,6.16
119,6.07
215,6.15
40,6.03
44,5.84
226,0.00
902,5.71
67,5.76
487,5.73
279,0.00
561,5.83
20,5.73
852,5.72
500,0.00
656,5.76
672,11.70
149,5.91
403,5.79
651,0.00
939,5.77
299,5.78
836,5.77
235,5.82
200,5.66
466,0.00
901,5.75
487,11.76
167,5.76
206,5.55
543,5.59
882,5.59
934,11.79
318,5.70
224,5.66
230,5.78
236,5.73
696,0.00
465,5.63
515,5.71
8,5.74
237,5.74
578,5.64
447,0.00
163,5.67
691,5.65
239,5.75
91,5.72
246,5.81
593,0.00
60,5.76
679,12.00
499,11.92
148,5.77
69,0.00
895,5.88
632,5.75
148,5.86
105,5.64
733,11.88
55,5.61
308,0.00
64,5.60
318,5.47
323,5.37
307,5.37
159,0.00
681,0.00
913,5.36
507,0.00
927,5.35
571,0.00
660,5.50
204,5.42
579,0.00
157,5.23
176,5.35
583,0.00
63,5.38
867,0.00
915,5.45
298,5.61
456,0.00
538,5.59
613,0.00
274,5.61
233,5.65
371,5.66
673,5.62
596,5.62
701,5.56
819,5.76
684,5.84
595,0.00
666,6.00
731,6.00
387,6.04
113,6.08
74,6.09
855,0.00
304,6.01
194,5.87
628,5.87
985,5.98
354,0.00
999,5.85
852,5.97
619,5.86
39,6.03
630,0.00
701,6.12
504,6.22
700,0.00
137,6.15
910,0.00
180,6.21
313,6.26
728,0.00
275,6.13
539,0.00
14,6.07
562,0.00
387,6.01
366,5.96
608,5.90
275,5.93
763,0.00
441,0.00
638,11.72
225,6.12
744,0.00
537,6.06
311,0.00
33,6.17
129,6.16
621,6.10
601,6.21
259,6.16
973,0.00
404,5.95
503,6.05
866,6.21
212,6.29
157,6.31
997,6.27
553,6.27
375,6.48
881,6.29
30,6.42
512,0.00
483,6.36
525,6.34
165,6.45
798,6.24
153,6.25
255,6.17
975,24.46
560,11.74
64,6.13
840,6.24
73,6.19
158,6.18
386,6.17
337,6.00
731,0.00
825,6.10
9,6.21
279,6.26
272,6.15
658,6.10
913,6.16
940,6.25
888,6.35
118,6.36
188,6.34
864,6.16
466,6.23
521,0.00
333,6.03
993,6.02
982,6.07
12,6.16
841,0.00
415,6.16
765,6.15
620,0.00
593,6.35
894,12.20
337,6.50
798,0.00
701,12.37
738,6.45
406,6.46
751,6.29
38,6.45
262,6.28
477,6.09
494,0.00
572,6.25
95,6.20
750,6.15
381,6.13
452,6.03
497,0.00
624,6.00
254,6.14
103,6.18
120,6.17
972,0.00
831,6.28
549,0.00
615,6.34
208,6.25
971,6.25
221,6.42
177,6.26
609,6.20
598,0.00
991,6.27
388,0.00
136,6.35
205,6.33
749,6.16
679,6.24
541,6.09
460,0.00
969,17.85
217,6.29
352,6.10
53,6.09
408,5.97
880,0.00
782,0.00
751,6.22
265,6.21
666,0.00
834,6.33
197,6.39
593,0.00
956,17.82
337,6.28
383,6.30
197,6.26
209,6.19
37,6.15
253,6.12
834,0.00
295,6.18
824,0.00
897,6.11
559,0.00
992,6.00
296,6.03
321,6.07
904,0.00
693,6.04
999,6.16
386,6.26
138,6.17
212,6.25
550,0.00
604,6.19
195,6.18
477,0.00
765,0.00
833,6.02
591,0.00
411,5.99
980,5.97
527,6.02
168,6.02
728,5.93
757,12.23
878,6.11
668,0.00
458,0.00
831,6.25
881,6.39
56,6.40
456,6.41
138,6.50
565,0.00
61,6.26
374,6.25
203,6.25
298,6.14
677,0.00
574,6.11
886,6.17
412,6.05
18,6.15
192,5.98
699,6.00
16,6.11
297,5.97
763,0.00
461,0.00
104,12.40
941,12.24
961,6.14
347,6.10
446,6.06
541,0.00
519,0.00
408,6.09
789,0.00
287,6.15
118,6.12
663,6.09
166,6.17
792,6.17
225,6.27
247,6.07
244,6.03
490,5.93
349,0.00
690,5.99
811,12.21
889,12.25
356,12.44
244,6.27
546,6.06
917,6.09
105,6.17
731,6.12
986,6.20
439,6.22
118,6.27
722,6.27
745,0.00
743,6.25
84,6.35
85,6.30
884,18.44
114,6.33
921,12.35
47,6.21
369,0.00
361,6.34
163,6.15
667,6.14
970,0.00
156,6.04
150,6.07
151,6.12
668,6.03
838,6.03
423,6.07
582,0.00
398,6.05
951,12.02
179,6.05
244,6.06
198,6.01
944,11.94
245,5.90
465,5.80
352,5.81
100,5.77
97,5.61
654,5.47
363,5.54
771,5.45
558,5.50
278,5.62
687,5.65
173,5.69
868,0.00
4,5.67
779,0.00
341,5.59
724,0.00
53,5.63
383,5.70
240,5.62
28,5.59
711,0.00
88,5.56
323,5.57
167,5.49
868,11.43
286,5.46
600,5.41
103,5.32
245,5.40
272,5.25
25,5.26
357,5.18
218,0.00
747,0.00
993,5.30
779,5.34
664,0.00
222,5.45
417,11.52
159,5.50
922,17.63
336,5.38
339,0.00
228,5.16
453,0.00
989,17.93
860,11.47
466,5.39
802,0.00
449,5.24
136,5.25
459,5.20
119,5.32
768,5.25
59,5.41
506,5.29
537,0.00
732,5.40
241,5.46
54,5.47
808,5.41
189,5.47
126,5.31
736,5.36
489,5.43
449,5.54
767,5.35
946,5.42
679,5.52
437,0.00
882,5.45
471,0.00
623,0.00
736,5.53
436,5.55
822,0.00
152,5.67
777,0.00
567,5.69
921,5.75
285,5.60
768,0.00
535,5.78
433,11.66
743,5.74
903,5.86
507,5.92
742,11.35
364,5.84
591,0.00
902,5.84
610,0.00
494,6.00
801,6.05
793,6.12
479,0.00
946,6.30
829,0.00
32,6.24
75,6.32
873,6.28
742,0.00
108,6.40
577,0.00
480,6.40
480,0.00
574,6.61
486,6.80
760,6.71
913,0.00
808,6.78
321,6.86
716,7.00
237,7.00
648,0.00
625,0.00
963,6.90
155,7.05
164,7.13
833,0.00
970,0.00
723,7.08
573,7.19
420,12.39
965,12.43
120,7.28
978,12.61
107,7.19
1000,12.61
84,7.22
620,7.30
290,7.38
806,0.00
817,7.31
30,7.32
713,7.38
52,7.42
86,7.25
654,0.00
85,0.00
886,0.00
225,7.29
368,7.28
114,7.40
980,0.00
643,7.43
68,7.49
482,0.00
84,7.46
483,0.00
669,7.59
503,0.00
161,7.44
219,7.47
515,0.00
583,7.35
692,7.31
374,0.00
816,7.32
884,0.00
843,7.29
581,0.00
12,7.45
755,0.00
341,13.04
650,7.46
609,0.00
755,7.43
763,25.24
319,7.52
25,0.00
902,7.61
121,13.28
935,7.54
199,7.70
409,7.59
493,0.00
648,13.56
647,7.59
828,7.85
307,7.64
362,7.58
827,0.00
800,7.41
254,7.28
40,7.36
935,0.00
858,7.22
316,7.40
172,7.23
426,0.00
236,7.28
226,7.21
34,7.17
739,0.00
993,13.67
762,7.10
269,7.11
1,7.03
842,0.00
686,6.93
382,7.15
924,0.00
126,7.02
19,6.93
361,6.85
362,0.00
310,0.00
532,6.91
546,0.00
795,0.00
33,6.84
898,6.84
631,6.77
91,6.87
437,0.00
139,6.69
812,0.00
854,6.60
595,0.00
502,0.00
842,13.88
484,6.58
790,6.58
164,6.62
777,6.57
417,0.00
165,6.60
382,6.61
806,0.00
878,6.46
111,6.52
5,6.49
45,6.37
369,6.36
53,6.33
270,6.34
932,6.24
644,6.20
320,0.00
180,6.17
893,0.00
157,6.08
577,0.00
70,6.17
861,6.16
672,0.00
69,6.08
768,6.10
932,6.23
479,6.24
357,6.28
550,0.00
330,6.20
452,6.23
277,6.23
290,6.21
732,13.77
374,6.16
669,6.11
24,6.26
636,0.00
413,0.00
578,6.35
358,6.39
688,13.68
885,6.33
85,6.34
132,6.34
573,0.00
469,6.35
735,0.00
112,6.32
719,6.32
76,6.37
440,0.00
51,6.25
229,6.26
189,6.23
238,6.09
648,6.12
488,5.97
439,0.00
450,6.04
226,6.12
155,5.90
1,0.00
308,0.00
737,5.83
188,5.83
82,0.00
258,0.00
218,5.80
739,0.00
661,5.83
369,0.00
835,5.76
277,5.88
728,12.78
599,5.94
66,5.96
69,5.87
73,5.88
514,5.80
556,5.83
196,5.77
55,5.86
324,5.80
205,12.35
435,5.66
193,5.69
684,0.00
955,5.65
530,5.78
906,5.58
519,0.00
183,5.71
328,5.74
94,5.72
935,12.05
679,5.76
166,5.65
238,5.79
141,5.69
146,0.00
441,5.79
450,5.79
794,5.81
412,5.75
907,12.08
996,5.88
357,5.90
186,5.92
234,5.75
806,5.75
5,5.92
92,5.83
103,5.74
607,0.00
29,5.68
652,5.52
165,5.59
79,5.45
182,5.36
94,11.46
702,5.40
880,0.00
724,5.33
64,5.34
60,5.35
536,5.20
235,5.28
205,5.18
657,0.00
110,5.12
524,0.00
833,5.13
593,5.20
808,5.21
281,5.11
219,5.09
111,5.13
562,0.00
766,5.11
444,5.07
770,5.19
863,5.11
252,5.28
391,5.33
640,5.36
919,5.36
959,11.65
462,5.61
693,5.49
715,5.49
631,5.59
793,5.64
142,47.26
736,47.49
830,47.56
27,47.60
690,0.00
526,0.00
947,47.59
313,47.48
8,0.00
99,47.55
953,47.66
383,47.68
32,47.73
584,0.00
105,47.80
526,0.00
234,47.85
293,47.92
318,47.91
78,47.99
839,0.00
856,53.51
494,0.00
699,47.73
501,47.81
84,47.84
351,0.00
250,47.84
112,47.75
524,0.00
998,53.57
808,47.78
124,47.83
924,0.00
991,60.08
373,47.93
780,53.99
229,47.93
640,47.84
699,47.87
414,47.91
953,47.96
939,47.86
569,0.00
912,47.99
98,48.05
698,48.04
844,48.15
212,0.00
486,48.26
769,48.27
269,48.08
317,0.00
894,48.14
106,48.27
372,48.14
971,0.00
546,0.00
275,48.39
674,48.40
571,53.50
127,48.40
657,0.00
651,48.35
532,0.00
701,48.49
428,48.55
281,48.40
977,53.52
253,48.37
458,48.27
206,48.34
631,0.00
617,48.34
921,48.18
954,48.23
217,48.24
298,48.12
917,53.85
961,6.34
675,6.40
56,6.47
980,6.43
91,0.00
393,6.64
987,6.48
978,6.55
176,6.51
129,6.40
148,6.49
334,6.33
443,0.00
97,6.33
110,6.30
266,6.22
655,6.22
308,6.21
698,6.27
149,6.28
915,0.00
790,6.13
980,6.17
512,0.00
733,0.00
342,6.38
975,0.00
293,6.42
221,6.32
660,0.00
110,6.40
363,0.00
576,0.00
434,54.45
568,6.33
906,6.20
374,0.00
886,6.32
509,0.00
893,54.20
993,54.37
646,6.45
263,6.57
626,0.00
932,6.49
237,6.44
355,0.00
737,6.46
84,6.48
655,6.51
267,6.60
432,0.00
534,0.00
234,6.44
197,6.41
126,6.23
73,6.15
713,0.00
227,6.22
794,0.00
367,6.32
410,6.15
511,54.50
343,6.22
682,0.00
288,6.18
811,0.00
461,54.75
870,6.32
790,6.27
465,6.38
182,6.39
944,0.00
485,6.32
303,0.00
292,6.34
177,6.31
963,0.00
872,6.22
144,6.23
184,0.00
525,0.00
999,6.05
925,12.55
51,6.19
962,6.09
118,6.09
427,12.53
208,5.98
214,5.85
86,5.95
326,5.97
735,0.00
471,5.95
305,5.93
456,6.04
78,6.10
66,6.03
386,5.96
65,0.00
51,5.97
940,0.00
523,0.00
791,5.91
54,5.98
43,5.81
937,12.12
793,5.76
376,5.77
607,5.79
546,11.93
72,5.75
104,5.62
744,5.62
2,5.63
317,5.56
909,0.00
770,5.48
243,5.58
901,0.00
504,5.63
479,5.69
482,0.00
914,12.02
406,5.46
844,5.58
265,5.72
278,5.59
953,5.58
543,5.64
674,0.00
265,5.58
486,0.00
394,5.60
334,5.63
846,5.55
339,5.62
9,5.64
220,5.60
924,11.74
324,5.64
134,5.57
532,5.56
410,5.56
427,0.00
754,5.49
624,0.00
497,5.52
541,0.00
815,11.82
772,5.54
97,5.56
971,11.83
189,5.56
245,5.49
773,0.00
469,5.48
985,5.38
542,0.00
831,5.49
66,5.46
30,5.45
899,5.36
188,5.37
993,5.37
833,17.82
612,11.56
653,5.70
459,11.75
248,5.53
120,0.00
246,5.60
387,0.00
291,5.63
152,5.67
773,0.00
247,5.71
801,5.71
509,5.71
429,5.84
158,5.89
353,5.78
222,5.69
277,5.63
83,5.68
894,0.00
205,5.71
514,11.36
127,5.77
588,5.78
981,5.50
790,5.89
995,11.62
148,5.82
110,0.00
346,0.00
927,5.92
811,5.94
707,6.05
975,6.12
281,6.23
620,6.04
25,0.00
915,0.00
507,5.96
428,0.00
484,6.00
793,11.67
324,6.16
256,6.16
749,5.84
119,5.94
665,6.00
180,5.81
663,5.80
950,5.96
413,6.15
552,0.00
419,6.14
786,0.00
919,6.18
816,0.00
923,6.41
972,0.00
834,6.61
611,6.62
684,6.66
126,6.79
231,6.65
85,6.66
190,6.46
398,0.00
510,0.00
879,0.00
364,6.44
980,12.00
219,6.47
911,0.00
885,0.00
752,6.70
28,6.72
520,0.00
392,6.60
665,0.00
711,0.00
971,11.96
257,12.08
839,6.72
50,6.74
824,12.19
950,6.75
162,6.64
192,6.61
834,6.56
37,6.68
439,0.00
737,6.52
163,6.44
804,6.46
676,6.53
224,6.60
579,6.55
194,6.54
513,0.00
91,6.52
713,0.00
786,0.00
520,6.42
299,12.12
643,6.43
455,0.00
410,0.00
262,0.00
240,6.26
933,6.14
544,0.00
379,6.19
203,6.23
846,0.00
598,0.00
187,6.10
926,6.10
135,6.09
504,0.00
843,12.10
258,6.02
405,0.00
216,5.73
778,0.00
105,5.83
491,0.00
647,5.68
854,0.00
259,5.53
444,5.60
416,0.00
837,5.49
431,12.02
189,5.57
57,5.31
255,5.42
638,5.43
58,5.47
251,5.49
915,0.00
58,11.83
115,5.47
975,5.24
422,11.80
718,5.38
455,5.39
493,0.00
314,0.00
963,11.92
415,0.00
47,5.37
894,5.27
580,11.97
265,5.27
415,5.25
628,5.26
934,5.30
797,11.82
470,11.78
309,5.22
689,5.32
429,5.15
378,5.20
848,5.43
194,5.33
134,5.30
675,0.00
808,5.40
383,0.00
750,0.00
454,5.42
558,5.39
831,5.41
471,5.49
180,5.54
579,5.51
630,5.56
870,5.57
45,5.48
786,0.00
831,17.77
139,5.68
349,5.71
705,0.00
653,5.65
1000,5.66
463,0.00
849,5.66
289,5.58
175,5.79
597,0.00
503,5.65
780,11.80
957,5.70
760,5.73
147,5.79
214,5.66
734,11.40
829,5.61
608,5.62
784,0.00
875,5.75
753,5.93
534,5.75
52,0.00
111,5.88
55,5.90
191,5.83
451,5.90
72,5.91
589,5.84
514,5.67
49,5.76
405,5.71
438,5.74
820,0.00
484,5.74
673,5.80
186,5.90
84,5.94
610,0.00
26,5.90
145,5.96
131,5.83
897,5.74
358,5.88
708,5.59
353,0.00
67,5.77
776,0.00
826,11.10
379,5.78
952,11.05
849,11.17
694,5.93
452,0.00
821,0.00
601,5.82
827,5.72
14,0.00
672,0.00
533,5.74
942,5.68
197,5.78
196,5.67
566,0.00
595,5.68
638,0.00
361,5.72
130,5.68
516,5.74
819,5.68
506,5.89
653,5.90
315,5.77
757,11.32
18,5.86
805,11.46
136,5.73
854,5.64
604,0.00
691,5.68
812,5.69
905,5.79
731,5.57
975,11.35
308,5.77
407,0.00
824,11.60
792,11.48
17,5.93
833,11.57
277,5.87
720,5.98
854,6.04
783,5.98
226,6.12
498,5.99
623,0.00
382,5.86
845,0.00
498,0.00
671,5.85
979,5.77
315,5.99
889,6.03
194,6.06
906,5.99
15,6.09
650,6.04
691,0.00
434,0.00
421,0.00
596,5.86
510,5.90
843,0.00
734,0.00
72,6.07
123,6.05
639,0.00
866,17.07
50,6.20
456,11.73
713,6.09
42,0.00
289,6.14
455,0.00
825,6.10
264,6.18
309,6.21
32,6.20
3,6.09
196,0.00
86,11.90
704,6.13
786,6.16
921,6.16
462,6.06
868,0.00
295,5.99
188,6.06
343,0.00
470,6.06
708,0.00
223,6.00
100,6.19
156,6.20
765,6.10
90,6.23
145,6.27
224,6.21
867,6.22
208,12.03
480,6.22
181,0.00
725,6.33
736,6.35
803,6.37
528,6.30
625,0.00
779,0.00
419,6.40
980,0.00
655,6.55
294,6.70
797,6.55
893,0.00
535,0.00
887,12.43
367,6.40
371,6.46
775,12.48
672,6.53
8,6.54
475,0.00
236,6.36
256,0.00
301,6.24
578,6.23
738,0.00
652,0.00
396,0.00
934,6.24
626,0.00
536,6.26
862,0.00
863,0.00
62,6.53
877,6.53
538,6.52
48,6.63
586,0.00
488,0.00
75,6.68
324,6.65
491,0.00
444,6.68
119,6.75
882,0.00
583,6.75
133,6.84
70,6.74
712,0.00
978,13.06
482,0.00
648,0.00
857,0.00
668,6.85
795,6.83
165,0.00
519,0.00
714,6.96
606,13.08
990,13.22
101,7.02
770,13.08
470,13.13
213,7.26
629,13.17
530,7.21
255,7.24
589,0.00
75,7.16
363,7.08
928,0.00
268,7.03
918,6.89
509,0.00
61,7.02
182,6.90
97,6.87
572,6.83
183,0.00
579,0.00
370,6.79
740,0.00
50,6.74
796,6.74
304,6.90
731,0.00
451,6.89
203,6.81
772,0.00
46,6.78
709,0.00
159,6.65
602,0.00
904,6.55
974,6.68
993,6.64
608,0.00
717,6.81
919,24.92
737,6.99
569,0.00
999,6.86
651,6.98
592,7.08
349,7.01
32,7.13
692,13.27
241,7.13
448,6.96
134,7.10
369,7.00
189,6.91
548,6.75
75,6.72
530,6.57
355,6.65
717,6.66
24,6.59
818,6.54
293,6.61
631,6.54
891,6.48
173,6.58
699,0.00
124,6.36
824,6.45
116,6.41
823,6.31
295,6.46
508,6.37
308,6.41
990,12.96
70,6.15
912,6.11
238,6.22
435,6.24
481,6.18
340,6.28
334,6.19
322,6.06
334,0.00
778,19.13
274,6.01
461,13.08
32,5.88
77,5.84
434,5.84
897,0.00
550,12.95
418,5.91
769,0.00
476,5.84
685,5.89
334,6.09
987,0.00
930,6.03
572,6.17
732,6.23
822,6.28
263,6.29
112,6.29
935,0.00
571,6.22
70,6.28
267,6.20
592,0.00
803,6.18
440,0.00
441,6.27
881,12.74
322,6.39
61,6.31
584,6.29
415,6.34
720,6.27
128,6.28
557,0.00
554,0.00
978,37.16
147,6.17
402,12.89
177,6.18
829,12.95
855,6.13
969,0.00
90,6.13
308,6.13
794,6.16
604,0.00
453,6.12
363,6.26
932,6.27
95,6.41
436,0.00
204,6.38
142,6.39
729,0.00
486,0.00
710,6.26
710,12.84
947,6.47
582,6.36
401,12.76
526,0.00
838,6.42
729,0.00
458,0.00
450,0.00
785,12.81
490,6.55
15,6.56
56,6.44
699,0.00
294,6.32
661,0.00
530,6.27
854,6.40
153,6.34
311,0.00
933,6.46
508,0.00
465,6.52
754,0.00
394,0.00
647,12.39
121,6.62
463,6.48
32,6.65
352,6.52
35,6.48
332,6.29
251,6.24
773,0.00
566,12.34
636,6.15
630,6.16
293,6.02
600,6.21
502,6.01
634,0.00
713,6.07
790,6.16
219,6.07
186,6.07
479,6.07
97,5.99
399,5.99
486,0.00
85,5.94
885,0.00
7,5.75
141,5.75
968,0.00
638,5.84
96,5.83
472,5.78
943,11.98
32,5.80
705,5.81
583,0.00
690,11.84
386,5.53
435,0.00
1000,5.56
854,11.72
133,5.61
999,11.81
714,11.79
84,5.64
160,0.00
216,5.55
898,5.48
187,0.00
29,5.56
892,0.00
810,5.60
285,5.68
984,0.00
521,0.00
836,5.77
65,5.71
528,0.00
983,5.69
452,5.73
815,12.26
168,5.82
588,12.40
134,5.97
544,0.00
987,12.27
954,12.24
26,5.90
103,5.76
934,5.78
915,5.91
616,5.97
373,5.97
957,6.07
740,6.25
472,5.98
543,5.83
742,12.48
930,5.86
673,0.00
479,6.10
780,5.92
417,6.02
528,0.00
598,0.00
230,6.21
647,0.00
845,6.20
760,6.22
474,0.00
431,6.34
798,6.41
393,6.37
189,6.36
98,6.28
331,6.16
958,6.20
707,6.21
995,6.25
493,6.32
545,6.39
180,6.47
737,6.46
469,0.00
999,6.52
795,6.60
778,0.00
923,6.56
151,6.64
190,6.63
619,6.67
874,12.33
738,6.63
498,12.34
579,6.66
876,12.56
274,6.65
125,6.59
456,6.78
991,18.55
6,6.83
223,6.70
905,6.82
780,6.88
864,6.71
532,0.00
105,6.52
141,6.44
490,6.24
585,0.00
521,6.24
498,0.00
38,6.24
65,6.14
304,6.14
307,6.01
16,5.90
922,0.00
985,5.98
62,6.08
57,6.01
490,0.00
908,5.96
543,5.99
601,6.07
16,5.89
793,11.82
214,5.77
256,0.00
752,5.86
558,5.83
232,5.77
759,5.69
972,0.00
739,5.78
339,5.71
131,5.70
45,5.68
463,5.56
67,0.00
718,0.00
857,5.69
235,5.81
185,5.84
938,0.00
711,5.83
497,5.84
89,5.89
248,5.78
647,0.00
164,5.79
853,0.00
728,5.79
354,5.82
443,0.00
163,5.77
412,5.71
784,0.00
365,0.00
416,0.00
498,5.72
531,5.91
769,5.94
32,5.86
52,5.76
729,0.00
768,5.71
995,12.55
733,12.48
367,5.88
319,12.63
390,5.97
706,0.00
195,5.94
761,0.00
851,0.00
462,5.98
165,5.93
775,5.90
476,5.90
708,5.93
850,18.08
554,12.67
851,6.17
706,6.37
78,6.26
549,0.00
632,6.24
990,6.29
584,6.44
982,18.63
66,6.33
655,6.44
396,0.00
571,6.59
477,0.00
686,6.79
282,6.68
359,6.59
769,6.57
339,6.69
31,6.77
594,6.63
322,12.45
882,6.70
662,6.73
167,0.00
22,6.74
846,6.68
542,0.00
560,0.00
720,12.65
223,6.82
822,25.24
848,18.62
562,12.89
530,7.03
333,6.97
489,0.00
404,0.00
739,6.68
385,6.57
80,6.68
268,6.74
143,6.57
461,0.00
922,12.37
234,6.50
792,0.00
558,6.53
754,6.59
759,0.00
18,6.74
989,0.00
969,6.77
616,6.70
145,6.76
164,6.77
355,6.69
473,0.00
653,0.00
859,6.44
596,6.44
256,6.49
800,6.48
969,0.00
361,6.63
880,12.51
510,6.50
519,6.54
796,6.63
454,6.76
264,6.60
915,0.00
470,6.56
742,0.00
712,0.00
108,6.67
31,6.67
377,0.00
18,6.40
592,0.00
980,19.06
900,12.76
230,6.32
900,6.39
549,6.36
970,6.31
352,6.41
956,12.72
72,6.44
132,6.47
17,6.37
878,0.00
812,6.31
232,6.26
535,6.21
123,6.19
356,0.00
101,6.33
456,0.00
566,0.00
632,6.16
116,6.25
628,6.23
633,0.00
138,6.22
620,6.27
147,6.32
487,0.00
962,6.12
176,6.13
727,0.00
929,13.12
596,13.28
627,6.25
899,13.28
693,6.30
580,6.31
392,13.23
752,13.20
496,6.42
642,13.21
774,6.49
150,6.45
998,6.40
81,6.51
10,6.49
745,6.47
414,6.43
902,6.44
114,6.49
169,6.34
826,6.21
467,0.00
4,6.14
805,6.14
61,6.14
588,0.00
762,6.27
392,6.33
33,6.23
282,6.18
241,6.18
134,6.15
24,6.00
724,12.55
838,12.62
286,5.95
612,12.44
325,5.94
665,0.00
430,5.81
35,5.99
395,5.81
764,0.00
524,5.70
804,5.74
433,5.82
228,5.93
574,12.11
70,5.89
513,0.00
754,12.06
453,5.89
205,5.98
531,5.78
57,5.92
774,5.76
836,0.00
292,5.87
806,0.00
993,5.96
169,5.96
393,6.09
685,6.06
498,6.16
293,6.13
660,6.16
657,0.00
557,6.18
60,6.21
618,0.00
666,6.29
850,0.00
526,6.33
183,6.27
549,0.00
322,6.26
313,6.21
91,0.00
443,0.00
176,6.37
827,6.37
399,0.00
341,6.34
417,0.00
325,12.44
788,6.25
696,0.00
57,6.15
311,5.95
482,0.00
229,12.51
173,6.01
638,0.00
545,6.07
416,5.94
134,5.92
660,5.90
646,5.94
287,5.79
219,5.97
474,0.00
802,12.31
652,0.00
632,5.97
935,6.02
701,6.01
614,6.09
262,6.20
820,5.94
41,5.97
134,5.97
518,0.00
966,5.97
302,6.19
526,6.09
865,6.14
75,6.26
607,6.29
934,6.29
311,6.37
276,6.22
283,12.13
758,6.32
171,6.33
540,0.00
233,6.22
496,6.28
458,0.00
824,11.99
770,6.32
487,6.30
232,6.28
571,0.00
637,0.00
84,6.13
361,6.18
699,0.00
769,6.14
82,6.24
338,6.09
596,0.00
165,6.00
306,5.88
516,0.00
473,0.00
822,5.80
815,0.00
503,0.00
180,5.81
490,0.00
35,5.78
162,5.82
477,5.67
618,5.71
616,5.72
694,5.68
91,5.79
768,5.56
257,0.00
130,0.00
752,5.69
403,5.51
234,5.63
420,0.00
587,5.64
658,5.54
88,5.64
742,0.00
475,5.64
252,5.64
511,0.00
29,5.74
706,5.64
378,5.67
122,5.59
830,0.00
583,5.72
305,5.73
775,0.00
731,11.62
311,5.77
618,0.00
450,5.73
264,5.72
574,0.00
915,5.68
938,11.73
888,5.74
998,5.82
645,5.98
501,0.00
805,6.02
262,6.10
638,0.00
318,5.93
841,5.96
600,0.00
561,6.02
413,5.95
186,5.99
458,0.00
961,0.00
577,6.05
626,0.00
295,6.07
495,6.07
2,0.00
7,6.26
825,0.00
209,6.05
531,0.00
488,0.00
899,12.46
878,6.23
440,6.31
674,6.42
524,6.15
958,6.29
941,12.77
13,6.48
203,0.00
448,0.00
647,6.62
348,6.63
971,6.57
72,6.50
571,6.50
102,6.56
372,0.00
691,6.53
154,6.52
8,6.59
406,0.00
962,6.45
163,6.37
373,6.49
855,6.35
958,6.46
488,0.00
653,0.00
392,0.00
118,6.58
768,6.64
475,6.71
954,12.19
181,6.62
863,6.59
858,6.59
519,0.00
542,0.00
971,12.33
97,6.70
613,6.72
95,6.88
663,6.85
623,6.90
834,0.00
121,6.81
63,6.88
559,6.80
988,6.82
152,6.94
977,6.77
423,0.00
290,6.83
486,7.01
682,0.00
881,7.04
439,12.59
358,7.00
208,7.12
215,6.93
769,6.84
406,0.00
905,0.00
470,0.00
966,0.00
333,6.84
912,6.70
387,12.68
238,6.77
79,6.81
152,6.73
322,6.75
582,0.00
554,6.73
477,6.72
574,0.00
845,6.75
227,6.86
359,6.78
452,6.84
587,0.00
90,6.71
684,6.63
226,6.81
990,6.63
268,6.71
305,6.79
132,6.65
468,0.00
542,0.00
914,6.40
4,6.41
759,6.17
825,6.26
9,6.26
316,6.19
775,6.20
327,6.28
512,6.25
420,0.00
36,6.14
341,6.08
329,6.20
960,6.14
875,6.18
321,6.27
716,0.00
135,6.27
444,0.00
214,6.15
751,0.00
518,6.10
513,6.16
803,0.00
49,6.32
661,0.00
931,6.24
52,6.36
114,6.28
972,6.29
632,6.40
250,6.14
474,0.00
42,6.22
678,0.00
954,0.00
302,6.20
584,6.15
145,6.25
738,0.00
34,6.19
109,6.24
11,6.24
941,0.00
571,0.00
964,6.23
622,0.00
949,6.27
99,6.41
602,0.00
698,0.00
993,0.00
882,19.01
366,13.39
937,19.12
590,6.43
633,6.61
107,6.51
925,6.44
634,0.00
469,13.20
628,0.00
494,0.00
697,0.00
675,6.36
467,6.45
95,6.50
288,6.29
243,6.19
207,6.28
712,6.23
403,0.00
759,6.29
255,6.29
17,6.26
785,6.25
978,6.26
268,6.10
712,6.28
76,6.33
245,6.30
213,6.31
743,6.32
797,6.39
686,0.00
641,6.32
212,6.28
991,0.00
875,6.26
163,6.31
117,6.31
53,6.28
149,0.00
81,0.00
261,6.18
590,0.00
858,0.00
468,6.20
318,6.21
137,6.22
447,6.18
308,0.00
316,6.15
182,6.08
691,0.00
505,5.96
20,6.03
970,0.00
983,5.96
770,5.96
379,0.00
749,6.06
318,6.19
573,6.28
303,6.10
461,6.20
485,0.00
871,0.00
30,6.05
548,0.00
35,6.08
555,6.06
655,6.06
863,6.05
295,6.06
142,0.00
984,19.00
163,5.89
765,5.75
143,5.92
471,0.00
282,5.82
95,5.71
182,11.98
608,5.65
882,5.61
7,5.66
760,0.00
519,0.00
366,0.00
767,5.56
5,5.63
961,0.00
890,12.25
524,5.74
521,5.76
901,5.61
136,5.73
119,5.68
408,5.73
441,0.00
248,5.72
27,5.77
411,0.00
597,5.64
834,5.67
206,5.63
730,5.67
845,5.55
367,0.00
449,5.57
410,0.00
842,0.00
304,5.75
238,5.69
978,12.06
157,5.87
160,0.00
425,12.13
44,5.85
84,5.73
913,5.62
777,5.61
168,5.78
505,0.00
719,11.99
876,5.84
830,0.00
631,5.88
834,5.86
29,5.96
671,0.00
172,6.01
218,6.08
361,6.12
617,0.00
642,6.02
816,0.00
707,11.98
426,6.03
262,6.03
37,5.87
204,5.78
741,5.80
184,5.81
153,0.00
431,0.00
966,5.84
87,0.00
197,5.73
730,5.80
432,0.00
680,5.71
811,5.84
978,5.91
768,5.74
249,5.69
446,0.00
860,5.75
389,5.82
106,5.83
210,5.77
678,5.73
159,5.86
412,5.70
529,0.00
717,11.38
317,5.80
505,5.66
86,5.66
552,0.00
746,5.52
925,17.65
585,5.61
626,5.79
45,5.56
125,5.68
272,5.63
493,0.00
62,5.71
549,0.00
499,5.65
9,5.70
941,0.00
805,11.54
405,5.88
359,0.00
876,11.51
286,5.81
478,5.89
250,5.83
246,5.87
627,0.00
753,5.84
630,5.67
59,0.00
677,17.61
210,11.61
263,5.81
327,11.51
284,5.66
847,11.42
631,5.89
953,5.90
90,0.00
324,11.69
244,5.87
89,5.92
902,5.82
62,5.83
846,0.00
675,0.00
73,5.90
8,5.80
945,5.82
107,5.91
836,0.00
145,5.68
980,0.00
273,5.70
760,0.00
562,5.74
769,0.00
44,5.86
899,5.79
359,5.79
426,0.00
726,5.82
434,5.90
518,5.89
643,11.72
135,5.98
46,0.00
427,6.05
251,6.03
26,6.11
332,6.04
879,11.78
644,11.66
246,5.87
592,5.97
413,6.08
87,6.10
884,17.54
501,6.12
49,6.13
439,0.00
518,5.82
221,5.98
843,0.00
388,6.02
955,6.03
563,0.00
688,0.00
691,6.11
513,6.17
852,0.00
395,6.31
961,11.86
949,0.00
522,6.14
481,6.17
308,6.21
910,0.00
103,6.27
393,0.00
367,6.12
686,6.12
534,6.13
311,6.22
903,0.00
359,0.00
779,12.14
583,6.35
119,6.19
510,6.22
737,6.24
784,6.28
274,6.38
910,0.00
195,6.27
69,6.38
309,0.00
774,11.96
773,6.37
356,6.25
740,11.95
410,0.00
310,6.23
566,6.05
104,6.18
559,0.00
926,6.30
377,6.13
179,6.14
178,6.18
808,6.08
390,0.00
926,6.12
979,6.23
152,6.42
787,6.38
830,6.30
558,0.00
610,6.24
544,0.00
293,6.40
171,6.36
462,12.13
171,6.35
899,6.29
521,6.35
594,6.20
721,12.25
10,6.32
809,0.00
442,6.25
898,6.31
75,6.38
620,0.00
820,12.33
775,0.00
282,6.17
142,6.20
734,0.00
881,6.17
457,6.15
920,12.18
393,6.14
338,6.17
303,6.10
851,0.00
837,0.00
673,12.16
528,5.93
797,0.00
815,6.16
851,12.23
982,0.00
845,6.06
833,6.06
159,6.07
140,6.13
381,0.00
650,6.24
352,6.01
167,6.08
642,0.00
961,23.97
155,6.15
773,6.13
224,6.13
923,6.15
233,6.18
199,6.09
313,0.00
947,0.00
259,6.11
102,6.13
940,0.00
17,6.13
729,0.00
535,6.02
759,0.00
156,6.12
683,0.00
685,5.92
425,5.94
260,6.04
61,0.00
810,5.99
499,0.00
861,0.00
54,5.98
977,5.91
16,6.03
51,5.90
183,5.91
92,5.79
583,0.00
614,5.65
787,5.74
307,5.69
906,5.68
317,5.69
6,5.80
364,5.69
869,0.00
594,5.75
417,0.00
944,5.63
97,5.72
529,5.73
561,0.00
526,5.72
717,0.00
41,5.84
593,0.00
947,5.82
751,12.11
652,12.18
151,6.02
537,6.02
808,6.02
340,12.08
772,18.19
655,6.14
725,12.06
289,6.21
120,6.04
563,0.00
302,12.02
931,6.29
971,0.00
962,6.15
524,0.00
8,6.14
481,6.10
840,11.95
362,6.03
593,6.00
40,6.03
677,0.00
695,5.87
665,0.00
787,5.90
610,5.82
885,5.88
309,5.84
356,5.85
519,0.00
859,11.95
450,5.85
613,5.79
541,5.91
854,0.00
246,5.86
996,5.94
80,6.05
819,12.24
257,6.12
8,6.07
982,12.02
100,6.05
586,0.00
619,0.00
3,6.02
169,6.02
704,6.02
370,6.03
300,6.04
650,0.00
379,5.98
751,0.00
125,0.00
17,6.02
257,6.01
448,0.00
422,5.97
590,6.00
703,0.00
166,6.09
300,6.03
638,0.00
188,5.96
995,5.96
480,0.00
536,6.20
447,6.10
329,6.13
504,5.97
680,6.04
376,0.00
686,0.00
342,6.16
10,6.11
283,6.02
353,6.08
766,0.00
71,5.93
659,0.00
634,11.85
146,5.83
210,0.00
365,5.71
511,5.72
541,5.78
422,0.00
322,5.80
830,0.00
185,5.65
973,0.00
949,5.63
388,5.75
955,0.00
28,5.73
796,0.00
942,11.97
266,5.86
768,5.83
247,5.91
490,0.00
680,5.90
774,0.00
794,5.82
176,6.00
523,0.00
757,0.00
964,6.02
415,6.18
549,5.99
175,6.10
449,0.00
758,0.00
81,6.00
689,11.81
183,5.90
11,5.82
99,5.83
947,5.84
138,5.85
818,0.00
807,24.12
771,0.00
968,11.99
754,5.82
545,5.89
7,5.90
598,5.80
644,5.88
601,0.00
459,5.79
283,5.68
993,0.00
509,5.62
685,5.71
155,5.79
835,5.81
517,0.00
818,5.92
78,5.93
230,5.94
93,5.83
191,5.82
15,5.88
797,0.00
876,5.84
899,5.85
368,5.84
196,5.69
252,5.72
131,5.73
96,5.71
55,5.58
984,0.00
364,5.66
79,5.64
333,5.68
818,5.63
859,5.63
172,0.00
584,5.79
588,5.75
576,0.00
857,5.82
953,0.00
902,6.04
222,6.05
492,11.72
379,6.18
30,6.08
679,0.00
83,5.89
650,0.00
98,5.75
264,5.80
166,5.66
594,0.00
591,5.71
476,5.59
35,5.64
568,0.00
62,5.41
414,5.34
581,0.00
372,5.29
771,5.33
22,5.42
803,11.27
57,5.30
383,5.17
347,5.30
583,0.00
896,5.20
369,0.00
768,0.00
403,5.40
124,5.34
234,5.33
986,0.00
887,5.43
600,11.10
533,11.11
586,5.31
965,17.25
20,5.32
384,0.00
271,5.32
681,0.00
751,5.26
556,5.25
905,0.00
616,5.50
188,5.52
114,5.58
974,0.00
792,0.00
275,5.43
524,5.27
940,0.00
205,5.44
970,0.00
551,5.48
549,0.00
219,5.59
459,0.00
871,17.28
889,5.52
829,5.58
108,5.62
702,0.00
7,5.56
916,0.00
454,5.56
970,5.72
302,5.80
724,5.80
956,11.54
71,5.77
202,5.85
99,5.89
361,11.55
240,5.74
712,0.00
645,5.62
909,11.57
926,5.63
752,0.00
151,5.68
980,0.00
825,5.78
973,0.00
785,11.58
468,5.99
860,0.00
627,6.05
249,6.16
999,0.00
611,6.21
768,0.00
105,6.32
532,0.00
614,6.29
56,6.34
273,6.28
516,0.00
957,6.28
937,6.43
214,6.51
505,6.41
832,0.00
27,6.42
762,0.00
379,6.46
372,6.60
196,11.70
401,6.51
846,6.51
694,11.77
884,0.00
971,11.86
473,6.47
80,6.48
363,6.49
309,6.46
357,0.00
99,6.50
514,0.00
671,6.59
257,6.64
63,6.53
209,6.44
302,6.37
63,0.00
795,6.42
939,0.00
786,6.47
313,6.48
981,6.41
102,6.43
667,6.46
507,12.01
641,6.57
795,6.49
852,6.51
557,6.66
128,6.58
157,6.67
581,0.00
749,6.64
13,6.78
508,12.23
434,6.74
350,0.00
382,0.00
493,6.67
547,0.00
857,0.00
549,0.00
897,6.56
31,6.56
881,0.00
788,0.00
566,6.65
934,6.79
635,6.75
80,6.78
123,6.70
432,12.31
618,6.67
533,12.18
652,6.37
184,6.42
586,0.00
977,0.00
888,12.40
806,12.31
611,12.48
43,6.33
608,6.35
702,0.00
830,6.42
249,6.53
328,0.00
677,6.31
411,6.33
597,0.00
574,6.37
307,6.45
97,6.32
548,6.25
171,6.31
432,0.00
157,6.14
691,0.00
728,6.23
763,6.14
431,0.00
378,0.00
636,12.73
469,6.24
778,0.00
144,6.13
63,6.01
415,5.94
361,5.96
56,5.99
744,5.79
424,0.00
94,5.95
465,5.93
792,0.00
272,5.98
27,6.11
980,0.00
918,5.98
565,6.09
641,0.00
236,6.07
942,0.00
312,12.57
411,0.00
677,5.80
369,0.00
958,0.00
685,5.89
216,5.89
633,12.66
243,5.94
535,5.85
343,0.00
792,6.06
968,5.97
279,5.98
957,6.07
201,5.93
754,5.86
573,5.98
159,5.99
281,0.00
392,0.00
996,12.56
322,5.84
816,5.92
189,5.92
998,17.99
658,12.46
594,0.00
524,6.09
197,6.10
849,0.00
81,12.44
538,5.99
880,0.00
965,6.13
36,5.94
368,5.84
869,5.78
188,5.84
244,5.78
672,0.00
988,5.83
433,5.92
624,5.79
442,0.00
975,5.89
314,5.89
315,0.00
964,5.99
385,5.93
152,5.98
691,6.05
220,6.18
148,6.05
770,0.00
562,6.04
604,6.05
503,0.00
613,6.01
776,18.90
786,12.29
618,6.16
439,6.26
941,6.27
224,6.31
332,6.11
47,6.10
94,6.17
666,0.00
294,6.21
430,6.07
372,0.00
690,0.00
671,0.00
510,6.17
909,0.00
15,6.13
898,12.10
75,6.10
243,12.16
654,6.09
832,0.00
387,6.17
500,6.07
677,6.18
529,6.30
32,6.18
295,6.12
976,6.13
571,6.17
264,6.15
942,5.98
103,6.30
790,0.00
564,6.08
756,6.17
492,6.17
346,6.21
263,6.17
545,6.04
361,6.06
689,6.10
519,6.24
918,6.20
802,6.21
265,6.22
386,6.25
796,12.05
390,6.15
334,5.97
362,6.00
140,6.03
190,5.96
171,5.96
390,5.98
800,5.88
913,5.91
962,0.00
839,0.00
37,6.06
234,6.07
883,0.00
481,5.94
378,5.90
926,0.00
960,0.00
554,5.93
631,0.00
489,5.88
977,5.88
949,12.07
375,6.06
863,6.12
423,5.97
18,6.00
442,5.86
653,5.86
686,5.96
136,5.84
62,5.80
474,5.85
315,5.96
146,5.92
767,5.84
978,18.01
570,5.95
154,5.92
356,5.89
774,0.00
224,5.96
709,0.00
922,5.97
230,6.01
433,0.00
434,6.06
928,0.00
607,0.00
48,5.98
667,0.00
579,5.81
520,5.89
669,0.00
881,11.91
327,5.87
129,6.02
899,5.85
78,5.90
635,0.00
653,5.83
263,5.89
878,0.00
792,12.09
318,5.97
815,0.00
844,0.00
890,12.13
526,5.92
993,11.97
279,5.92
187,5.85
57,5.79
138,5.94
562,0.00
599,5.75
656,5.85
52,5.89
937,0.00
702,5.91
548,5.91
630,11.70
592,5.79
236,5.81
260,5.73
425,5.75
485,0.00
688,5.83
245,5.87
880,5.78
483,0.00
794,11.88
563,5.91
186,5.85
669,5.92
48,5.81
617,0.00
432,5.79
810,0.00
672,11.85
496,5.73
579,11.81
316,5.89
139,5.72
327,0.00
476,5.83
680,5.84
567,0.00
496,5.95
317,5.88
342,6.00
585,0.00
534,0.00
627,0.00
326,6.01
776,0.00
653,5.96
273,5.97
511,0.00
137,5.89
231,6.10
912,5.93
316,0.00
221,5.81
956,0.00
559,5.80
252,5.80
186,0.00
163,5.86
353,5.90
378,5.80
686,0.00
520,5.91
415,0.00
490,5.74
734,5.82
27,5.90
570,0.00
275,5.74
294,5.79
527,5.74
197,5.81
836,0.00
181,5.67
989,5.74
538,5.63
916,0.00
857,11.57
642,0.00
956,11.82
752,5.82
243,11.86
607,5.90
248,11.79
498,5.87
472,0.00
638,5.96
967,5.97
721,6.17
825,6.21
889,6.14
600,6.24
439,0.00
828,6.27
345,6.35
68,6.31
595,6.22
874,6.26
157,6.35
713,0.00
819,6.25
773,0.00
211,6.24
829,6.20
394,6.21
847,6.18
742,6.30
623,6.29
387,6.30
624,0.00
868,6.27
115,6.37
603,0.00
986,12.22
538,0.00
88,6.32
321,6.32
712,0.00
274,0.00
862,18.20
494,6.21
768,6.14
14,6.23
930,0.00
769,0.00
878,6.18
249,0.00
110,6.03
770,6.15
173,6.27
889,0.00
133,6.36
817,6.24
289,0.00
894,6.23
302,0.00
584,6.34
438,6.26
719,0.00
637,6.33
339,6.45
500,6.22
728,0.00
235,6.36
531,6.33
581,0.00
649,6.37
405,6.32
557,6.30
673,0.00
957,12.00
97,6.33
170,6.30
750,6.15
377,6.20
392,6.25
928,6.10
957,17.92
391,6.10
2,6.05
962,6.03
978,5.98
232,6.08
938,6.13
395,6.16
93,6.22
324,6.17
847,0.00
487,6.21
748,6.03
846,0.00
767,6.24
684,0.00
553,6.32
82,0.00
247,6.16
135,6.20
632,6.26
903,0.00
465,0.00
441,0.00
794,6.17
380,6.22
941,0.00
48,6.33
595,6.27
892,6.24
76,0.00
660,12.60
181,6.33
863,6.37
143,6.40
90,6.43
364,12.54
856,6.51
552,6.52
917,6.46
388,6.55
78,6.56
177,6.37
192,6.58
901,0.00
976,6.53
387,6.53
995,0.00
784,0.00
22,6.69
408,0.00
721,0.00
547,6.59
686,6.58
974,6.70
151,6.67
810,0.00
227,6.72
415,6.73
744,0.00
218,6.63
526,0.00
579,6.76
767,0.00
704,6.65
69,6.72
489,0.00
444,0.00
953,6.81
868,6.90
780,7.04
684,13.32
344,6.98
357,6.94
363,6.99
773,0.00
222,7.10
571,7.11
824,13.19
127,7.16
815,0.00
781,13.23
235,7.19
96,7.04
278,7.00
100,6.99
351,6.95
106,7.06
174,6.82
973,0.00
285,6.68
941,6.77
705,6.91
994,7.03
88,6.89
32,7.02
907,13.02
722,6.85
310,6.77
953,6.79
792,13.15
228,6.99
912,0.00
546,6.89
300,6.87
344,6.90
27,7.00
608,0.00
296,6.78
580,6.71
397,6.83
608,0.00
973,6.63
361,6.75
595,0.00
272,6.86
501,6.86
371,13.13
265,6.94
436,0.00
146,6.82
522,0.00
799,6.74
481,0.00
203,6.58
866,6.66
126,6.82
259,6.64
20,6.60
604,6.64
345,6.68
342,6.57
638,0.00
810,6.40
635,6.49
121,6.54
518,6.43
792,6.40
1000,19.39
828,13.01
880,6.44
762,6.47
289,6.41
594,0.00
378,6.42
24,6.36
242,6.25
9,6.29
410,6.07
969,0.00
984,6.09
119,6.23
795,6.09
578,6.11
109,0.00
68,6.03
140,5.99
180,5.98
553,0.00
1,5.98
441,5.97
102,6.00
765,13.11
982,12.92
57,5.89
914,12.97
256,5.93
536,0.00
383,6.01
273,6.00
690,6.13
158,6.03
135,6.03
924,6.14
359,6.22
662,0.00
345,6.09
113,6.13
798,0.00
404,6.10
563,0.00
85,6.07
704,6.07
309,6.08
601,6.02
891,6.03
599,5.98
973,0.00
393,13.03
705,6.16
315,6.02
83,6.03
945,6.02
104,6.12
143,6.02
276,6.02
690,0.00
679,5.97
535,0.00
444,0.00
30,5.99
778,5.92
964,0.00
736,6.03
472,5.93
48,6.03
294,5.98
522,0.00
780,0.00
978,5.95
110,5.99
789,0.00
298,6.01
220,5.91
274,5.99
447,5.93
415,5.85
642,0.00
807,5.83
222,5.94
817,12.43
844,12.34
522,6.07
355,6.21
196,6.01
251,12.39
383,5.94
646,5.84
888,5.93
85,5.99
588,5.76
293,5.89
87,5.87
634,5.95
797,5.91
77,6.01
131,6.08
23,5.91
622,0.00
948,5.72
601,5.87
88,5.88
603,11.83
281,5.93
871,0.00
199,5.91
308,5.94
19,5.88
755,0.00
37,5.92
407,0.00
219,5.99
256,5.86
459,5.71
245,5.82
396,5.67
276,0.00
911,5.60
960,5.69
67,5.74
809,0.00
876,5.57
191,5.65
468,5.61
491,5.65
361,5.69
372,0.00
181,5.63
833,5.64
443,5.77
95,5.52
528,5.58
996,5.50
958,5.59
489,0.00
838,0.00
521,0.00
175,5.73
141,5.80
49,5.82
551,5.69
456,5.75
807,0.00
194,5.59
980,5.59
853,11.69
845,11.64
100,5.81
434,5.71
595,5.73
359,5.70
194,5.84
314,5.89
166,5.74
689,5.72
630,5.73
309,5.76
877,5.80
149,5.82
110,5.72
351,5.68
210,5.74
22,5.67
471,0.00
182,5.73
164,5.63
942,5.48
95,5.47
433,5.40
127,5.45
200,5.45
516,0.00
997,17.63
149,5.42
110,5.39
194,0.00
691,5.50
926,0.00
781,0.00
20,5.47
160,5.47
312,5.48
936,0.00
314,5.42
685,0.00
326,5.55
830,5.53
176,0.00
503,0.00
1,5.51
802,5.51
168,5.62
667,5.56
218,0.00
958,0.00
667,5.61
81,5.73
840,0.00
698,5.83
886,0.00
720,5.93
577,6.05
389,0.00
491,5.94
945,11.59
131,6.11
371,6.03
747,11.63
755,6.09
584,6.01
637,6.08
159,6.05
450,6.00
94,6.23
421,0.00
16,6.30
145,6.17
186,0.00
658,6.18
367,6.26
523,0.00
119,11.67
610,6.08
734,6.17
56,6.16
6,5.97
820,0.00
718,5.86
270,5.89
410,5.93
706,5.98
242,6.03
642,0.00
510,11.72
317,5.96
181,5.81
910,11.79
598,6.04
431,6.05
154,6.03
821,6.03
11,5.92
804,5.96
493,6.04
744,6.06
75,5.97
741,0.00
143,5.94
151,5.95
990,5.89
211,6.02
561,5.96
425,0.00
488,6.00
473,6.04
308,6.11
965,0.00
833,6.18
50,6.25
71,6.27
449,0.00
637,6.24
114,0.00
705,11.78
200,6.33
351,0.00
839,11.64
840,11.61
61,6.15
582,6.21
750,0.00
977,6.22
150,0.00
759,6.18
128,6.19
681,6.12
311,6.08
247,6.11
900,6.07
822,6.11
748,0.00
265,6.14
783,0.00
136,5.99
590,0.00
885,6.05
481,0.00
593,0.00
445,6.18
481,0.00
281,5.98
944,12.01
309,5.85
930,5.91
689,5.68
81,5.76
935,5.77
287,5.93
261,5.86
335,0.00
897,5.92
589,0.00
908,6.01
325,5.95
11,5.86
263,5.93
11,5.97
994,0.00
633,5.94
385,5.95
557,0.00
565,5.93
605,5.82
368,0.00
532,0.00
221,5.93
489,6.03
979,6.04
243,6.00
884,5.96
615,5.92
523,0.00
424,5.79
953,0.00
373,5.86
497,0.00
921,6.01
295,5.95
449,6.10
857,0.00
417,6.15
731,6.24
317,6.42
655,0.00
605,6.49
632,0.00
388,6.47
349,6.37
108,6.39
893,6.30
487,6.41
64,6.47
608,0.00
13,6.37
263,6.37
481,0.00
962,0.00
615,12.61
965,6.60
938,12.64
379,6.71
169,6.63
946,0.00
329,6.67
294,6.60
414,0.00
601,6.72
712,0.00
698,6.68
735,6.66
576,6.76
770,12.83
570,6.69
222,6.70
431,6.58
805,12.66
51,6.67
490,0.00
326,6.51
580,0.00
413,6.58
193,6.51
983,12.42
971,6.63
637,0.00
57,6.67
395,0.00
822,12.38
753,6.58
543,0.00
56,6.67
274,6.61
561,0.00
765,0.00
53,6.69
947,6.64
379,6.70
663,6.70
477,0.00
665,6.84
654,6.78
301,6.82
868,6.91
219,6.70
447,6.79
715,6.70
939,6.79
173,6.80
957,12.63
440,6.82
924,6.77
75,7.04
583,6.98
428,6.98
174,6.90
242,6.79
358,6.73
80,6.73
251,6.62
437,6.52
117,6.43
269,6.41
975,6.22
694,6.13
753,12.57
298,6.29
958,6.21
43,6.19
100,6.15
185,6.21
584,0.00
841,6.14
162,6.24
610,6.14
138,6.23
754,0.00
173,6.14
243,6.07
377,5.99
690,6.03
861,6.05
527,0.00
637,5.92
249,5.94
356,5.92
976,5.87
675,5.97
278,5.92
690,12.48
378,5.89
918,5.89
329,5.87
703,5.99
329,0.00
950,5.97
719,0.00
491,5.96
1,6.03
351,5.91
214,5.97
760,5.87
382,5.95
206,5.95
853,0.00
850,12.56
650,5.96
126,5.85
725,0.00
148,5.77
571,0.00
890,12.35
212,5.75
583,5.71
277,5.78
764,0.00
573,12.40
899,5.63
471,5.82
489,5.93
807,5.74
956,5.98
378,5.81
969,0.00
704,0.00
720,5.94
216,5.84
252,0.00
823,5.86
232,5.78
360,5.87
172,5.78
569,12.55
816,18.58
612,5.93
684,0.00
343,5.78
944,0.00
393,5.80
617,5.90
539,5.94
155,6.05
503,6.04
704,0.00
606,0.00
933,6.16
908,0.00
417,0.00
283,6.34
842,12.50
254,6.30
798,6.31
968,0.00
57,6.22
924,0.00
363,6.23
421,0.00
407,6.29
881,0.00
70,12.11
565,6.31
33,6.33
327,6.21
623,0.00
563,6.16
721,0.00
387,6.29
304,6.28
654,0.00
704,0.00
113,6.20
17,6.32
607,0.00
545,18.82
799,0.00
158,6.32
5,6.36
305,12.20
276,6.24
509,12.09
142,6.22
460,0.00
325,6.15
725,6.19
919,6.10
135,6.30
650,0.00
500,6.28
953,6.29
482,19.03
888,6.42
532,6.37
354,0.00
87,6.31
524,0.00
997,6.31
546,0.00
327,6.38
378,0.00
65,6.20
513,6.20
693,6.29
292,6.14
458,0.00
889,6.16
299,6.16
568,5.99
753,6.00
441,6.13
927,6.04
48,6.06
446,0.00
180,6.04
21,5.95
435,0.00
559,6.04
437,6.04
854,5.96
93,6.04
845,0.00
808,12.04
651,6.03
847,5.98
200,6.24
873,0.00
447,12.31
96,6.15
102,0.00
213,6.07
335,5.89
126,5.82
527,0.00
817,5.86
690,12.09
574,5.97
76,5.82
727,12.09
660,5.98
233,5.87
110,5.99
747,0.00
763,0.00
956,12.33
43,5.96
186,6.04
785,5.95
679,0.00
419,5.93
837,5.98
159,6.09
653,0.00
88,6.05
910,5.93
54,6.05
395,5.84
918,0.00
934,6.04
661,6.13
86,6.13
640,0.00
17,6.05
4,6.15
922,0.00
794,6.05
204,6.00
46,6.18
65,5.98
574,0.00
620,0.00
588,0.00
385,5.93
426,12.20
399,6.02
771,6.02
877,12.29
415,6.00
213,6.03
911,5.96
11,5.97
995,6.02
512,0.00
473,6.04
588,0.00
358,5.98
77,6.03
774,0.00
629,0.00
860,6.01
908,0.00
178,6.05
815,6.08
40,6.17
699,6.03
691,0.00
172,6.08
510,6.09
53,6.10
393,6.01
717,5.96
944,5.91
881,5.99
622,11.98
774,6.08
779,5.85
560,5.85
34,5.98
442,5.89
372,0.00
370,6.03
640,0.00
787,11.92
926,6.05
567,0.00
906,12.10
240,6.17
128,12.17
787,6.13
504,6.03
668,6.03
828,6.00
300,0.00
593,6.08
462,0.00
567,6.16
196,6.10
570,0.00
300,6.09
930,5.98
277,0.00
623,0.00
890,6.03
497,6.04
356,6.06
165,6.15
934,0.00
369,5.85
248,5.85
407,5.97
95,5.92
463,5.82
80,5.96
71,5.96
553,5.78
972,5.78
743,5.84
851,0.00
250,5.92
936,0.00
268,11.71
779,6.00
791,30.97
29,6.03
487,5.93
31,6.02
824,0.00
763,6.00
161,5.93
596,0.00
195,5.87
45,5.83
959,5.89
633,0.00
502,0.00
441,0.00
794,5.83
212,5.89
288,5.88
454,0.00
955,5.79
75,5.84
422,0.00
166,5.88
868,11.82
496,5.91
628,6.03
546,0.00
856,5.79
350,0.00
771,5.85
83,5.86
544,0.00
971,0.00
167,5.85
610,5.78
66,5.81
427,5.81
437,5.82
304,5.71
180,17.69
878,11.94
324,5.83
699,0.00
219,5.64
730,5.80
983,0.00
611,5.95
408,0.00
982,5.81
528,5.90
720,0.00
245,5.98
291,5.94
70,5.88
627,5.78
376,5.84
460,5.81
198,5.81
884,0.00
32,5.81
869,5.75
802,5.84
859,0.00
683,6.01
349,5.91
523,5.85
444,0.00
870,5.92
226,6.07
948,0.00
546,5.91
349,5.92
885,0.00
874,11.99
706,17.82
778,6.04
37,5.90
308,5.97
822,11.79
294,5.92
428,5.97
592,0.00
864,11.82
877,0.00
540,6.18
948,6.21
36,6.35
905,18.08
580,12.02
193,6.34
277,6.31
190,6.21
153,6.20
690,6.18
23,6.18
671,6.18
680,6.20
665,6.32
265,6.24
899,0.00
927,6.15
640,6.22
880,0.00
728,6.28
521,0.00
776,6.29
276,6.31
634,12.14
41,6.36
59,0.00
42,6.32
969,0.00
1000,6.33
560,0.00
977,6.45
708,0.00
820,6.45
345,6.52
519,6.53
300,0.00
568,12.32
429,6.48
629,6.42
31,6.50
798,6.39
911,6.32
424,6.20
121,6.25
871,0.00
776,6.39
711,6.40
680,0.00
956,6.35
46,6.45
995,6.49
470,0.00
221,6.53
18,6.54
462,6.44
473,0.00
693,6.39
448,6.40
69,0.00
366,0.00
668,6.42
898,6.41
787,0.00
370,6.53
965,0.00
975,12.54
589,6.63
13,6.71
326,6.71
612,0.00
604,12.65
942,6.67
451,12.63
593,6.63
138,6.52
63,0.00
253,6.57
467,0.00
165,6.54
615,0.00
557,12.42
113,6.51
390,0.00
193,6.33
446,6.25
873,0.00
551,0.00
387,0.00
636,6.27
570,0.00
661,6.39
989,6.35
454,12.61
644,6.61
203,6.62
147,6.48
852,12.81
81,6.58
371,12.67
496,6.66
469,6.41
24,0.00
230,6.38
724,0.00
573,0.00
636,6.30
457,0.00
120,6.31
471,0.00
546,6.34
944,6.35
898,6.34
138,6.17
34,6.18
928,6.10
617,0.00
829,6.01
275,6.14
113,6.00
513,0.00
347,6.01
869,0.00
481,6.03
205,6.05
636,0.00
919,0.00
496,6.05
845,0.00
397,0.00
151,6.01
169,5.94
436,5.83
132,5.83
774,5.88
693,0.00
690,5.99
373,5.99
923,5.99
354,6.01
119,12.31
611,5.96
929,12.30
141,5.96
259,5.82
21,5.79
650,0.00
708,5.63
346,5.69
659,0.00
213,5.63
700,12.35
856,5.68
536,5.61
774,12.18
16,5.75
31,5.62
376,5.66
594,0.00
516,0.00
456,5.76
954,0.00
767,5.75
218,5.84
862,5.78
684,0.00
404,5.90
902,0.00
736,6.01
933,0.00
289,6.06
717,0.00
631,5.99
389,6.12
447,0.00
168,5.88
57,5.89
79,5.79
760,0.00
464,12.44
715,5.78
588,5.86
599,5.96
251,5.82
295,5.89
525,0.00
435,5.86
235,5.75
290,5.76
162,5.72
600,0.00
935,5.72
717,5.77
716,5.83
356,5.68
19,5.63
216,5.73
476,0.00
942,11.93
650,12.00
529,5.84
296,5.82
593,5.73
716,5.71
236,5.71
899,18.20
396,5.66
255,5.65
527,0.00
390,5.73
431,5.59
441,0.00
256,5.67
40,5.70
853,5.66
71,5.73
310,5.74
498,5.69
654,0.00
114,5.59
924,5.63
214,5.74
742,0.00
312,5.64
891,0.00
685,5.65
6,5.66
114,5.63
880,0.00
580,0.00
226,0.00
581,5.60
539,11.35
525,5.67
940,17.89
493,11.36
315,0.00
115,5.69
99,5.81
45,5.67
804,5.61
120,5.56
136,5.42
211,5.42
341,5.35
449,5.29
625,0.00
316,5.26
300,5.28
95,5.09
705,0.00
61,5.18
972,5.08
330,5.08
429,0.00
267,5.15
816,5.17
263,5.18
320,5.20
357,0.00
420,5.23
533,0.00
515,0.00
10,5.11
789,5.13
12,5.23
919,0.00
519,5.13
341,5.15
274,5.16
921,0.00
999,10.87
607,5.15
845,5.15
545,5.04
111,5.18
202,5.15
254,5.16
742,5.18
114,5.25
1,5.09
158,0.00
329,0.00
505,5.19
507,5.22
881,0.00
340,10.87
889,5.29
230,5.26
841,0.00
995,16.98
786,10.94
629,5.47
925,0.00
174,0.00
761,0.00
343,0.00
680,5.54
232,0.00
348,5.55
825,0.00
253,5.55
491,0.00
555,5.62
633,5.52
509,0.00
70,5.56
427,0.00
502,5.55
669,0.00
693,11.20
623,5.66
570,11.34
22,5.81
796,5.75
906,5.79
901,0.00
974,6.03
540,0.00
305,11.90
142,6.11
635,0.00
414,6.23
666,6.28
896,17.54
470,0.00
516,6.29
131,6.35
917,6.35
207,6.45
528,0.00
380,6.47
748,0.00
315,6.37
347,6.37
217,6.36
99,6.34
202,6.34
815,0.00
25,6.27
762,0.00
546,6.32
221,6.20
459,0.00
31,6.23
147,6.23
520,0.00
716,11.47
922,6.21
457,6.38
233,6.30
565,0.00
372,0.00
520,6.34
14,6.43
316,6.44
910,0.00
193,6.42
727,11.59
160,6.44
30,6.34
772,6.57
271,0.00
705,0.00
258,6.24
207,6.38
762,6.32
141,6.40
838,0.00
751,6.35
328,6.40
30,6.48
449,6.42
172,6.49
370,6.31
563,0.00
992,11.57
548,6.18
60,6.21
273,5.97
815,0.00
349,6.05
300,6.03
80,6.03
913,5.97
877,0.00
819,5.97
624,6.06
659,0.00
203,6.11
855,0.00
210,6.12
530,0.00
660,0.00
180,5.94
757,0.00
704,5.89
11,5.89
995,0.00
61,5.85
298,5.73
190,5.61
850,5.60
334,5.64
22,5.60
101,11.71
521,11.59
735,5.53
575,5.37
12,5.39
393,5.30
278,5.23
644,0.00
393,5.34
860,0.00
965,5.39
368,5.51
35,5.45
381,5.52
370,0.00
232,5.49
75,5.58
831,0.00
144,5.48
834,5.48
61,5.53
797,5.49
9,5.29
570,5.28
104,5.38
41,5.34
630,0.00
543,5.16
756,5.23
577,0.00
595,5.19
443,0.00
120,5.29
953,0.00
454,5.24
539,5.22
285,5.37
47,5.43
956,11.58
933,5.31
120,5.29
811,0.00
452,5.31
53,5.23
113,5.17
859,5.17
376,0.00
798,11.56
454,5.25
942,11.71
53,5.37
38,5.43
653,5.28
58,5.39
866,0.00
627,5.48
54,5.46
161,5.57
831,5.43
83,5.45
474,5.22
951,5.30
850,5.26
285,0.00
812,5.39
220,5.40
101,5.38
908,0.00
456,5.51
608,0.00
777,5.57
418,5.48
143,5.47
314,0.00
61,5.48
562,5.48
868,5.52
463,0.00
731,5.41
421,0.00
758,5.63
196,11.05
419,10.99
905,5.78
357,5.57
964,5.76
401,0.00
729,0.00
120,5.76
787,0.00
437,5.69
71,5.69
715,0.00
600,0.00
494,5.77
737,11.32
217,5.85
258,5.83
674,0.00
771,11.34
168,5.84
311,0.00
411,5.87
753,6.06
88,5.96
738,0.00
610,5.98
509,0.00
318,0.00
961,6.00
71,6.16
306,6.10
832,0.00
411,6.11
321,6.20
392,0.00
310,6.19
605,6.06
404,6.18
333,0.00
900,11.37
109,6.11
262,11.32
808,6.17
928,6.25
224,0.00
435,6.25
482,0.00
507,6.15
416,6.29
790,0.00
651,6.21
203,6.08
814,11.35
505,6.04
358,0.00
699,0.00
391,6.06
141,0.00
203,6.08
384,6.08
398,0.00
294,6.09
834,6.08
25,6.08
649,6.19
151,6.18
112,5.97
237,6.03
906,5.95
152,5.95
144,5.97
430,0.00
677,5.76
174,5.78
306,5.71
72,5.69
400,0.00
575,5.59
324,0.00
511,5.59
527,0.00
930,11.07
722,5.71
56,5.76
329,5.76
21,5.71
471,0.00
35,5.68
974,0.00
627,5.59
687,11.54
445,5.66
861,5.74
443,5.82
304,5.94
20,5.83
816,0.00
105,5.79
242,5.79
518,5.72
943,5.77
104,5.86
190,5.60
219,5.71
798,5.70
932,11.60
467,5.66
655,5.69
743,0.00
461,0.00
781,5.65
28,5.62
607,5.57
585,5.63
234,5.68
539,0.00
234,5.61
815,5.61
439,0.00
440,5.60
372,5.64
707,0.00
135,5.73
856,5.61
698,5.71
455,0.00
27,5.73
95,5.71
12,5.63
627,5.56
636,0.00
383,5.52
826,0.00
453,5.48
846,11.82
208,5.82
283,5.68
817,5.67
634,5.72
925,5.81
656,5.72
642,5.68
239,5.73
56,5.61
478,5.73
625,5.67
784,5.66
838,5.72
249,5.71
755,0.00
750,5.75
953,0.00
67,5.75
281,5.86
35,5.76
336,5.79
641,5.74
222,5.73
53,5.74
987,5.75
642,0.00
483,5.86
883,5.86
98,5.86
492,0.00
219,5.85
651,0.00
911,5.81
222,5.93
368,5.76
275,5.76
755,5.79
648,0.00
126,5.59
568,0.00
766,17.11
5,5.63
67,5.56
403,5.46
609,0.00
780,5.58
722,0.00
9,5.49
761,0.00
954,0.00
630,5.58
653,5.63
397,5.57
867,5.53
709,0.00
864,0.00
439,0.00
952,5.94
284,5.92
396,5.85
564,5.91
315,5.99
960,0.00
188,6.11
64,6.01
554,5.96
686,0.00
507,0.00
227,6.00
401,5.92
906,5.93
340,6.11
529,6.11
600,0.00
806,17.91
895,6.21
588,0.00
516,0.00
729,6.17
175,6.21
65,6.14
714,0.00
933,6.05
57,6.14
966,6.14
414,0.00
786,6.23
562,6.30
553,6.35
757,0.00
928,6.16
865,6.19
58,6.19
618,0.00
714,6.16
180,5.99
431,6.10
123,6.19
548,0.00
983,6.15
391,0.00
481,6.31
147,6.48
58,6.32
919,6.26
679,6.30
982,6.28
261,6.28
292,6.23
581,6.23
465,6.32
948,12.07
612,6.40
36,6.41
393,0.00
370,6.31
181,6.40
91,6.34
321,6.23
15,6.19
233,0.00
935,6.14
388,6.12
348,6.16
158,6.26
732,0.00
408,6.18
940,11.72
706,6.22
770,6.17
964,6.31
38,6.24
314,0.00
189,6.32
437,6.17
980,0.00
139,6.03
578,6.04
643,6.05
487,0.00
50,5.87
437,0.00
744,5.82
313,5.90
251,5.94
106,5.99
876,0.00
847,0.00
475,5.96
617,0.00
538,5.89
374,5.81
8,0.00
442,0.00
425,5.78
470,5.86
174,5.92
451,5.63
148,5.61
877,0.00
692,5.66
651,0.00
357,5.56
504,5.67
876,11.90
520,0.00
909,0.00
487,5.50
625,0.00
601,5.60
818,0.00
928,5.75
984,0.00
839,5.81
728,0.00
797,5.79
318,5.90
318,5.85
711,0.00
809,12.15
167,5.76
143,5.81
987,0.00
949,12.19
128,5.75
661,5.85
958,12.13
163,6.04
286,5.86
966,5.88
397,0.00
641,5.90
577,0.00
727,12.42
460,6.02
128,5.94
840,5.98
96,6.04
15,6.04
588,0.00
649,6.10
292,6.12
840,12.22
416,6.20
735,6.08
215,6.10
438,0.00
848,12.45
342,6.13
993,12.39
619,6.21
184,0.00
782,5.99
365,6.09
785,18.16
824,6.27
134,6.12
867,6.15
111,6.26
961,0.00
876,0.00
90,6.21
96,6.17
98,0.00
541,0.00
653,6.06
936,0.00
154,6.20
757,6.15
772,12.01
246,6.27
338,6.25
364,6.24
392,6.16
965,0.00
857,6.29
140,6.37
81,6.49
558,0.00
531,0.00
439,6.49
472,0.00
865,0.00
837,6.60
422,6.63
423,6.54
652,6.64
474,6.70
857,6.74
820,0.00
826,6.67
773,12.31
301,6.63
838,12.41
645,6.52
58,6.49
289,6.39
728,6.46
834,6.42
231,6.51
828,0.00
742,6.59
785,6.68
490,6.73
34,6.83
350,6.72
708,0.00
273,6.76
166,6.72
834,0.00
916,12.66
580,6.69
249,6.64
480,6.64
802,0.00
299,6.62
183,6.69
646,6.72
702,0.00
523,6.69
131,6.85
56,6.85
413,6.72
976,6.65
776,6.76
96,6.69
343,6.72
51,6.80
526,0.00
610,6.72
452,12.80
953,6.58
666,6.66
556,0.00
63,6.66
788,0.00
359,0.00
745,13.02
817,13.02
303,6.95
377,6.89
808,6.73
50,6.74
73,6.77
38,6.84
905,0.00
483,12.90
24,6.82
868,0.00
673,0.00
5,6.76
762,0.00
95,6.78
516,0.00
763,0.00
817,6.60
36,6.65
839,0.00
443,6.57
65,6.69
733,0.00
782,6.62
260,6.51
394,6.44
742,0.00
546,6.49
771,6.50
472,6.65
787,13.15
817,13.17
121,6.51
548,0.00
818,13.24
646,6.80
50,6.58
18,0.00
402,0.00
735,0.00
784,6.65
902,0.00
146,6.56
74,6.46
896,0.00
685,6.30
589,6.32
500,6.43
395,6.48
426,6.37
132,6.46
617,13.23
844,6.55
433,6.45
840,6.54
120,6.52
904,6.45
418,0.00
124,6.30
115,6.43
510,6.29
624,6.25
160,6.32
411,0.00
329,6.30
12,6.34
30,6.21
835,6.08
715,0.00
856,0.00
871,12.94
382,0.00
794,13.16
418,6.36
137,6.26
623,6.14
306,6.22
737,0.00
395,6.17
889,13.01
600,6.23
682,6.10
171,6.17
756,0.00
220,6.11
998,0.00
783,6.09
556,0.00
718,6.16
953,0.00
55,6.27
979,0.00
262,6.24
998,6.32
261,6.46
491,0.00
248,6.28
571,0.00
822,0.00
258,6.33
723,0.00
483,6.38
648,6.42
979,6.33
31,6.43
458,0.00
572,6.38
532,6.47
970,0.00
52,6.23
592,12.84
615,6.26
373,6.17
457,0.00
684,6.14
861,6.13
723,6.22
373,6.09
426,6.07
11,6.09
572,0.00
969,0.00
482,0.00
794,0.00
200,5.95
872,0.00
904,12.50
600,12.73
627,12.63
559,6.19
956,6.23
49,6.17
977,12.64
270,6.25
556,0.00
69,6.33
507,0.00
685,6.18
35,6.31
682,0.00
890,6.26
968,6.33
618,0.00
958,12.50
40,6.54
511,12.64
486,6.46
481,0.00
375,6.31
331,6.38
492,6.30
77,6.48
992,0.00
833,6.32
46,6.45
408,6.34
509,0.00
620,6.25
588,6.42
552,0.00
187,6.43
704,0.00
642,6.34
466,6.30
276,0.00
961,25.72
168,6.29
811,6.33
143,6.34
558,6.27
182,6.33
920,6.30
64,6.37
806,0.00
604,6.29
828,6.15
491,6.28
320,6.35
286,6.29
200,6.39
850,0.00
111,6.31
974,0.00
684,6.34
646,6.28
696,6.29
415,6.34
488,12.70
660,12.37
802,6.27
412,6.22
293,6.27
426,0.00
355,6.28
293,6.26
799,6.34
193,6.43
586,0.00
849,6.32
423,6.40
158,6.27
323,0.00
663,0.00
748,12.37
592,6.38
720,6.52
485,6.39
365,6.33
99,6.42
876,6.28
610,6.38
356,6.24
935,6.38
896,12.64
310,6.53
815,6.42
524,0.00
136,6.56
483,6.56
834,0.00
874,6.52
25,6.73
584,0.00
562,6.54
781,6.73
20,6.56
3,6.56
885,6.44
561,0.00
493,6.27
257,6.42
717,6.46
179,6.36
300,6.37
368,6.30
842,6.21
461,6.31
538,6.36
162,6.53
999,0.00
955,12.86
664,6.57
447,6.49
129,0.00
300,6.49
857,6.55
167,6.64
654,0.00
904,6.62
287,6.71
307,6.53
476,0.00
941,6.48
491,6.62
775,0.00
967,6.53
487,6.46
219,6.48
816,6.38
962,6.40
910,6.49
566,0.00
728,6.59
432,0.00
702,13.02
790,6.67
533,6.79
978,12.95
488,6.43
860,6.58
927,6.66
409,0.00
120,6.83
641,0.00
597,6.72
19,6.85
556,0.00
760,6.69
372,6.62
901,0.00
211,6.65
573,0.00
943,12.97
214,6.76
269,6.58
893,0.00
926,13.08
178,6.69
951,6.59
395,12.85
192,6.48
188,6.35
393,6.45
304,6.48
705,0.00
292,6.32
562,0.00
160,6.40
378,6.21
461,6.21
407,0.00
531,6.31
603,12.90
785,6.45
545,6.60
393,6.58
793,0.00
373,12.80
70,6.56
412,6.48
802,6.54
745,6.61
784,0.00
231,6.48
545,0.00
591,6.39
75,0.00
628,6.33
658,0.00
354,6.45
377,6.31
624,0.00
581,6.26
577,0.00
88,6.29
748,0.00
307,6.26
969,12.85
442,12.82
175,6.43
225,0.00
5,6.31
943,6.18
362,6.18
202,6.11
35,6.24
844,6.28
444,6.37
575,0.00
612,6.12
314,0.00
631,6.07
397,6.07
167,6.02
964,6.03
491,6.04
820,12.78
5,6.07
762,12.91
172,6.25
260,6.00
47,5.95
513,5.86
828,0.00
971,0.00
257,5.99
588,12.75
968,6.13
218,6.25
182,6.10
864,0.00
54,5.96
86,5.97
823,5.95
321,5.93
403,0.00
740,5.88
747,12.42
559,6.04
654,12.57
261,12.41
264,5.79
298,5.81
318,5.88
29,5.91
617,5.78
10,5.85
428,0.00
900,5.80
663,5.89
479,5.96
632,5.87
874,5.88
420,5.69
848,5.84
201,6.00
317,5.78
432,5.87
423,0.00
989,5.81
750,12.36
278,5.78
865,5.75
622,5.71
686,0.00
830,5.80
432,5.87
555,5.72
359,0.00
484,5.78
259,5.72
567,5.68
3,0.00
920,12.19
942,6.01
84,5.74
31,5.91
133,5.96
812,0.00
244,5.93
414,5.87
326,5.89
553,12.00
23,5.88
680,0.00
16,5.88
214,5.82
164,5.84
904,0.00
799,5.88
960,6.06
113,5.83
782,12.03
222,5.90
831,25.06
986,12.15
416,0.00
129,5.94
211,6.04
129,5.98
626,0.00
780,5.87
286,5.95
1,5.91
985,5.79
500,5.89
920,0.00
746,12.00
756,6.06
917,5.97
289,6.05
988,12.17
265,6.13
32,6.26
418,6.28
624,0.00
665,6.19
334,6.10
788,12.21
743,6.28
335,6.22
762,0.00
283,6.28
901,0.00
365,6.29
858,6.23
587,6.31
495,0.00
434,0.00
751,6.39
829,12.39
126,6.29
965,0.00
546,0.00
757,6.36
277,6.37
832,6.33
46,6.39
142,12.18
613,6.40
285,6.41
852,6.34
311,6.33
966,6.41
841,6.51
875,6.33
624,12.11
332,6.54
86,6.37
437,6.46
108,6.51
12,6.37
881,6.31
287,6.37
558,6.38
942,18.32
171,6.44
340,0.00
872,0.00
313,6.14
871,0.00
805,6.42
961,12.25
133,6.43
940,0.00
889,6.46
574,6.40
833,6.50
438,6.42
381,6.49
899,12.38
32,6.60
555,12.51
300,6.50
341,6.81
292,6.46
894,0.00
460,0.00
872,6.51
174,6.56
393,6.56
38,6.46
21,6.50
960,0.00
300,6.28
306,6.25
645,6.07
301,6.10
772,6.05
24,6.14
932,18.20
71,6.19
18,6.05
422,12.24
581,6.12
395,6.15
18,5.92
872,0.00
362,6.00
752,0.00
931,6.05
72,6.20
258,6.14
365,6.03
876,0.00
811,6.04
477,0.00
809,5.96
395,6.01
177,6.05
507,0.00
961,5.96
138,6.02
127,6.02
821,0.00
453,6.07
720,0.00
969,0.00
788,0.00
875,6.20
671,0.00
462,6.25
447,0.00
531,6.23
934,0.00
777,6.26
203,6.38
155,6.46
487,0.00
766,6.47
733,6.31
880,6.36
804,6.38
729,12.77
102,6.53
818,12.78
628,12.76
89,6.60
77,6.60
748,6.35
734,12.79
426,6.28
318,6.26
631,0.00
665,6.42
487,6.49
313,6.51
868,0.00
733,12.93
167,6.43
446,0.00
485,6.27
6,6.15
75,0.00
189,12.62
696,6.24
905,6.35
637,6.17
103,6.12
212,6.17
145,6.23
826,0.00
733,6.08
114,6.22
959,6.18
200,0.00
873,6.36
334,6.35
818,0.00
687,6.45
887,18.82
135,6.53
500,6.53
42,6.54
566,0.00
324,6.46
848,12.65
317,6.46
108,6.53
2,6.38
430,6.28
115,6.19
696,0.00
675,6.21
248,6.20
464,0.00
930,6.28
139,6.29
476,6.18
766,0.00
333,6.18
592,6.15
504,6.36
557,6.25
878,6.20
440,6.30
417,0.00
124,6.21
443,0.00
232,6.26
423,6.29
207,6.26
183,6.07
958,12.15
165,5.95
417,6.00
910,5.87
305,6.03
232,5.93
113,5.93
992,0.00
552,5.77
477,0.00
510,0.00
68,5.95
349,5.90
529,0.00
416,0.00
622,12.44
378,5.84
33,5.80
777,0.00
695,5.78
875,0.00
565,5.94
573,5.96
780,12.40
117,6.03
783,0.00
232,6.06
422,5.95
90,5.92
600,5.84
240,0.00
773,5.90
702,0.00
994,12.37
591,0.00
456,5.93
730,6.17
245,0.00
945,6.15
51,6.16
311,6.10
970,6.14
465,0.00
569,6.13
678,0.00
472,6.20
565,6.16
362,0.00
383,6.32
241,6.43
59,6.27
860,6.21
894,0.00
140,6.07
476,6.22
97,6.01
928,6.14
383,0.00
253,6.22
267,6.17
541,0.00
914,25.08
445,6.32
590,6.47
522,0.00
850,13.08
810,6.85
241,6.73
261,6.81
487,0.00
850,6.64
63,6.71
104,6.75
177,6.69
280,0.00
614,6.77
715,6.78
83,6.87
501,6.76
505,0.00
1000,12.99
563,0.00
977,0.00
839,6.82
837,6.95
197,6.83
135,6.78
101,6.76
139,6.75
482,6.77
993,6.82
139,6.88
822,0.00
181,6.80
63,6.61
951,0.00
246,6.68
43,6.73
679,0.00
314,6.48
668,6.48
153,6.50
139,6.59
574,0.00
257,6.55
391,6.47
403,0.00
207,6.48
676,0.00
161,6.38
382,6.26
323,0.00
684,6.26
556,0.00
351,6.30
341,6.30
671,6.24
286,6.29
920,0.00
874,6.23
88,6.17
930,12.14
180,6.28
350,6.36
24,6.11
411,6.15
706,12.35
231,6.19
664,6.27
362,6.28
138,6.22
128,6.13
523,0.00
717,6.01
659,0.00
373,6.11
313,6.05
915,6.02
27,0.00
25,6.11
832,0.00
488,6.24
835,0.00
996,12.42
14,6.21
331,6.18
27,6.19
637,6.19
339,6.33
230,0.00
263,12.45
565,6.14
815,12.45
882,0.00
134,6.01
176,6.03
873,5.85
763,0.00
996,5.96
794,6.04
38,5.93
119,5.86
535,5.86
144,5.94
721,5.85
81,5.94
37,5.75
867,5.66
624,5.66
555,5.77
175,5.62
998,5.61
609,5.76
904,0.00
730,5.74
897,12.71
668,12.67
434,6.20
531,6.01
683,0.00
564,0.00
228,6.13
748,0.00
650,6.23
697,0.00
433,6.19
998,0.00
33,6.16
932,6.18
318,6.33
368,6.31
262,6.31
979,0.00
921,6.40
447,6.37
849,6.42
514,6.51
174,6.38
914,0.00
254,6.46
151,6.35
926,0.00
315,6.33
797,6.35
731,6.39
850,0.00
760,6.37
363,12.47
950,6.34
143,6.39
365,6.37
307,6.45
7,6.21
594,6.17
704,0.00
345,6.12
36,6.27
466,6.09
561,6.18
449,6.04
494,0.00
920,6.04
164,6.18
731,6.12
558,6.05
960,0.00
29,6.21
163,6.22
531,12.20
591,6.20
659,6.24
91,6.22
86,6.07
379,6.04
714,6.04
452,6.05
435,6.05
586,11.92
661,6.01
20,0.00
847,6.09
290,6.09
101,5.88
768,5.95
196,6.07
263,6.11
299,11.66
906,11.66
118,6.22
912,0.00
2,6.08
645,0.00
406,6.08
948,6.13
385,6.26
210,6.28
288,6.05
430,5.99
102,5.86
737,5.86
370,5.99
443,6.00
378,5.87
917,0.00
996,5.97
189,6.02
493,6.03
461,5.90
444,0.00
478,12.22
610,6.07
710,0.00
911,5.89
321,5.98
345,6.03
544,5.89
528,6.02
512,5.80
94,5.87
350,5.79
840,5.79
968,5.77
195,5.76
503,5.76
774,0.00
848,5.84
522,5.85
20,5.89
224,12.11
545,5.88
538,12.24
601,5.88
256,5.96
714,12.02
56,5.75
507,5.71
163,5.87
399,5.85
993,5.82
375,5.89
8,5.99
343,5.84
660,0.00
657,5.82
556,11.97
241,5.88
587,5.73
877,0.00
683,5.76
929,5.87
232,6.02
373,0.00
202,5.81
34,5.92
640,5.92
272,5.96
559,0.00
637,5.92
331,0.00
475,12.03
320,6.03
488,11.99
474,6.08
101,0.00
596,6.16
965,6.26
957,0.00
279,6.22
135,6.20
678,0.00
695,6.27
128,6.17
806,0.00
944,6.05
430,6.09
709,0.00
433,6.26
327,0.00
909,6.27
725,6.26
642,0.00
240,6.06
571,6.16
801,6.24
476,6.17
348,6.09
514,6.09
854,6.15
48,6.27
13,6.16
476,6.09
526,6.09
852,0.00
369,0.00
799,6.14
22,6.15
436,0.00
472,0.00
197,6.31
652,0.00
198,6.15
717,6.22
568,6.27
427,6.19
252,6.17
516,0.00
824,6.08
293,6.09
12,6.17
486,0.00
172,6.07
115,0.00
851,0.00
990,6.18
29,6.30
759,0.00
809,6.26
906,6.25
2,6.36
416,6.21
404,0.00
319,6.21
598,6.29
81,6.36
831,0.00
639,18.35
780,6.40
805,6.40
325,6.39
841,12.22
102,6.40
909,6.17
998,6.28
161,6.35
744,0.00
17,6.31
855,0.00
578,6.27
128,6.22
803,0.00
590,0.00
981,6.21
208,6.23
767,0.00
792,5.99
714,0.00
779,6.05
161,6.00
549,6.10
545,6.28
441,6.10
319,0.00
45,6.02
503,0.00
899,5.89
570,5.93
263,6.02
735,6.03
978,0.00
460,6.16
678,12.44
234,6.17
574,0.00
328,0.00
558,6.09
524,0.00
380,6.04
351,6.04
41,6.02
300,6.06
690,0.00
973,6.02
439,6.06
73,6.08
552,5.92
264,6.01
321,5.95
569,5.95
97,0.00
995,12.16
353,6.11
347,6.01
206,6.01
188,6.03
763,6.08
103,6.03
246,6.03
45,5.97
961,0.00
251,6.00
763,6.10
84,6.04
260,6.19
535,0.00
695,6.04
996,6.03
140,5.97
796,0.00
776,5.96
759,6.08
228,6.20
332,6.09
912,0.00
740,0.00
594,6.19
750,6.18
914,6.22
376,6.15
737,6.18
750,6.29
728,12.44
963,6.37
353,6.40
289,0.00
786,6.35
603,6.32
573,0.00
722,6.45
353,6.52
564,0.00
912,0.00
912,12.83
803,6.73
613,6.74
77,6.83
493,6.81
244,6.81
279,0.00
130,6.74
713,0.00
779,18.85
866,12.72
485,6.67
159,6.51
138,6.51
244,6.49
363,6.53
123,6.62
461,0.00
769,6.49
113,6.43
797,0.00
326,6.37
804,18.70
334,6.43
973,6.43
400,6.47
63,6.38
274,0.00
538,6.48
382,6.61
447,0.00
165,6.50
253,6.51
149,6.45
335,6.38
707,6.36
689,6.41
922,6.50
10,6.61
529,0.00
349,6.53
353,6.39
161,0.00
659,0.00
825,6.54
739,6.63
527,0.00
507,12.70
121,6.55
713,6.63
652,0.00
257,6.68
254,6.57
800,0.00
15,6.54
628,0.00
653,6.67
891,0.00
269,6.62
668,6.67
897,0.00
548,6.74
623,6.75
334,6.71
674,0.00
453,6.70
182,6.67
255,0.00
961,6.74
241,6.58
81,6.53
362,6.54
180,6.48
569,0.00
967,12.75
899,6.32
978,0.00
857,12.60
790,6.33
131,6.10
143,6.18
148,6.11
678,18.77
345,5.99
262,5.87
632,0.00
946,5.75
622,5.73
104,5.94
788,0.00
704,5.90
511,0.00
588,5.90
826,12.47
179,6.03
251,6.06
963,5.92
676,0.00
474,6.06
315,6.09
715,6.02
936,12.32
204,6.09
507,0.00
323,5.66
836,0.00
165,5.78
640,0.00
443,5.83
264,5.80
951,0.00
603,5.76
773,0.00
695,5.78
338,0.00
110,5.76
879,12.23
251,5.64
706,12.20
361,5.55
480,0.00
138,5.64
181,5.64
40,5.65
63,5.53
247,0.00
275,5.41
969,11.86
377,5.54
826,0.00
27,5.50
836,0.00
904,5.37
161,5.29
545,5.20
736,0.00
648,5.41
856,5.31
277,5.32
537,0.00
913,0.00
521,5.52
964,5.47
488,0.00
654,5.61
955,11.90
440,5.72
725,11.97
846,18.25
197,5.70
715,5.73
374,5.79
711,5.79
492,0.00
816,0.00
672,5.73
601,5.77
521,0.00
278,5.71
94,5.78
704,5.56
461,0.00
536,5.65
35,5.73
54,5.77
8,5.86
894,11.78
395,5.68
282,0.00
717,5.71
986,11.69
548,0.00
432,0.00
833,5.75
905,12.00
805,5.98
907,6.01
878,11.90
290,6.08
781,6.12
83,6.21
828,6.19
294,6.21
109,6.24
194,6.22
526,6.23
56,6.24
954,0.00
624,6.19
582,0.00
257,6.09
774,11.93
329,6.28
831,6.24
328,6.30
574,6.25
508,0.00
980,0.00
578,6.33
987,6.40
737,0.00
402,6.51
965,0.00
921,11.96
66,6.53
30,6.57
369,0.00
421,0.00
691,6.53
219,0.00
991,0.00
775,6.51
184,6.64
293,6.66
624,0.00
371,6.57
914,0.00
30,6.43
137,6.33
618,0.00
766,12.00
793,6.31
819,0.00
438,0.00
162,6.21
960,6.26
212,6.34
433,0.00
339,6.18
623,0.00
523,6.40
181,6.28
554,0.00
580,0.00
977,17.93
923,0.00
849,0.00
927,12.09
799,6.44
137,6.50
14,6.51
307,6.41
242,6.36
370,6.31
847,6.12
414,6.25
900,6.08
443,0.00
942,18.01
89,6.19
378,6.11
772,0.00
590,12.30
393,12.46
864,12.46
603,6.36
397,0.00
734,0.00
544,0.00
43,6.23
7,6.12
452,0.00
307,6.05
367,6.16
513,6.16
373,6.19
931,17.93
245,6.13
397,0.00
432,0.00
284,12.39
756,12.42
936,6.26
107,6.27
349,6.20
634,12.46
909,6.22
163,6.23
162,6.17
908,0.00
365,6.15
841,0.00
402,0.00
246,6.12
465,6.12
775,0.00
932,12.72
15,6.42
776,0.00
372,0.00
487,6.07
605,0.00
654,6.16
837,0.00
966,12.73
923,6.43
113,6.37
341,6.36
703,6.38
902,6.43
816,18.58
174,6.49
475,0.00
963,12.72
633,6.58
761,6.62
797,18.56
634,6.72
50,6.87
741,6.65
220,6.69
640,6.70
185,0.00
674,6.65
930,13.10
551,6.69
383,6.86
877,6.73
245,6.82
744,0.00
942,6.85
948,13.33
416,6.93
226,6.93
40,7.04
500,0.00
992,7.01
705,7.15
280,7.01
101,7.05
800,0.00
503,7.07
207,7.01
975,6.93
158,0.00
411,6.85
745,6.78
8,6.87
405,0.00
621,6.81
1,6.94
101,6.98
159,6.95
359,0.00
480,0.00
596,6.89
542,0.00
360,6.89
191,6.97
798,0.00
684,13.02
992,19.28
81,6.86
812,6.77
29,6.87
415,0.00
188,6.76
289,6.68
587,6.60
276,0.00
28,6.58
66,6.63
761,0.00
775,6.45
846,6.62
238,6.72
801,12.85
861,6.78
77,6.58
881,6.47
260,6.62
20,6.70
835,6.50
148,0.00
534,0.00
341,6.37
457,0.00
853,6.41
168,6.49
355,6.48
57,6.47
495,12.94
343,6.38
598,6.27
104,6.45
278,6.33
708,6.27
542,6.28
809,0.00
761,0.00
892,6.07
278,6.14
494,6.29
834,0.00
499,12.84
980,12.92
890,6.12
127,6.17
253,6.03
305,6.04
109,5.85
558,0.00
913,5.85
807,5.89
877,6.02
261,5.84
810,0.00
916,13.18
317,6.02
602,6.07
177,6.19
526,5.98
347,6.07
836,6.11
905,6.24
826,13.21
289,6.38
146,6.25
603,6.36
647,6.40
375,0.00
697,6.28
218,6.36
91,6.44
682,6.44
341,6.52
109,6.42
562,6.36
482,0.00
759,6.36
837,6.48
492,0.00
264,13.21
737,6.56
850,6.63
314,6.43
53,6.34
567,6.54
568,0.00
292,6.67
44,6.55
341,6.50
882,0.00
707,0.00
347,0.00
503,6.37
398,12.88
766,6.45
807,6.42
447,6.43
21,6.48
564,0.00
626,6.38
591,6.40
419,6.48
200,6.46
360,6.46
750,0.00
959,6.34
339,6.36
61,6.43
985,6.39
725,6.51
153,6.36
499,0.00
758,0.00
683,12.79
865,6.59
593,0.00
109,6.36
18,6.32
964,12.48
562,6.23
837,0.00
656,12.50
377,6.30
737,6.29
444,6.34
817,6.34
385,6.48
238,6.50
370,0.00
358,6.26
962,12.18
785,6.35
49,6.34
345,6.18
832,0.00
33,6.25
532,0.00
342,6.31
535,6.25
52,6.39
483,6.30
419,0.00
879,0.00
689,12.49
517,6.19
636,6.20
420,6.31
418,6.10
352,0.00
129,6.07
836,6.21
866,6.42
558,0.00
909,6.14
472,6.28
347,6.26
662,6.26
300,0.00
126,6.41
757,6.33
316,6.44
742,6.28
422,0.00
868,12.80
136,6.24
290,12.57
803,6.11
914,6.22
4,6.26
403,6.26
797,0.00
810,6.21
740,6.28
590,6.30
430,0.00
172,6.34
6,6.36
497,0.00
295,6.34
442,6.22
819,0.00
490,0.00
366,6.24
988,6.36
142,6.14
523,6.28
948,6.31
355,12.54
65,6.49
699,0.00
752,6.39
788,6.42
633,6.43
331,6.48
443,6.40
607,0.00
797,19.15
527,12.79
967,6.48
981,6.49
473,6.54
557,6.58
606,6.59
825,6.65
520,0.00
355,6.46
316,6.39
949,0.00
293,6.44
706,0.00
166,6.42
147,6.44
706,6.26
925,6.40
33,6.29
228,6.38
66,6.24
523,6.20
555,0.00
788,6.08
71,6.12
973,0.00
974,6.12
750,6.02
219,6.08
874,0.00
592,0.00
825,5.86
739,6.02
114,0.00
148,5.96
224,5.87
753,5.85
592,0.00
786,5.97
508,0.00
869,6.12
540,6.13
573,12.38
868,12.49
987,12.41
631,6.15
710,0.00
475,6.15
649,0.00
359,6.18
807,0.00
116,6.28
458,6.26
842,6.26
866,6.39
265,6.32
880,12.50
46,6.41
829,0.00
862,6.30
944,6.27
528,6.49
422,0.00
30,6.30
516,0.00
974,12.60
929,6.25
348,6.11
468,6.14
746,6.27
965,12.59
517,12.80
426,6.38
360,6.40
526,12.78
944,6.27
257,6.25
698,0.00
957,6.34
123,6.35
107,6.29
937,0.00
771,6.08
649,6.12
665,0.00
932,0.00
469,6.26
739,6.44
612,6.51
257,6.48
300,6.56
584,6.47
463,6.44
914,6.54
116,6.60
336,6.64
811,6.61
590,6.69
809,6.64
566,6.69
652,12.80
56,6.78
715,12.68
355,6.80
698,0.00
663,6.70
69,6.66
315,6.66
383,0.00
460,6.64
844,6.70
878,6.78
168,6.88
13,6.69
521,0.00
227,6.65
849,6.67
35,6.67
924,0.00
903,19.04
936,6.64
469,6.66
697,6.58
632,0.00
400,6.72
886,0.00
649,6.72
545,0.00
448,6.63
983,6.71
288,6.71
783,6.71
697,0.00
993,6.66
245,0.00
368,6.66
313,6.45
644,0.00
487,6.51
295,6.44
270,6.53
858,6.50
803,6.61
451,6.53
222,6.49
565,6.39
250,6.21
645,0.00
387,12.64
160,6.33
112,6.17
540,0.00
469,6.16
316,6.10
995,12.44
317,6.17
920,6.24
859,12.51
996,6.38
57,6.37
219,6.32
512,12.55
258,6.50
64,0.00
953,0.00
356,6.50
479,0.00
412,6.32
733,0.00
573,6.21
292,6.36
952,0.00
610,0.00
358,6.27
323,6.36
691,6.29
859,6.38
552,6.30
236,6.26
694,0.00
212,6.17
456,6.17
804,18.84
214,6.25
563,6.02
496,6.19
81,6.13
530,0.00
895,0.00
897,0.00
458,6.04
140,6.11
724,6.08
240,6.14
717,6.23
868,12.89
233,6.14
990,18.84
371,6.35
93,6.35
210,0.00
66,6.30
949,0.00
925,6.09
98,6.05
741,0.00
512,0.00
567,6.02
903,12.76
541,5.96
936,5.97
57,6.08
943,6.14
251,6.01
308,0.00
957,0.00
742,6.15
789,6.31
277,6.37
770,12.89
32,6.40
413,0.00
280,6.36
990,19.09
418,12.94
260,6.55
333,6.56
927,12.96
137,6.57
44,6.51
720,6.42
458,6.49
434,6.49
229,6.49
165,0.00
242,6.51
738,0.00
703,0.00
668,6.51
784,6.56
96,6.49
314,6.46
857,6.28
38,6.28
491,0.00
751,6.23
915,6.25
83,6.35
797,0.00
971,6.34
196,6.33
296,6.40
859,0.00
9,6.23
407,0.00
119,6.19
725,12.40
905,6.10
941,19.22
355,0.00
261,6.09
758,6.22
705,6.21
559,6.20
431,6.20
706,6.22
14,6.28
912,0.00
625,6.20
386,6.28
469,0.00
592,0.00
285,6.09
72,6.04
995,12.27
3,6.01
83,0.00
259,5.98
302,5.86
873,5.89
907,5.90
348,5.91
924,5.92
411,0.00
978,0.00
637,0.00
743,6.09
323,6.05
855,5.99
310,6.18
625,6.05
594,12.07
52,6.15
703,0.00
410,5.74
835,5.70
870,0.00
359,0.00
24,5.70
696,0.00
640,5.65
991,12.29
256,5.71
699,0.00
985,5.98
963,5.96
154,6.01
983,0.00
404,6.00
183,6.02
989,25.13
741,6.03
143,6.03
812,6.06
484,0.00
230,5.97
336,0.00
700,5.99
51,5.97
39,5.87
833,0.00
945,0.00
299,5.75
735,5.79
203,5.87
623,0.00
15,5.96
909,12.05
569,12.10
662,6.07
81,6.08
509,5.86
445,0.00
907,12.11
510,12.11
914,6.02
78,6.04
835,5.96
987,0.00
394,6.10
664,6.08
406,0.00
459,0.00
230,6.08
819,6.08
877,6.15
931,18.37
335,6.34
524,6.19
67,6.31
566,12.17
71,6.31
547,6.37
772,6.30
30,6.43
93,6.26
517,0.00
662,6.24
780,6.33
242,6.22
281,6.18
458,12.22
41,6.19
965,6.02
114,6.13
268,6.03
814,0.00
683,0.00
315,6.05
827,12.13
407,5.99
733,5.96
945,6.08
260,0.00
876,5.98
337,5.90
42,6.05
367,6.03
115,6.07
585,0.00
933,5.99
893,11.67
786,5.82
154,5.71
670,5.74
639,5.79
347,5.63
483,0.00
123,5.73
708,5.73
399,5.78
282,5.56
4,5.56
854,11.64
366,5.84
26,5.85
110,5.79
130,5.77
153,5.71
882,5.71
23,0.00
264,0.00
844,5.79
44,5.97
891,5.87
306,5.88
156,5.83
586,5.73
161,5.85
884,0.00
520,0.00
426,0.00
884,5.75
25,5.72
516,0.00
493,0.00
978,11.64
150,5.41
175,5.42
320,5.38
220,5.40
321,5.38
800,5.40
604,0.00
737,5.54
900,5.60
126,5.56
683,5.37
781,5.37
8,5.39
534,0.00
745,0.00
250,5.36
469,0.00
459,5.46
810,5.46
223,5.59
490,0.00
549,0.00
574,0.00
392,0.00
931,0.00
648,5.58
733,0.00
417,0.00
568,5.66
480,5.74
47,5.85
997,11.64
332,5.69
495,5.57
50,5.70
595,5.80
583,11.83
52,5.81
747,5.61
919,11.84
952,11.96
310,5.88
574,5.86
852,5.84
75,5.88
221,5.85
559,5.96
490,6.05
631,6.05
916,6.11
254,6.00
750,6.12
959,17.90
409,5.94
477,0.00
104,6.21
52,6.19
288,6.09
757,0.00
358,6.16
51,6.12
303,6.12
338,0.00
201,6.18
370,6.15
207,5.98
584,0.00
1,6.03
704,6.02
151,6.03
192,6.09
632,0.00
964,5.85
252,5.98
886,5.93
975,5.82
953,17.71
138,6.04
351,0.00
862,11.91
924,0.00
873,12.00
407,6.28
487,6.41
97,6.46
980,0.00
500,6.56
533,6.61
414,6.72
402,0.00
220,6.56
489,0.00
100,6.51
127,6.43
68,6.39
129,6.34
396,0.00
167,6.30
928,0.00
882,6.21
273,6.28
904,6.31
357,6.38
331,6.19
896,0.00
561,6.20
356,6.41
259,6.34
67,6.27
333,6.26
822,0.00
692,6.20
12,6.32
330,6.26
595,0.00
459,6.20
342,6.18
927,0.00
328,6.22
659,0.00
772,12.07
482,6.33
105,6.24
401,0.00
374,6.32
864,0.00
742,6.31
622,6.32
246,6.25
541,12.10
289,6.20
216,6.26
275,6.15
608,0.00
607,6.06
257,6.14
722,0.00
797,12.20
615,6.08
53,6.08
384,6.12
184,5.92
347,0.00
890,5.98
224,6.10
788,0.00
829,6.14
594,0.00
90,6.03
938,6.11
506,6.16
700,0.00
974,6.28
67,6.43
708,0.00
397,6.39
794,0.00
987,6.38
41,6.50
218,6.56
634,6.35
737,6.38
471,12.26
904,6.31
127,6.35
550,0.00
218,6.20
759,0.00
864,6.14
967,0.00
409,6.22
991,18.15
120,6.26
261,6.14
528,0.00
945,6.25
360,6.35
341,6.34
164,6.42
430,6.37
825,0.00
814,18.16
655,12.66
567,6.38
14,6.21
888,0.00
576,6.15
236,6.33
523,6.29
735,0.00
988,0.00
259,6.25
552,6.24
446,6.27
641,6.30
184,6.36
185,6.23
620,0.00
660,6.08
248,6.10
953,0.00
917,6.07
594,0.00
680,6.07
820,12.30
70,6.05
220,6.03
258,6.12
853,6.12
959,0.00
135,6.19
429,0.00
31,6.15
316,12.18
458,6.21
958,12.39
151,6.27
806,6.11
381,0.00
168,6.05
157,6.12
708,12.20
30,6.07
379,0.00
850,6.17
282,12.26
458,6.26
815,6.33
150,6.12
561,0.00
124,6.13
938,0.00
834,6.04
63,6.08
289,6.13
623,0.00
876,0.00
520,6.02
759,0.00
518,0.00
778,12.58
866,0.00
327,12.56
305,6.11
952,6.09
61,6.10
849,6.07
339,6.13
45,6.23
887,12.18
237,6.05
840,6.09
935,6.10
7,6.11
266,6.01
976,6.01
471,6.15
476,6.19
165,0.00
969,6.20
598,12.71
349,6.33
857,12.80
204,6.25
358,12.54
515,6.46
945,6.27
887,6.20
291,6.30
622,0.00
773,6.44
324,6.44
647,6.49
757,6.58
542,0.00
837,6.35
210,6.46
177,6.39
216,0.00
287,6.39
545,0.00
484,0.00
520,6.43
726,6.51
580,0.00
37,6.55
936,0.00
197,12.71
351,6.52
627,6.53
497,0.00
63,6.50
78,6.49
621,0.00
904,6.39
709,0.00
294,6.47
203,6.44
384,6.37
771,6.39
491,6.40
24,6.53
171,6.39
18,6.35
40,6.35
965,0.00
180,6.35
953,0.00
105,6.41
358,6.36
982,6.31
460,12.34
307,6.55
606,0.00
992,6.44
257,6.37
73,6.43
568,0.00
315,6.41
100,6.39
299,6.25
506,6.22
223,0.00
658,0.00
503,0.00
212,6.24
696,6.25
399,12.19
503,6.27
399,6.13
69,6.11
671,0.00
790,6.18
196,6.22
972,0.00
290,12.27
764,6.06
240,6.18
784,0.00
250,6.10
624,0.00
451,0.00
53,6.08
258,6.09
74,6.01
455,0.00
198,12.28
824,12.34
868,6.00
707,6.12
674,6.15
33,6.01
491,5.91
344,5.97
294,5.90
450,5.83
608,0.00
681,5.71
132,5.86
800,0.00
879,5.81
142,5.81
817,12.38
349,6.07
474,0.00
140,6.00
575,5.91
188,6.03
432,5.85
882,0.00
669,6.04
429,5.87
734,5.94
469,0.00
644,6.09
749,12.74
196,6.12
822,0.00
439,6.11
736,0.00
582,6.22
267,6.27
622,0.00
244,6.28
265,6.35
946,6.46
208,6.31
156,6.31
912,0.00
419,6.31
191,0.00
865,6.42
318,6.40
205,6.38
664,0.00
312,6.48
964,12.69
260,6.43
738,12.79
74,6.35
167,0.00
505,6.16
646,6.16
410,0.00
65,6.39
270,6.41
339,6.25
200,6.28
123,6.17
784,12.49
871,6.23
628,12.46
746,6.32
999,6.33
27,6.41
316,6.54
931,0.00
602,6.45
159,6.42
722,0.00
882,0.00
647,6.65
870,6.71
106,6.64
32,6.55
42,0.00
310,6.71
493,0.00
871,6.62
563,6.76
616,0.00
830,6.84
473,6.90
34,6.94
710,12.82
870,6.86
295,6.75
869,6.83
186,7.03
565,0.00
151,6.86
499,0.00
482,6.77
58,6.80
43,6.72
775,12.56
5,6.76
106,6.51
286,6.51
37,6.63
228,6.49
499,0.00
8,6.57
171,6.57
966,0.00
163,6.44
932,0.00
231,6.42
517,6.45
209,6.43
518,6.27
40,6.24
22,6.34
999,12.39
126,6.29
69,0.00
600,0.00
601,6.20
788,6.22
312,6.12
656,0.00
398,6.04
70,6.00
809,6.00
823,5.93
546,5.93
584,6.08
366,6.06
834,6.06
912,6.12
990,12.58
334,6.31
153,6.16
768,6.10
739,6.18
567,12.48
860,0.00
750,6.51
355,6.37
50,6.24
928,6.37
643,0.00
440,6.45
856,6.46
644,12.62
231,6.29
160,6.18
662,6.11
301,6.17
660,6.01
538,0.00
858,6.15
198,6.13
931,0.00
437,5.88
455,6.01
562,5.99
294,6.13
481,5.96
380,6.07
172,5.92
349,5.94
925,12.70
229,5.92
179,0.00
584,5.78
460,5.95
857,6.01
906,12.71
190,5.99
721,5.79
585,0.00
733,5.85
359,5.80
885,0.00
339,5.99
757,0.00
568,6.08
57,6.12
623,6.00
354,0.00
215,6.00
183,6.08
591,5.88
298,6.10
173,6.00
688,0.00
440,0.00
418,6.05
727,6.02
174,6.03
705,0.00
806,6.01
731,6.06
39,6.06
401,0.00
594,6.02
633,12.13
964,6.07
62,6.12
279,6.04
133,6.04
690,6.06
203,6.20
485,0.00
649,0.00
422,6.13
832,5.99
589,6.14
177,6.01
542,5.94
868,5.85
78,5.98
455,6.07
919,0.00
917,18.65
808,12.44
19,5.97
929,5.98
514,5.82
393,5.85
13,5.99
669,5.91
997,12.44
737,6.03
263,6.04
936,6.12
186,6.01
29,6.09
124,6.02
441,6.02
580,0.00
673,5.97
716,0.00
348,5.94
699,0.00
995,5.91
663,6.03
834,0.00
704,5.92
532,5.98
645,6.05
596,6.02
703,0.00
633,6.03
189,5.94
498,5.94
85,6.02
649,5.89
874,5.91
465,0.00
655,0.00
501,5.71
651,5.88
685,5.95
466,5.93
903,6.00
311,6.10
494,0.00
469,5.95
199,5.96
370,6.03
963,5.94
418,5.95
70,5.94
175,5.96
222,5.98
645,0.00
346,5.93
221,6.05
392,5.92
434,0.00
941,11.96
905,12.06
294,5.91
683,0.00
379,5.91
156,5.97
479,5.92
272,5.93
915,0.00
989,12.12
199,5.98
314,5.95
700,0.00
692,0.00
278,5.97
68,5.97
332,0.00
738,11.99
695,5.85
132,5.86
770,11.97
914,6.05
147,6.06
687,6.00
154,6.13
3,6.05
809,6.07
260,6.03
959,11.96
650,6.05
855,12.16
551,6.05
162,0.00
470,6.05
323,5.90
488,5.93
36,5.96
444,0.00
668,5.87
278,6.00
68,5.97
170,5.95
622,5.87
165,5.96
454,0.00
846,11.84
541,5.86
68,5.96
359,5.77
224,0.00
471,0.00
472,5.71
727,5.89
856,6.00
252,5.94
3,5.98
365,5.94
14,5.93
584,11.83
842,6.00
619,6.01
696,17.72
354,6.02
481,0.00
960,11.84
394,5.95
365,5.89
312,5.95
157,5.85
454,0.00
209,6.01
982,0.00
93,6.01
679,6.02
407,11.83
199,5.99
175,5.94
550,5.91
95,5.92
247,0.00
133,6.00
690,5.90
77,5.84
441,5.85
984,11.83
68,5.84
898,11.64
286,5.76
971,17.99
282,5.78
140,5.87
231,5.73
844,0.00
235,0.00
658,5.78
330,5.83
893,5.68
93,5.80
456,5.84
179,5.91
665,0.00
659,5.65
32,5.79
327,5.78
600,0.00
860,5.78
645,5.93
401,5.74
384,5.84
641,0.00
195,5.81
123,5.75
696,0.00
945,5.68
249,5.74
733,5.80
375,5.81
476,5.75
544,5.75
915,11.88
233,5.91
568,5.91
951,5.96
207,5.90
310,5.79
382,5.99
254,5.87
811,5.81
1,5.90
634,0.00
359,5.93
718,0.00
389,5.93
820,5.84
186,0.00
429,0.00
515,5.74
776,0.00
93,5.77
854,5.73
294,5.82
640,0.00
610,0.00
972,17.46
890,5.73
880,5.80
9,5.96
108,0.00
529,0.00
933,11.87
229,5.93
203,5.94
515,5.82
759,5.90
373,5.81
609,0.00
455,0.00
836,5.85
148,5.88
746,5.81
844,0.00
707,6.03
717,6.09
178,6.16
187,6.13
870,0.00
827,11.95
423,6.24
784,12.04
174,6.26
730,6.36
95,6.24
566,6.17
519,6.29
768,0.00
714,6.16
362,6.12
516,0.00
204,6.08
680,6.08
697,6.12
858,6.07
116,0.00
582,0.00
235,6.20
359,11.81
417,6.14
239,6.15
73,5.98
856,5.98
155,6.00
710,0.00
550,11.79
867,0.00
167,6.05
393,6.15
604,6.19
449,0.00
123,6.13
362,0.00
566,0.00
109,5.95
525,0.00
877,11.80
796,5.97
246,6.15
577,0.00
295,6.07
202,6.06
575,0.00
641,6.14
673,6.16
732,12.01
558,6.20
620,6.35
112,6.25
484,0.00
234,6.21
792,0.00
402,6.25
516,6.24
571,0.00
923,6.19
466,6.31
939,18.26
101,6.49
530,6.26
25,0.00
21,6.37
534,0.00
92,6.32
230,6.29
490,12.12
497,6.33
752,6.40
571,0.00
842,6.26
570,6.23
854,6.13
757,6.18
440,5.88
130,6.08
21,5.99
193,5.99
788,0.00
848,5.97
285,5.89
487,0.00
93,5.93
489,0.00
608,6.01
901,5.91
121,6.00
577,0.00
852,5.94
303,6.01
126,5.91
900,0.00
936,5.89
501,5.95
264,5.83
235,5.78
947,0.00
419,5.78
647,11.86
242,6.12
418,0.00
523,0.00
911,5.92
996,5.93
918,12.05
91,5.91
381,0.00
496,5.88
798,12.05
614,12.12
287,5.92
992,0.00
610,6.04
384,6.07
288,6.16
755,0.00
179,5.95
532,5.99
469,0.00
492,5.99
652,5.98
133,0.00
421,0.00
416,0.00
61,5.96
927,0.00
918,12.26
486,6.03
255,6.03
171,5.85
523,0.00
320,5.93
149,6.01
669,0.00
512,5.92
205,5.91
971,0.00
572,0.00
470,0.00
723,5.91
912,0.00
824,5.95
263,6.19
877,0.00
739,6.10
304,6.20
811,0.00
493,0.00
248,6.36
992,0.00
943,12.72
988,12.74
411,12.77
121,6.39
745,12.71
443,6.56
374,0.00
838,6.37
584,6.50
452,0.00
546,6.50
344,6.56
682,6.65
185,6.66
5,6.51
169,0.00
184,6.53
520,6.57
642,0.00
257,6.49
336,6.42
164,0.00
583,6.53
604,12.38
885,6.64
963,6.57
588,0.00
971,12.62
511,6.78
270,6.75
933,6.93
92,6.82
295,6.93
750,0.00
898,12.84
284,6.76
160,6.81
330,6.75
994,6.85
403,6.97
704,0.00
693,6.90
841,6.88
510,0.00
732,7.02
323,7.10
243,6.93
650,6.92
553,6.96
988,6.97
87,6.98
395,7.00
551,6.90
769,6.88
837,6.91
664,6.89
799,6.93
849,7.01
350,7.00
392,0.00
116,7.13
166,7.13
767,0.00
102,6.99
518,0.00
140,6.99
194,6.99
268,6.93
533,0.00
9,7.02
333,7.02
128,7.05
216,6.90
748,0.00
472,6.77
451,6.82
39,6.77
510,6.53
768,0.00
123,6.52
990,6.39
148,6.42
283,6.44
103,6.30
245,6.34
667,6.20
135,6.31
771,6.29
367,0.00
542,6.32
903,0.00
729,6.40
326,6.45
101,6.26
186,6.29
576,0.00
348,6.21
588,6.20
16,6.32
653,12.86
731,6.42
637,6.21
502,0.00
522,6.17
192,6.21
656,0.00
24,6.09
740,0.00
438,5.96
89,5.94
90,5.95
93,5.84
966,0.00
672,5.94
177,5.93
808,0.00
992,0.00
212,5.98
432,5.83
846,0.00
21,5.85
520,5.81
589,0.00
973,12.72
37,5.82
747,0.00
788,5.78
559,0.00
452,0.00
215,5.65
825,5.73
137,5.86
871,0.00
724,5.72
738,0.00
793,0.00
873,0.00
924,5.79
348,5.90
645,5.73
426,5.84
528,5.92
689,5.93
664,5.99
550,5.97
244,6.11
227,6.16
300,5.96
25,6.05
575,6.02
707,6.04
4,6.17
230,6.09
703,0.00
605,5.98
53,6.02
463,6.14
86,6.18
305,6.18
159,6.16
910,0.00
981,0.00
996,12.41
664,6.14
38,6.14
919,19.00
91,6.20
270,6.07
983,19.01
654,6.27
622,6.40
550,0.00
777,6.35
182,6.32
734,6.33
526,12.60
818,6.34
94,6.35
561,6.34
481,6.42
936,6.38
333,6.48
298,6.42
608,6.37
233,6.57
466,6.36
613,6.35
65,6.41
458,6.44
734,6.49
66,6.57
157,6.59
913,0.00
18,6.47
202,6.47
67,6.40
661,0.00
545,6.40
50,6.39
796,0.00
948,6.39
67,6.38
503,6.38
488,6.42
991,12.12
567,6.49
537,6.57
357,6.63
434,6.37
314,6.51
590,0.00
238,6.47
367,0.00
379,6.46
770,0.00
709,12.27
582,6.45
30,6.58
568,0.00
514,6.45
938,0.00
728,0.00
668,6.33
340,6.44
469,0.00
722,12.42
369,6.38
102,6.42
535,0.00
961,6.38
422,6.51
192,6.51
559,0.00
480,6.46
941,0.00
645,0.00
721,6.52
81,6.47
171,6.56
424,6.55
978,6.64
807,6.49
230,6.64
841,6.37
958,25.61
985,12.82
302,6.51
533,0.00
339,6.73
649,0.00
512,12.91
923,6.64
342,12.85
620,12.86
139,6.65
955,6.59
257,6.63
249,6.62
81,6.58
597,0.00
572,12.99
91,6.67
122,6.42
472,0.00
997,6.49
161,6.52
463,0.00
844,0.00
717,6.40
951,0.00
51,6.69
218,6.64
53,6.57
28,6.58
454,0.00
509,6.48
333,6.57
937,6.55
230,0.00
29,6.72
250,6.63
107,0.00
385,6.63
568,0.00
891,6.55
699,6.68
591,6.69
282,6.71
301,6.84
922,0.00
91,6.83
595,0.00
32,6.59
924,6.52
703,6.48
349,6.42
327,6.56
575,6.46
376,6.52
67,6.57
379,6.38
930,0.00
423,6.52
948,0.00
682,6.61
125,6.59
944,6.58
487,6.62
133,6.46
253,6.59
490,6.47
24,6.31
411,6.34
354,12.64
886,6.38
388,6.16
278,6.26
829,6.23
327,6.32
428,0.00
62,6.30
91,6.27
734,6.17
212,0.00
797,6.22
491,0.00
205,6.23
720,6.26
268,6.30
678,0.00
780,12.75
632,6.17
98,6.08
51,6.22
231,6.18
609,0.00
795,6.17
340,6.20
70,6.08
145,6.09
514,0.00
470,12.63
152,6.15
826,0.00
86,6.09
948,12.69
897,12.63
135,6.16
244,0.00
904,12.79
204,6.29
121,6.18
880,6.16
870,6.17
205,6.15
203,6.18
825,6.08
249,0.00
363,6.23
525,0.00
841,6.12
201,6.01
760,6.10
60,6.18
154,6.15
627,6.15
326,6.25
874,6.17
818,6.11
168,6.11
122,6.11
828,0.00
338,6.06
1,6.07
752,0.00
69,6.01
85,6.01
413,5.92
529,5.98
789,6.03
885,5.99
427,6.19
678,0.00
787,6.22
253,0.00
885,6.16
734,6.27
8,6.03
18,6.03
565,0.00
342,5.94
752,0.00
302,5.87
676,0.00
970,5.83
973,5.93
323,5.94
241,5.92
282,5.89
147,5.98
661,0.00
308,5.98
475,6.01
811,12.21
836,6.10
259,6.22
808,6.19
756,6.02
702,6.18
444,0.00
213,6.23
316,6.20
770,0.00
410,6.19
119,6.26
110,6.10
527,0.00
727,6.13
250,6.01
867,0.00
263,5.98
781,6.00
316,6.16
573,5.95
181,0.00
625,5.93
24,6.02
763,5.93
341,6.00
658,6.01
84,5.89
98,5.68
536,11.84
855,5.81
721,5.82
296,5.74
166,5.68
109,5.68
887,5.65
160,0.00
910,5.55
246,5.52
710,5.52
211,0.00
219,5.65
999,5.63
312,5.64
787,5.69
596,5.78
871,5.85
401,5.77
479,0.00
591,5.75
228,5.67
285,5.66
922,5.67
391,0.00
367,5.79
524,0.00
530,5.62
162,5.66
408,5.54
650,0.00
987,5.52
284,5.53
253,5.62
741,5.62
361,5.69
567,0.00
797,5.76
573,5.70
443,0.00
105,5.83
992,0.00
859,0.00
20,5.80
323,5.70
694,0.00
742,0.00
731,11.92
510,5.96
125,5.97
235,5.80
705,11.77
387,5.82
237,5.83
239,5.74
224,5.57
737,0.00
700,11.74
276,5.69
919,5.62
287,0.00
880,11.91
49,5.84
251,5.74
910,0.00
249,5.82
770,0.00
520,11.99
417,6.01
133,5.95
816,0.00
541,12.02
833,11.94
631,5.97
314,6.10
945,5.91
679,6.04
447,6.01
819,0.00
7,6.04
852,18.05
217,6.19
161,6.13
923,0.00
581,11.96
709,6.07
967,6.15
746,6.23
214,6.24
612,6.17
139,0.00
516,6.13
453,0.00
284,6.04
982,11.64
114,6.14
129,6.06
509,0.00
536,0.00
887,6.07
309,6.11
953,6.14
292,6.16
104,6.01
75,6.19
945,11.93
63,6.26
34,6.18
432,0.00
574,0.00
82,6.13
870,6.13
962,0.00
881,6.29
980,6.30
66,6.31
418,0.00
443,6.27
158,6.08
404,6.11
197,6.23
17,6.18
293,6.09
410,6.01
591,6.01
469,0.00
430,11.81
529,0.00
327,6.01
395,6.20
588,0.00
494,0.00
867,5.96
890,0.00
368,6.06
695,0.00
717,6.14
917,6.28
261,6.12
683,0.00
886,6.15
468,6.25
724,6.30
886,0.00
93,6.13
958,6.09
30,6.11
285,6.12
311,6.04
160,6.08
858,0.00
874,6.15
279,6.20
163,6.18
33,6.06
485,6.10
602,6.13
902,6.07
630,6.17
330,5.98
272,5.99
466,0.00
722,6.00
182,6.00
381,6.01
196,6.04
791,12.14
476,6.06
169,12.11
16,6.11
475,6.12
791,12.27
24,6.14
824,12.09
563,6.01
131,5.92
151,6.09
221,6.06
124,6.03
763,0.00
613,0.00
143,6.14
845,0.00
45,6.07
362,6.12
398,6.08
662,0.00
371,5.99
312,6.01
892,6.07
966,0.00
657,6.06
174,6.02
744,12.14
97,6.07
729,6.05
213,6.06
696,6.12
509,0.00
837,5.98
278,6.08
820,6.08
303,0.00
632,12.44
336,6.17
241,6.01
375,0.00
642,6.08
551,6.16
141,6.23
115,6.02
350,6.02
757,0.00
954,5.92
463,5.92
22,6.06
795,12.08
566,0.00
962,6.06
66,6.03
218,5.90
702,12.11
945,6.11
81,6.04
979,0.00
603,0.00
273,5.94
906,0.00
389,5.97
280,6.01
139,6.05
82,5.80
454,0.00
663,0.00
434,5.76
280,5.84
21,5.71
642,0.00
595,5.79
208,5.76
166,5.82
174,5.74
429,5.76
911,5.75
114,5.92
460,0.00
877,17.90
734,17.99
390,5.92
269,0.00
286,5.80
544,0.00
48,5.91
464,0.00
252,5.76
649,0.00
411,11.96
551,5.88
480,0.00
634,0.00
956,5.78
742,5.94
309,0.00
783,5.91
233,6.04
472,0.00
632,5.97
641,0.00
496,0.00
477,6.02
788,0.00
659,5.96
542,0.00
550,6.05
906,6.16
89,6.27
448,6.06
548,0.00
222,6.30
153,6.24
42,6.26
912,0.00
130,6.12
621,5.98
962,6.00
849,6.02
987,6.07
448,0.00
576,6.16
475,6.34
63,6.36
269,6.36
199,6.42
412,0.00
367,6.41
166,6.43
125,6.35
192,6.16
380,0.00
936,12.33
789,6.13
444,6.17
4,6.06
332,6.06
161,6.01
719,0.00
480,6.05
301,6.07
552,5.93
178,0.00
747,5.93
637,0.00
251,5.89
995,5.89
17,0.00
565,6.03
557,6.17
613,5.92
87,6.03
690,0.00
6,6.08
627,0.00
380,6.10
131,6.03
548,0.00
671,0.00
272,6.00
498,0.00
731,5.91
800,0.00
783,17.81
787,6.13
675,6.16
663,12.11
546,6.35
290,6.19
10,6.33
498,6.32
197,6.36
802,6.22
960,6.31
108,6.31
230,6.14
924,0.00
280,6.10
901,6.00
942,6.01
981,6.15
502,0.00
897,6.15
410,6.10
146,6.07
707,0.00
392,18.12
424,0.00
445,5.92
857,5.92
160,5.85
575,5.85
461,5.84
998,11.85
50,5.97
135,5.92
853,0.00
14,5.90
68,5.76
617,0.00
718,0.00
370,5.60
28,5.52
205,5.55
256,5.58
43,5.50
608,0.00
534,0.00
383,5.48
127,5.52
131,5.65
56,5.63
272,5.50
384,5.50
874,0.00
926,17.66
95,5.66
60,5.73
925,0.00
668,5.68
54,5.75
455,0.00
815,5.69
819,5.75
194,5.74
886,5.62
996,11.80
704,0.00
670,5.93
275,5.82
419,0.00
237,6.06
267,5.93
798,0.00
394,6.01
157,6.02
578,6.00
490,6.00
314,5.99
482,0.00
957,6.04
273,6.14
48,6.12
906,0.00
688,12.20
855,6.05
168,6.13
682,0.00
22,6.04
891,0.00
625,0.00
602,0.00
649,12.42
612,12.44
714,6.14
48,5.96
222,5.96
423,6.06
481,0.00
565,6.06
596,6.12
445,6.11
859,5.93
390,5.94
209,6.04
577,5.91
851,6.00
745,5.93
370,6.12
609,6.02
632,6.13
276,6.05
524,6.13
421,0.00
440,0.00
948,0.00
718,18.23
13,6.19
68,6.29
662,0.00
789,12.01
688,12.04
535,0.00
984,0.00
505,6.22
525,6.22
229,6.35
759,0.00
956,6.40
247,6.37
301,6.36
941,0.00
680,6.52
866,0.00
271,6.48
568,6.35
256,0.00
890,6.34
738,6.20
912,6.42
962,6.52
284,6.53
137,6.53
864,12.26
275,6.48
611,0.00
121,0.00
112,6.21
823,6.21
538,0.00
45,6.28
978,6.24
850,6.32
694,6.38
498,6.23
483,6.42
715,0.00
665,6.22
922,0.00
678,0.00
471,6.31
320,12.31
351,6.42
862,6.27
999,6.30
414,6.31
867,6.31
180,6.34
68,6.34
167,0.00
770,6.41
480,6.49
82,6.26
225,6.27
96,6.26
625,0.00
779,12.20
926,18.38
254,6.32
441,0.00
932,12.30
273,6.27
775,6.48
62,6.56
975,0.00
795,0.00
632,0.00
933,12.61
88,6.48
864,6.39
274,6.57
226,6.48
546,0.00
885,0.00
654,6.45
266,6.35
694,6.40
955,12.59
2,6.51
369,12.65
763,6.63
22,6.70
937,6.43
559,0.00
785,12.68
638,6.57
855,6.65
956,6.71
964,0.00
305,6.72
436,6.75
158,0.00
696,13.17
709,6.75
675,0.00
938,6.74
548,6.87
662,6.85
523,0.00
555,0.00
494,13.34
993,18.95
128,6.73
755,6.75
529,6.84
661,6.86
65,6.89
456,0.00
681,13.19
123,6.92
333,6.92
406,0.00
496,6.81
177,6.93
759,0.00
405,6.89
765,6.86
936,0.00
642,13.17
817,6.94
118,6.89
53,6.96
605,0.00
918,0.00
657,6.98
161,7.15
513,0.00
628,7.00
789,7.12
662,6.79
562,6.94
337,7.00
749,7.00
848,0.00
123,7.13
594,0.00
470,7.14
732,0.00
14,6.95
864,7.09
679,7.04
422,6.89
918,6.95
406,6.99
163,6.93
658,0.00
691,13.37
406,6.90
7,7.02
819,0.00
88,6.82
453,6.83
407,6.82
190,6.85
849,0.00
784,6.80
832,0.00
301,6.85
880,6.79
756,6.90
529,0.00
456,6.62
494,0.00
864,6.66
418,6.56
330,6.48
84,0.00
885,19.76
781,6.68
249,6.72
254,6.67
974,6.64
736,6.74
368,0.00
847,13.47
61,6.63
62,6.53
573,6.53
528,0.00
808,6.52
777,0.00
657,6.40
517,0.00
820,13.43
492,0.00
782,6.42
425,6.49
809,6.48
39,6.45
654,6.35
727,6.42
590,13.28
650,6.44
343,6.43
267,6.27
621,0.00
694,6.20
166,6.30
799,19.47
1,6.35
741,6.15
145,6.20
867,13.24
608,6.11
444,6.18
649,6.16
839,6.25
571,6.17
788,6.27
483,6.18
523,6.26
603,6.28
117,6.37
707,13.30
833,6.36
584,6.34
712,6.44
82,6.35
602,0.00
647,6.25
9,6.36
742,6.14
647,6.19
760,5.97
490,6.10
389,0.00
667,6.34
624,6.39
50,6.35
67,6.33
536,0.00
422,6.31
345,6.30
542,0.00
965,6.23
817,6.17
993,6.28
345,6.41
794,6.23
291,0.00
961,12.93
978,6.35
694,6.38
328,0.00
351,6.46
777,12.91
461,6.47
878,6.48
46,0.00
341,6.50
731,0.00
300,6.42
591,0.00
584,0.00
613,13.13
378,0.00
684,6.33
160,6.38
509,0.00
774,6.48
787,0.00
371,6.53
993,6.55
36,6.54
277,6.48
764,12.86
544,6.28
22,6.41
109,6.30
388,12.74
832,6.30
267,6.42
421,0.00
954,6.24
146,6.35
353,6.36
758,0.00
681,6.34
243,6.35
626,6.38
267,6.46
38,6.31
212,6.28
806,0.00
929,12.58
219,6.39
678,6.35
616,6.36
536,6.22
1,6.27
443,0.00
82,6.26
10,6.14
557,6.05
737,12.33
798,12.38
780,0.00
601,5.95
591,6.15
758,0.00
196,6.15
774,0.00
946,6.18
919,12.50
296,6.29
141,0.00
418,6.27
880,0.00
45,6.13
3,6.02
262,6.02
276,0.00
998,0.00
440,6.27
550,6.30
925,12.49
332,6.34
519,6.16
694,6.07
552,6.24
254,6.27
582,0.00
56,6.14
604,0.00
296,6.02
746,5.96
741,0.00
284,5.95
878,0.00
865,6.01
396,6.20
350,6.08
801,6.04
152,6.11
115,6.12
672,12.54
601,6.17
53,6.02
939,0.00
985,12.64
914,6.20
145,6.26
266,6.07
652,6.12
239,6.18
808,12.65
962,19.09
599,6.22
959,0.00
490,0.00
552,6.47
135,6.48
185,6.41
526,0.00
431,6.35
780,6.26
541,0.00
229,6.28
922,12.68
220,6.34
328,6.33
531,6.25
901,6.36
122,6.17
970,6.28
736,0.00
32,6.31
118,6.38
619,6.37
876,0.00
879,6.47
14,6.53
111,6.53
472,0.00
991,12.72
581,6.56
606,6.56
172,6.38
171,6.46
486,0.00
763,6.32
873,0.00
835,6.33
679,6.45
82,6.44
364,6.46
632,6.57
680,6.58
117,6.37
654,0.00
343,6.56
341,6.46
709,0.00
746,12.85
730,12.91
239,6.47
358,0.00
569,0.00
717,6.63
821,6.74
424,0.00
521,12.66
527,6.62
175,6.68
99,6.68
925,0.00
976,6.64
710,12.62
717,6.68
704,0.00
526,0.00
670,6.65
84,6.72
240,6.73
195,6.65
616,6.54
674,6.63
721,6.65
605,0.00
390,6.34
24,6.24
717,0.00
804,6.28
438,0.00
823,0.00
931,6.51
130,6.48
432,0.00
616,0.00
484,6.34
59,6.36
579,6.36
204,6.45
132,6.40
587,6.43
752,6.51
216,6.40
493,6.46
234,6.51
569,12.61
766,6.39
830,6.39
775,6.49
404,0.00
929,12.76
196,6.38
882,12.71
109,6.15
308,6.24
176,6.26
10,6.20
360,6.11
831,6.07
787,0.00
535,12.69
791,6.19
242,6.29
385,6.13
761,0.00
933,6.16
991,0.00
728,6.24
374,6.35
687,0.00
130,6.30
102,6.20
168,6.31
502,6.32
304,6.27
165,6.08
345,6.08
163,6.23
610,0.00
918,6.14
554,6.11
449,0.00
641,0.00
715,5.98
243,6.01
740,12.52
767,6.07
887,6.14
361,5.96
430,5.99
306,0.00
966,6.06
269,6.09
973,6.06
22,6.07
202,5.97
104,6.05
550,0.00
7,5.96
656,5.98
310,5.96
361,0.00
489,6.00
938,12.51
39,6.03
758,6.05
819,6.09
59,6.10
512,6.09
230,6.10
447,6.14
48,6.13
371,6.17
598,0.00
56,5.93
369,5.84
730,5.74
701,0.00
591,0.00
837,5.92
628,0.00
50,6.09
283,6.03
852,0.00
427,5.92
292,5.91
503,6.00
20,5.81
676,5.81
790,12.30
271,5.90
47,5.93
359,12.19
908,5.93
359,5.94
326,5.95
497,0.00
758,5.98
790,0.00
539,0.00
817,6.08
700,6.15
576,0.00
10,6.19
694,6.11
565,0.00
563,12.38
683,6.19
14,6.00
640,5.90
436,0.00
683,0.00
955,5.99
80,5.97
364,0.00
829,6.01
145,5.93
525,0.00
831,5.92
767,6.03
320,5.92
44,6.00
684,0.00
583,0.00
241,5.92
79,5.90
723,11.73
362,5.87
62,5.74
267,5.70
289,5.70
361,5.61
127,0.00
157,5.69
490,5.69
21,5.55
315,5.57
303,5.48
795,5.53
334,5.63
30,5.56
379,5.51
467,5.48
907,5.59
853,30.96
245,5.59
243,5.59
841,5.59
918,5.62
36,5.60
50,5.52
364,5.56
18,5.58
645,5.50
829,0.00
80,5.56
632,5.38
727,0.00
383,5.44
750,0.00
754,5.37
145,5.46
309,5.54
281,5.50
554,5.51
220,5.51
406,5.59
755,5.48
865,5.61
606,5.70
258,5.71
156,0.00
281,5.72
730,0.00
946,5.72
309,5.69
198,5.74
689,5.74
852,5.75
878,24.31
100,5.80
678,0.00
840,5.82
50,5.87
707,11.93
928,11.99
82,6.03
731,0.00
524,5.88
149,5.89
933,0.00
40,5.68
726,0.00
770,5.77
206,5.78
903,5.86
197,5.91
233,5.81
213,5.81
104,5.93
665,0.00
781,11.74
881,5.88
118,5.69
309,5.69
125,5.61
99,5.83
216,5.76
804,5.63
850,11.71
178,5.67
509,0.00
756,5.65
384,5.79
979,5.81
996,5.89
325,5.99
836,6.09
618,6.14
370,6.23
922,0.00
686,6.20
784,0.00
168,6.27
271,6.29
257,6.38
61,6.41
643,0.00
852,6.27
324,6.40
598,0.00
967,12.03
501,0.00
993,6.60
502,0.00
6,6.34
17,6.53
253,6.55
105,6.42
438,6.38
57,6.35
960,6.32
461,6.45
630,0.00
883,12.07
379,0.00
920,6.49
118,6.58
978,0.00
606,6.69
107,6.78
776,0.00
773,0.00
510,0.00
177,6.58
367,6.59
455,6.51
292,6.59
778,6.47
134,6.44
678,0.00
676,0.00
29,6.51
153,6.52
438,6.49
75,0.00
159,6.50
914,12.30
61,6.40
257,6.26
422,6.29
210,6.30
831,0.00
272,6.27
95,6.19
730,0.00
362,0.00
807,6.23
639,6.36
174,6.24
801,0.00
921,0.00
557,6.07
549,0.00
514,6.23
116,6.26
502,0.00
605,6.23
487,6.24
348,0.00
701,6.36
674,6.37
319,6.50
639,6.27
114,6.32
258,6.50
245,6.51
921,6.55
695,6.56
860,12.21
224,6.54
501,0.00
150,6.43
851,0.00
362,6.28
152,6.20
313,6.19
716,6.13
888,6.14
225,0.00
900,0.00
190,6.20
694,0.00
157,6.26
455,0.00
351,6.34
766,0.00
834,6.16
146,6.20
842,12.74
993,6.25
280,6.33
569,12.83
302,6.46
113,6.35
768,6.39
743,0.00
674,6.56
221,6.48
222,6.48
396,6.46
302,6.33
27,6.42
270,6.33
955,0.00
595,6.14
572,0.00
474,6.23
330,6.22
981,0.00
522,6.33
664,6.36
537,6.37
235,0.00
416,6.33
244,6.25
350,6.09
336,6.01
699,6.11
13,6.20
333,6.16
45,0.00
664,0.00
765,0.00
756,6.27
72,6.30
486,6.24
415,0.00
910,6.26
717,6.26
986,6.33
286,6.45
474,6.32
989,18.39
666,6.48
967,6.52
350,6.63
405,0.00
354,6.36
267,6.38
170,6.45
924,6.38
618,6.57
706,0.00
691,6.60
366,6.44
235,6.50
652,0.00
123,6.51
596,0.00
863,6.48
274,6.49
439,6.38
613,6.24
555,6.26
914,0.00
676,6.35
309,6.41
516,0.00
685,6.42
843,6.49
73,6.56
599,0.00
130,6.38
434,6.28
972,6.18
645,6.22
516,0.00
905,0.00
965,12.50
676,6.23
125,6.15
657,6.12
497,6.02
402,6.12
806,6.10
457,6.12
228,6.11
628,6.04
486,6.09
38,6.18
262,6.09
763,6.11
584,0.00
568,6.19
358,6.11
239,6.24
427,0.00
725,6.06
418,6.22
218,6.06
888,6.03
273,12.25
774,12.24
301,6.05
820,6.11
530,6.22
95,6.22
64,6.23
397,6.19
704,6.10
516,6.10
955,0.00
509,0.00
56,6.08
778,0.00
422,6.09
673,6.16
587,6.20
913,12.31
910,6.09
627,6.11
280,5.96
291,6.06
636,0.00
807,6.02
534,12.62
608,18.78
209,6.10
21,6.06
771,0.00
464,0.00
790,12.48
754,5.91
111,5.98
80,5.67
716,5.62
630,0.00
164,5.78
933,5.76
946,12.02
66,5.97
46,5.88
112,5.92
124,5.77
194,5.70
969,0.00
816,5.70
397,0.00
102,5.75
387,5.75
57,5.75
449,0.00
625,5.76
261,5.85
167,5.67
415,5.61
680,5.66
837,11.77
457,5.58
577,5.69
84,5.66
488,5.65
855,5.66
450,5.66
786,5.61
652,5.76
224,5.67
401,5.67
199,5.67
373,5.66
58,5.73
374,5.64
461,5.71
462,5.69
459,5.66
857,0.00
46,5.66
87,5.66
776,5.66
738,5.81
648,0.00
311,5.74
822,5.77
337,5.78
815,18.08
230,5.82
64,5.71
568,0.00
317,5.69
117,5.63
576,0.00
771,11.80
440,5.83
655,5.85
236,5.78
275,5.69
566,5.70
962,0.00
342,5.76
851,5.76
667,5.83
755,0.00
916,11.89
817,5.79
620,5.97
578,5.73
196,5.70
235,5.68
471,5.67
781,0.00
390,5.57
254,11.41
827,11.48
779,5.78
193,5.78
530,0.00
753,0.00
377,11.60
58,5.75
357,0.00
792,0.00
122,5.66
311,5.64
415,5.63
323,0.00
594,0.00
433,5.71
409,5.49
881,5.63
265,5.79
327,5.76
762,0.00
14,5.83
486,0.00
979,0.00
626,5.87
603,0.00
44,6.13
155,6.14
923,0.00
803,6.07
262,6.05
331,0.00
911,17.92
169,6.14
800,6.35
241,6.22
236,6.14
171,6.16
765,0.00
877,0.00
109,6.13
54,6.16
496,0.00
797,6.12
203,6.31
380,6.16
94,6.30
425,6.18
37,6.18
759,0.00
245,6.17
75,6.17
834,0.00
6,6.06
15,6.10
367,11.88
286,11.76
782,6.05
368,5.94
446,6.24
739,5.98
419,0.00
803,11.85
69,6.16
759,6.01
725,6.05
266,6.23
537,0.00
414,0.00
806,6.06
531,0.00
610,6.02
65,6.16
611,5.96
554,6.02
823,11.72
746,0.00
774,6.23
132,6.08
886,11.99
400,6.27
23,6.38
665,11.89
2,6.27
318,6.18
671,11.97
373,6.17
266,6.18
189,11.87
392,6.07
973,6.01
207,6.14
319,6.12
821,6.07
667,6.12
503,6.11
444,6.23
139,6.19
355,6.28
379,6.20
490,6.09
971,6.02
622,0.00
855,6.11
56,6.14
765,6.23
219,6.25
363,6.15
183,0.00
858,6.02
525,0.00
178,6.01
866,0.00
292,5.93
568,6.03
150,5.82
3,0.00
132,5.83
931,0.00
49,5.77
270,5.91
945,0.00
414,5.88
384,5.89
582,0.00
237,5.91
38,6.00
480,5.85
484,0.00
960,5.90
147,5.82
184,5.97
893,0.00
321,6.10
91,6.08
939,6.01
369,12.01
760,6.20
976,6.29
319,6.16
274,6.21
339,6.16
566,0.00
622,6.08
480,6.10
701,6.07
163,6.17
793,6.00
592,6.09
569,0.00
856,6.16
721,6.19
553,0.00
163,6.13
928,0.00
774,17.94
424,6.21
760,12.39
984,12.25
226,6.04
683,0.00
378,6.11
517,6.18
98,6.12
35,6.18
78,6.17
547,12.16
241,6.19
334,0.00
88,6.10
822,6.18
323,6.30
206,6.25
146,6.09
773,12.20
736,6.18
396,6.30
60,6.25
347,6.20
753,0.00
879,12.34
361,6.16
65,0.00
232,6.16
149,6.16
645,0.00
602,6.21
554,0.00
917,0.00
919,6.04
21,6.04
2,6.07
6,6.03
157,0.00
155,6.03
620,0.00
735,6.01
308,6.03
160,6.02
123,6.05
347,5.92
544,5.82
471,0.00
535,5.97
556,0.00
315,5.90
869,5.95
117,5.95
548,5.88
213,6.02
464,0.00
313,5.87
831,5.86
385,0.00
739,6.04
485,0.00
22,5.93
579,0.00
436,5.83
303,5.83
781,0.00
362,5.77
721,0.00
92,5.69
61,5.74
464,5.68
196,5.73
751,0.00
597,11.90
86,5.79
331,0.00
58,5.72
164,5.57
50,0.00
153,5.70
68,5.54
519,0.00
128,5.49
914,5.50
397,5.51
946,11.61
493,0.00
706,5.51
956,5.52
364,11.67
843,5.67
579,11.60
967,5.40
785,5.52
856,0.00
740,5.58
619,0.00
340,5.71
803,0.00
140,5.58
642,0.00
813,0.00
56,5.63
390,5.54
387,0.00
730,5.54
978,5.58
416,5.70
268,5.74
526,0.00
127,5.65
36,5.67
260,5.58
43,5.64
709,0.00
756,5.45
824,5.56
45,5.67
655,5.54
289,5.54
8,5.65
161,5.70
766,0.00
965,5.60
613,5.68
604,5.79
903,0.00
823,5.74
424,5.67
859,11.60
323,5.83
672,5.62
454,5.71
100,5.74
745,0.00
308,5.71
137,5.75
262,5.71
748,0.00
28,5.68
100,5.73
488,5.65
194,5.65
852,5.61
200,5.71
517,11.39
801,17.59
619,11.52
30,5.84
362,0.00
208,5.80
475,5.75
450,0.00
204,5.80
431,0.00
321,17.58
601,5.79
937,11.48
288,5.89
85,5.94
209,5.83
844,0.00
718,5.93
674,6.03
947,11.46
469,6.00
3,5.99
857,0.00
758,11.54
768,11.66
948,5.99
329,11.53
560,6.08
579,6.14
318,0.00
627,6.03
541,6.06
161,6.08
195,6.12
719,5.99
431,5.99
51,6.08
411,5.89
163,5.95
960,5.89
723,5.97
532,6.12
950,6.20
279,6.14
550,0.00
127,6.12
817,0.00
461,6.14
513,0.00
163,6.10
14,6.25
582,0.00
277,6.11
752,0.00
859,6.20
514,0.00
202,6.23
914,6.21
820,0.00
944,6.14
123,12.03
177,6.27
204,11.97
820,11.85
188,11.91
728,6.11
765,0.00
898,6.24
131,6.29
890,6.14
137,6.36
197,6.27
629,0.00
610,6.20
449,0.00
276,6.34
972,6.29
257,6.37
996,6.46
368,6.53
853,0.00
322,6.55
620,6.45
171,6.55
931,6.56
149,6.33
202,6.42
112,6.40
177,6.40
364,6.38
570,6.39
858,6.42
77,6.32
812,12.21
222,6.44
148,6.43
143,6.37
431,6.20
173,6.24
599,5.99
700,6.07
842,6.15
188,5.98
867,0.00
943,0.00
456,6.17
693,12.53
210,6.39
641,6.26
410,6.27
600,12.32
68,6.33
71,6.22
444,0.00
27,6.38
304,6.46
700,6.44
319,6.53
740,0.00
369,6.34
526,0.00
41,6.34
420,6.20
793,0.00
119,6.26
406,6.16
729,6.22
397,6.29
724,6.32
625,0.00
339,6.28
853,0.00
145,6.29
814,0.00
850,6.32
495,6.39
733,6.36
331,6.38
244,6.29
287,0.00
897,18.20
51,6.24
274,12.52
85,6.32
718,6.39
322,6.34
426,6.30
517,6.35
600,0.00
612,0.00
846,6.18
314,6.34
553,6.31
802,6.38
191,6.49
696,6.27
353,6.38
331,6.32
538,0.00
255,6.25
544,0.00
756,12.67
410,6.22
123,6.24
992,0.00
338,6.22
166,6.31
881,12.65
990,6.37
506,0.00
384,6.40
334,6.35
200,6.44
955,6.43
910,0.00
499,12.84
41,6.48
139,0.00
339,12.77
778,6.38
392,6.44
473,6.45
986,0.00
926,12.54
197,6.50
548,6.50
30,6.59
973,24.05
183,6.43
82,6.34
152,6.20
877,0.00
571,0.00
756,12.49
669,6.23
624,6.10
363,6.25
386,6.29
116,6.14
540,0.00
105,6.06
602,0.00
809,6.00
132,6.09
113,6.22
522,6.09
532,6.09
893,12.25
125,6.07
903,12.30
304,6.03
563,0.00
393,6.07
662,0.00
780,5.99
347,6.07
726,0.00
719,0.00
655,6.06
614,0.00
670,6.07
895,6.16
578,0.00
693,0.00
399,6.24
124,6.28
328,6.21
302,6.24
907,6.17
205,6.18
193,5.98
692,0.00
20,5.97
15,5.86
502,0.00
149,5.84
499,0.00
512,5.79
233,5.80
747,0.00
378,5.76
143,5.70
1,5.75
490,0.00
833,0.00
52,5.74
987,5.71
386,5.72
155,5.59
788,0.00
587,5.61
675,0.00
506,5.50
622,11.76
332,5.60
829,5.47
869,5.58
936,0.00
627,0.00
237,5.76
643,0.00
288,5.77
442,0.00
70,5.77
162,5.75
361,5.78
770,0.00
492,0.00
326,5.72
953,0.00
346,5.60
948,5.67
597,5.68
640,5.66
929,5.91
252,5.77
34,5.78
471,5.65
26,0.00
52,5.70
934,5.71
604,5.72
918,0.00
520,5.81
996,0.00
732,6.08
739,6.05
226,6.12
342,6.00
580,5.82
947,5.95
564,5.99
213,5.88
862,0.00
639,5.79
229,6.01
139,5.91
57,5.82
821,0.00
367,5.87
308,5.84
421,0.00
504,5.68
391,12.02
888,12.02
95,5.93
229,5.88
462,11.90
505,5.90
743,5.91
903,5.90
368,5.81
801,0.00
167,5.99
975,6.07
755,0.00
688,6.25
535,6.28
148,6.28
357,6.28
247,6.29
85,6.25
185,6.28
750,6.24
404,6.34
429,6.35
60,6.30
830,0.00
876,6.27
828,6.13
723,11.76
178,6.35
419,0.00
670,6.39
902,11.82
715,6.52
610,6.35
81,6.39
336,6.37
570,6.16
842,6.22
13,6.35
334,6.26
814,0.00
763,6.30
245,6.36
358,6.45
338,6.42
185,0.00
191,6.55
699,0.00
566,6.40
567,0.00
930,18.36
66,6.54
495,0.00
705,11.99
746,6.38
848,6.53
433,6.46
358,6.45
333,6.50
450,6.38
117,6.31
281,6.24
980,0.00
299,6.18
765,6.21
21,6.42
558,6.34
723,6.35
841,12.06
366,6.17
163,6.26
656,6.04
966,6.10
682,0.00
89,6.14
343,6.22
192,6.24
450,0.00
86,6.25
272,6.15
601,0.00
765,0.00
199,6.10
87,6.14
704,0.00
965,12.08
77,5.99
365,6.04
488,0.00
244,5.98
55,6.09
827,0.00
149,5.79
441,5.87
32,5.89
821,0.00
880,0.00
424,5.89
218,5.86
83,5.96
575,0.00
492,0.00
464,5.84
691,5.93
483,0.00
563,12.40
876,12.31
360,12.29
230,6.26
186,6.04
847,6.13
911,18.05
111,6.29
277,6.22
125,6.12
916,6.12
760,12.60
148,6.18
996,6.07
599,0.00
677,0.00
207,6.20
139,6.27
131,6.31
491,0.00
742,6.09
84,6.15
911,6.01
460,0.00
869,24.42
966,6.30
93,6.05
121,6.05
660,12.63
737,12.47
307,6.23
661,6.11
811,12.49
870,6.19
45,6.01
548,0.00
337,6.22
425,0.00
467,6.24
790,0.00
938,30.58
42,6.20
760,0.00
698,6.16
973,6.28
754,6.23
478,6.38
73,6.23
700,0.00
450,6.23
542,6.33
528,6.38
523,0.00
398,6.23
824,0.00
532,6.21
665,6.21
743,6.25
898,0.00
167,6.39
727,6.35
452,6.41
412,6.40
422,6.47
465,6.31
409,0.00
25,6.33
180,6.27
722,6.27
416,0.00
9,6.33
106,6.34
515,0.00
400,6.23
682,0.00
947,6.25
660,0.00
592,0.00
373,6.40
142,6.51
274,6.34
678,12.44
772,6.33
290,6.26
888,0.00
562,12.45
104,6.32
740,0.00
188,6.10
662,0.00
39,12.49
112,12.32
230,6.32
113,6.11
904,6.11
224,6.00
403,6.00
281,5.94
169,5.88
260,5.84
565,0.00
125,5.90
120,5.89
74,5.85
831,5.84
948,11.97
243,5.78
115,5.78
493,0.00
987,5.69
174,12.01
469,5.76
885,18.28
167,5.75
391,5.63
100,5.59
927,0.00
376,0.00
227,12.05
433,5.64
203,5.74
456,5.65
753,0.00
408,5.63
493,5.74
826,0.00
611,5.89
219,5.72
248,0.00
500,0.00
451,11.82
341,5.79
698,11.82
871,18.24
11,5.81
120,5.80
628,0.00
454,5.71
657,0.00
459,0.00
370,5.64
519,0.00
658,5.60
605,0.00
556,0.00
659,5.82
193,5.82
383,5.75
747,5.58
784,0.00
640,5.75
51,5.82
631,5.82
707,0.00
665,0.00
525,0.00
827,5.95
555,5.88
669,5.96
159,6.02
50,6.14
161,6.12
873,0.00
50,6.27
614,12.40
333,6.16
329,6.08
858,0.00
206,5.96
142,5.95
64,6.07
780,6.03
225,6.07
501,5.92
91,5.99
353,5.94
880,5.96
239,5.86
449,12.05
108,5.96
12,0.00
730,0.00
157,5.90
349,5.95
737,0.00
351,5.99
112,6.08
17,6.06
819,0.00
101,5.98
652,0.00
426,5.97
467,5.98
932,6.02
107,6.13
787,6.18
392,6.21
689,0.00
797,6.14
442,0.00
255,6.28
223,6.34
221,6.26
504,0.00
876,6.26
765,12.01
747,6.30
757,6.31
970,0.00
449,6.31
826,6.44
527,0.00
80,6.55
356,6.49
444,6.47
654,6.47
671,6.47
353,6.52
192,6.42
418,6.42
436,0.00
274,6.40
980,6.31
760,6.46
209,6.57
717,0.00
497,6.48
891,6.47
76,0.00
34,6.62
137,6.59
942,12.19
49,6.62
192,6.36
742,12.27
833,6.45
910,6.46
170,6.47
197,6.28
331,6.34
133,6.35
885,6.10
697,6.14
101,6.15
495,0.00
280,6.07
445,6.03
345,5.96
601,0.00
643,0.00
298,5.98
488,5.91
685,0.00
702,6.09
958,6.00
417,0.00
442,6.06
393,6.02
26,5.98
935,12.01
592,6.05
33,6.02
508,0.00
760,5.98
943,0.00
356,6.04
856,6.02
483,6.08
112,6.07
410,0.00
579,6.17
248,6.13
419,6.09
560,6.03
141,6.06
756,0.00
44,5.99
702,0.00
345,5.94
372,0.00
727,5.91
789,0.00
588,6.00
315,6.01
817,12.26
449,6.00
384,5.79
288,0.00
841,12.43
648,0.00
95,5.85
876,0.00
595,5.69
775,0.00
368,5.70
945,5.75
38,5.88
478,5.70
783,5.69
175,5.84
503,0.00
998,5.76
427,5.92
113,5.75
595,5.71
389,0.00
859,5.72
226,5.82
422,0.00
581,5.71
762,0.00
75,5.85
196,5.85
62,5.77
824,0.00
809,12.18
376,5.82
663,5.84
592,5.93
5,5.76
330,5.88
712,0.00
725,5.82
337,5.95
274,6.00
464,6.09
627,0.00
94,6.01
235,5.95
230,6.03
909,0.00
428,5.94
80,6.00
928,5.99
786,6.04
284,6.04
978,11.99
847,6.11
808,6.18
221,6.18
254,6.09
823,6.14
813,12.19
841,6.25
7,6.26
406,0.00
730,6.26
829,0.00
347,6.26
804,6.26
892,6.34
376,6.32
288,6.41
384,6.40
296,6.35
700,0.00
957,0.00
199,6.39
189,6.64
790,6.53
56,6.63
760,6.52
215,0.00
14,6.59
671,0.00
189,6.45
520,0.00
828,6.45
766,6.45
101,6.51
618,12.43
219,12.53
38,6.61
840,6.37
523,0.00
64,6.33
88,6.48
812,0.00
762,0.00
764,24.45
659,0.00
431,0.00
46,6.63
341,6.49
858,0.00
536,0.00
75,6.52
224,6.47
616,0.00
228,6.49
993,6.40
171,6.55
98,6.51
960,0.00
673,6.45
546,6.52
133,6.63
304,6.64
277,6.62
573,0.00
260,6.56
797,12.38
653,6.49
819,6.64
294,6.56
339,6.68
718,0.00
749,0.00
190,6.60
97,6.65
910,0.00
996,6.63
824,6.66
643,0.00
154,6.77
455,6.78
88,6.91
59,6.68
432,6.54
738,0.00
354,12.65
552,6.51
921,6.53
430,6.57
101,0.00
554,6.52
571,12.67
269,6.53
793,12.58
117,6.45
51,6.40
223,6.46
933,6.23
126,6.34
602,12.54
806,6.34
86,6.29
295,6.25
355,6.23
360,6.23
71,6.11
776,12.52
359,5.99
818,0.00
982,6.06
435,0.00
687,6.20
266,6.19
672,0.00
252,6.37
42,6.35
471,0.00
469,0.00
368,0.00
671,12.76
476,6.17
806,18.51
298,6.33
20,6.24
877,6.19
189,6.34
719,0.00
770,6.19
937,12.62
560,6.14
895,6.20
805,0.00
578,0.00
9,6.18
753,0.00
645,0.00
168,6.09
954,0.00
664,0.00
595,0.00
673,5.94
174,6.07
401,0.00
744,6.08
841,6.20
876,6.25
872,0.00
410,6.21
295,6.16
883,0.00
837,6.15
353,0.00
414,6.21
867,6.03
1,6.15
539,0.00
181,6.06
886,5.93
432,0.00
992,6.03
602,6.15
610,0.00
804,0.00
798,6.23
837,6.35
283,6.24
264,6.17
483,6.30
366,12.75
39,6.50
395,12.86
944,6.38
190,6.23
218,6.29
694,6.39
371,6.52
302,6.55
643,6.55
518,6.64
131,6.54
395,6.49
9,6.55
638,0.00
981,6.54
181,6.64
481,0.00
256,6.65
491,6.56
244,6.49
930,6.45
141,6.67
432,6.47
65,6.44
552,6.45
341,6.55
934,0.00
552,6.67
51,6.70
968,12.93
126,6.77
214,6.76
863,25.17
677,13.02
470,13.11
293,6.96
509,6.90
106,6.87
770,6.73
305,6.86
289,6.91
660,13.11
723,6.83
161,6.82
133,6.80
912,12.96
996,13.14
68,6.66
442,0.00
521,6.70
485,0.00
849,6.89
743,6.89
59,6.98
284,6.90
208,6.79
498,0.00
971,6.73
361,6.77
998,0.00
682,12.93
828,6.72
438,6.77
312,6.62
60,6.47
67,6.62
684,0.00
790,6.52
128,6.63
837,6.56
803,0.00
908,0.00
867,6.79
500,6.72
167,6.79
211,6.70
194,6.84
437,6.69
670,0.00
87,0.00
464,6.60
763,0.00
425,0.00
568,13.12
370,0.00
504,6.75
932,0.00
171,6.72
614,6.67
696,6.77
584,0.00
848,6.47
355,0.00
20,6.60
599,6.53
534,6.56
1,6.64
507,6.55
323,6.63
968,6.46
593,6.47
910,6.58
901,6.61
930,6.78
625,6.56
65,6.67
181,6.67
349,6.65
503,0.00
225,6.55
202,6.48
932,6.46
698,6.46
737,0.00
442,6.34
175,6.44
444,6.47
700,6.39
648,0.00
964,6.40
563,6.43
337,6.59
343,6.58
498,0.00
676,6.59
53,6.66
277,6.57
597,6.56
392,0.00
352,6.53
106,6.48
12,6.41
304,6.34
258,6.32
52,0.00
47,6.38
736,0.00
137,6.26
927,0.00
806,6.28
356,6.30
451,19.13
821,6.36
455,0.00
577,6.27
219,6.21
112,6.10
183,6.08
135,6.05
802,12.62
829,5.94
402,6.01
269,5.98
165,6.01
330,5.95
285,5.96
592,5.81
42,5.99
120,5.88
85,5.77
902,0.00
425,5.63
931,12.42
586,5.70
474,5.53
443,12.36
688,12.38
506,0.00
840,5.55
150,5.68
363,5.59
322,5.48
351,0.00
787,5.62
592,5.76
307,5.65
438,0.00
49,5.71
393,0.00
952,0.00
884,12.25
195,5.69
377,5.60
431,0.00
415,0.00
547,5.42
584,0.00
804,5.47
493,5.60
314,5.75
17,5.74
537,0.00
963,12.14
911,5.73
179,5.82
479,0.00
468,5.68
834,5.69
827,5.75
855,0.00
308,5.59
49,5.47
641,0.00
206,0.00
371,5.41
550,0.00
532,5.41
794,18.94
696,18.82
560,5.61
722,0.00
592,5.72
704,0.00
346,5.78
481,0.00
597,5.83
76,5.94
214,5.85
223,5.80
814,5.75
902,5.83
638,18.90
988,43.89
336,12.22
556,6.15
180,5.91
231,6.04
698,0.00
206,6.21
789,0.00
629,0.00
149,6.07
57,6.07
841,11.89
689,6.17
751,6.18
298,6.09
327,6.27
511,0.00
540,0.00
831,11.92
455,11.85
413,6.31
107,0.00
948,6.42
213,6.17
330,0.00
728,11.94
115,6.11
776,6.18
694,0.00
359,11.82
793,11.79
897,6.33
507,0.00
510,6.32
24,6.18
733,6.18
105,6.30
818,6.11
336,6.14
345,6.14
701,0.00
402,6.11
445,6.18
338,6.10
192,6.00
425,5.89
381,5.89
425,11.65
481,5.98
805,11.67
488,5.94
125,5.90
979,0.00
868,5.93
711,6.07
662,6.07
224,0.00
945,6.13
356,6.20
807,6.10
617,6.10
949,6.16
279,6.34
555,6.40
35,6.43
57,6.25
934,11.76
167,6.29
340,11.65
834,6.23
235,6.01
434,5.95
533,0.00
824,11.85
468,6.08
593,5.96
62,6.03
1000,6.01
634,0.00
370,6.16
219,12.02
781,11.97
104,6.18
222,0.00
419,6.08
642,0.00
917,6.03
402,5.98
313,6.02
501,6.04
516,6.02
519,0.00
290,6.02
59,6.08
659,0.00
641,11.98
592,6.05
616,12.19
483,5.93
66,5.98
330,6.01
592,5.93
464,0.00
971,12.33
569,6.03
661,17.80
198,6.06
322,6.11
475,6.03
850,0.00
789,0.00
980,6.03
742,12.21
625,6.03
933,0.00
835,6.22
872,6.33
508,6.21
269,6.36
868,0.00
28,6.47
496,0.00
961,0.00
884,6.40
664,6.54
220,6.52
866,0.00
995,6.53
87,6.54
153,6.43
694,0.00
705,6.38
550,0.00
779,12.55
468,0.00
254,6.36
507,6.43
665,6.44
457,0.00
695,12.62
856,0.00
178,6.38
143,6.42
497,0.00
420,0.00
986,0.00
423,6.57
838,6.45
305,6.37
222,6.38
590,6.29
70,6.43
998,0.00
859,0.00
538,6.45
533,0.00
654,6.47
506,6.48
904,18.70
532,6.32
478,6.29
73,6.26
141,6.38
738,0.00
730,6.38
500,0.00
360,6.54
772,12.57
851,6.51
457,6.67
285,12.62
285,6.62
261,6.57
264,6.57
902,0.00
594,6.67
395,6.51
268,12.55
547,18.99
467,6.79
347,6.46
79,6.60
711,0.00
376,6.68
40,6.60
888,6.55
76,6.56
291,6.41
825,0.00
444,6.39
880,6.32
918,6.33
862,6.33
134,6.18
704,0.00
999,6.16
141,6.25
316,0.00
401,6.24
80,6.24
529,6.27
657,6.28
590,0.00
645,6.19
514,12.72
622,6.25
179,6.39
879,0.00
622,6.20
258,6.13
757,6.24
113,6.47
502,6.26
457,0.00
457,6.37
151,6.29
938,0.00
311,6.44
34,6.55
361,6.46
632,0.00
654,6.48
731,13.04
463,6.61
719,6.60
159,6.74
492,6.57
446,6.61
244,6.68
664,0.00
463,6.59
78,6.53
370,6.53
560,0.00
646,6.53
243,6.42
725,13.00
689,6.57
871,6.66
661,6.70
378,0.00
820,6.66
515,6.61
481,0.00
869,0.00
89,6.55
820,6.60
711,6.53
347,6.51
473,0.00
262,6.43
289,6.43
512,6.48
573,0.00
782,13.17
504,13.24
252,6.59
803,0.00
221,13.21
629,0.00
435,6.83
301,6.71
827,0.00
577,6.76
417,6.70
964,6.90
149,6.82
476,0.00
595,6.98
85,6.85
121,6.81
921,6.81
558,13.06
509,6.86
272,6.85
720,0.00
909,6.99
504,0.00
253,7.11
140,7.01
639,0.00
802,13.29
305,7.06
683,0.00
885,7.13
307,7.25
533,0.00
719,7.18
149,7.21
861,7.14
503,7.14
951,0.00
127,6.91
997,6.92
673,6.89
809,0.00
13,6.80
826,6.80
168,6.95
319,6.78
774,0.00
865,19.81
440,6.81
346,13.17
685,6.67
446,0.00
890,6.68
809,0.00
175,6.74
583,6.73
649,6.81
703,0.00
306,6.72
641,0.00
239,6.62
944,13.25
76,6.72
411,0.00
610,0.00
241,6.66
386,6.71
421,6.64
656,0.00
650,13.26
792,6.72
27,6.74
224,6.64
121,6.68
566,6.72
970,6.72
804,6.86
644,6.72
1,6.74
593,0.00
191,6.76
378,6.76
531,6.64
853,6.74
36,6.43
994,6.45
365,6.49
35,6.28
686,6.42
512,0.00
311,6.21
956,0.00
478,0.00
607,13.22
840,19.36
223,6.34
35,6.21
974,5.94
399,6.04
950,6.10
39,6.15
715,6.02
888,0.00
42,6.03
950,0.00
706,0.00
322,5.93
201,6.01
488,0.00
395,13.12
840,13.15
541,6.03
897,0.00
976,6.08
72,6.01
400,6.01
31,5.94
1000,0.00
86,6.05
1,6.00
659,5.99
254,0.00
214,6.08
148,5.97
459,6.04
977,12.76
515,6.08
100,5.94
534,5.93
422,0.00
937,0.00
120,6.00
689,5.94
963,5.88
656,0.00
487,5.96
19,5.96
534,19.31
61,6.04
960,12.67
890,12.58
149,6.05
181,6.01
15,0.00
6,6.06
718,0.00
110,5.92
548,0.00
566,5.86
953,0.00
291,5.90
850,0.00
814,6.02
411,6.03
286,6.04
283,6.02
412,5.91
630,5.97
725,6.05
532,19.18
989,6.22
740,12.62
543,6.20
519,6.21
181,6.10
607,0.00
843,6.17
164,6.18
479,6.30
865,6.21
598,6.27
666,6.26
17,6.30
420,12.48
125,12.38
698,6.28
354,0.00
534,12.14
223,6.10
382,6.10
165,6.03
68,6.07
752,0.00
599,5.97
545,0.00
652,5.79
793,0.00
863,5.95
147,6.05
440,5.95
919,0.00
525,6.03
717,6.18
669,6.19
496,0.00
794,6.38
712,6.21
610,6.27
712,6.28
151,6.12
355,0.00
562,6.17
147,0.00
885,0.00
393,0.00
289,12.22
208,6.14
560,0.00
874,19.03
555,12.09
779,6.18
688,0.00
76,6.18
444,0.00
915,6.14
530,0.00
641,6.31
293,6.32
827,0.00
57,6.23
754,0.00
878,6.30
302,12.32
875,6.24
621,6.34
130,6.26
547,6.21
285,6.34
30,6.35
451,0.00
993,6.15
255,6.34
4,6.32
704,0.00
135,6.15
770,6.22
648,6.29
928,0.00
894,12.16
306,6.19
476,0.00
462,0.00
484,5.99
102,6.00
78,5.96
904,0.00
160,6.02
883,0.00
104,5.87
922,0.00
658,5.80
250,5.93
246,5.96
660,0.00
559,6.00
578,0.00
931,12.19
849,5.94
541,12.39
390,0.00
371,6.17
897,0.00
43,6.23
721,12.01
511,6.39
80,6.48
302,6.21
256,6.42
373,6.26
32,6.14
628,0.00
914,0.00
540,6.10
108,6.08
912,6.09
866,18.24
365,6.17
700,0.00
721,6.02
687,6.02
501,6.10
692,6.19
257,6.40
374,6.13
784,6.22
929,0.00
498,6.33
425,0.00
262,6.44
502,6.45
522,0.00
596,6.27
550,12.47
744,6.31
763,0.00
359,6.59
678,0.00
78,6.54
452,6.52
89,6.55
212,0.00
254,6.38
525,0.00
630,6.40
647,6.49
657,6.58
368,6.43
649,0.00
641,12.65
329,6.58
704,0.00
662,6.45
246,6.44
279,6.43
177,0.00
669,6.43
6,6.43
539,6.42
408,6.45
769,0.00
127,6.43
428,0.00
803,12.50
684,6.45
21,6.26
201,6.44
629,6.35
434,0.00
529,6.39
406,12.32
401,0.00
861,6.37
983,6.30
196,6.33
976,0.00
73,6.23
752,6.24
292,0.00
840,6.34
178,6.34
971,0.00
951,6.30
278,6.18
332,6.19
541,0.00
949,18.46
5,6.22
90,6.19
370,6.21
180,6.01
665,6.04
881,0.00
486,0.00
311,6.03
400,0.00
311,6.08
923,6.08
957,6.21
117,6.05
259,0.00
957,0.00
908,5.92
92,5.83
656,0.00
590,5.78
978,12.13
248,5.75
270,5.78
31,5.68
887,5.89
211,5.97
753,5.83
825,5.94
26,5.82
56,5.59
120,5.60
120,5.46
838,5.49
259,5.50
154,0.00
243,5.65
577,0.00
895,0.00
707,5.60
183,5.57
94,5.50
984,5.46
812,5.45
604,0.00
841,5.59
705,5.60
706,5.65
808,0.00
648,5.80
499,5.86
500,0.00
805,5.98
295,6.04
298,6.09
138,6.17
666,12.44
576,6.19
838,6.13
840,6.09
862,12.52
892,6.28
131,6.35
705,0.00
818,6.38
258,6.52
200,6.52
682,0.00
392,6.41
46,6.42
742,0.00
823,6.25
166,6.26
943,12.56
972,6.38
7,6.44
983,6.43
778,6.43
298,6.50
576,6.39
417,0.00
723,6.37
727,12.51
935,6.45
18,6.56
127,0.00
633,6.45
615,0.00
95,6.55
71,6.60
58,6.48
493,6.46
163,0.00
561,6.52
920,6.51
255,6.66
732,0.00
509,6.55
961,12.47
138,6.55
803,6.75
684,0.00
576,0.00
839,6.75
516,6.74
518,6.85
107,6.63
650,0.00
987,6.73
379,6.76
999,6.76
215,6.86
92,6.93
801,6.88
662,0.00
622,6.77
459,6.78
667,0.00
563,0.00
315,6.81
951,6.81
186,6.84
285,6.76
692,6.68
972,6.78
207,6.79
281,6.70
259,6.63
285,6.59
789,0.00
21,6.51
417,6.39
758,0.00
737,0.00
29,6.25
298,6.24
846,12.34
997,6.19
476,12.27
92,12.29
410,0.00
818,12.34
51,6.11
990,0.00
115,5.98
905,6.02
283,6.04
113,0.00
733,6.02
792,0.00
563,6.14
643,0.00
597,12.47
464,6.08
676,5.99
918,6.10
989,6.07
836,6.08
195,6.08
428,6.11
647,6.03
375,12.35
80,6.06
176,5.96
323,5.87
934,0.00
856,5.90
518,6.03
833,0.00
164,5.99
778,0.00
6,5.97
321,5.95
782,12.46
352,5.78
667,6.18
235,5.89
12,0.00
23,5.95
321,5.82
156,5.76
842,0.00
878,12.60
619,12.30
531,5.67
349,5.69
859,0.00
335,5.59
706,5.55
67,5.65
804,12.40
844,5.74
287,5.81
691,0.00
534,5.60
429,5.66
325,5.80
822,0.00
173,5.67
940,12.61
543,5.85
375,5.80
585,0.00
630,0.00
724,5.89
202,5.88
650,0.00
992,5.84
101,5.90
80,5.92
828,5.91
655,5.99
170,5.94
801,6.01
782,6.03
440,12.26
789,0.00
513,0.00
566,12.32
688,12.16
621,5.91
14,0.00
235,5.97
750,5.93
827,6.00
716,5.93
227,0.00
988,12.08
275,6.01
560,6.05
623,6.10
218,6.05
484,12.08
42,6.06
570,5.86
809,5.94
874,5.83
753,0.00
224,6.03
572,0.00
147,5.98
197,5.89
855,0.00
733,11.81
803,5.83
71,5.86
343,5.78
974,5.90
376,0.00
135,5.95
735,11.92
305,5.96
640,5.85
637,0.00
207,5.85
264,5.89
994,0.00
447,11.69
699,5.96
376,5.97
447,5.90
551,5.88
592,0.00
51,5.99
536,0.00
456,0.00
556,5.83
794,0.00
382,5.92
802,0.00
63,5.90
303,5.91
768,0.00
254,5.90
640,0.00
872,5.82
190,5.89
616,0.00
800,5.84
213,5.82
978,0.00
157,5.80
846,5.80
849,5.92
755,5.92
283,6.03
659,0.00
95,5.95
865,18.08
169,5.96
511,5.85
912,11.98
60,5.87
575,18.01
448,5.82
471,0.00
15,5.80
154,5.88
513,5.72
733,5.72
886,5.83
436,5.84
809,5.96
490,0.00
834,0.00
653,5.78
419,5.91
349,5.91
414,0.00
746,11.88
311,6.00
550,0.00
824,11.98
639,6.09
491,6.10
500,5.89
314,5.97
656,0.00
693,6.19
160,0.00
673,0.00
355,6.14
678,0.00
7,6.16
973,0.00
892,6.17
507,6.11
797,6.31
967,6.32
907,6.47
23,6.46
100,6.29
734,6.27
77,6.36
981,6.35
879,6.42
190,6.29
566,0.00
478,6.49
286,6.36
722,6.33
974,0.00
679,6.42
709,0.00
706,6.60
703,6.53
592,6.55
895,6.60
278,6.56
186,6.57
943,0.00
496,6.58
820,0.00
938,6.61
44,6.62
643,6.64
806,6.61
341,6.56
777,0.00
133,6.52
73,6.53
245,6.44
226,6.42
630,0.00
333,6.43
490,0.00
790,12.58
1000,30.71
581,12.47
956,18.61
167,6.70
142,6.64
55,6.61
138,6.71
839,0.00
765,12.40
337,6.72
262,0.00
68,6.47
331,6.49
194,6.59
494,0.00
683,6.49
595,6.35
390,6.48
408,0.00
964,6.50
242,6.45
266,6.40
419,0.00
606,6.50
955,24.57
391,6.58
514,6.48
791,12.42
542,6.30
288,6.36
710,6.36
71,6.46
216,6.40
10,6.47
79,6.32
704,0.00
288,0.00
779,6.32
55,6.10
902,0.00
677,12.48
256,6.27
934,6.24
878,12.51
597,6.33
69,6.29
673,0.00
995,0.00
593,6.45
975,13.05
87,6.44
178,6.47
927,6.40
10,6.37
124,6.32
861,6.16
329,6.19
449,6.14
364,6.16
419,0.00
907,6.01
580,6.10
886,6.11
951,6.17
329,6.40
365,6.22
968,12.75
292,6.21
379,6.27
493,0.00
589,6.12
466,0.00
570,6.18
107,6.25
110,6.25
672,6.24
366,6.24
420,0.00
943,6.16
975,0.00
606,12.94
807,6.26
556,6.48
330,6.19
162,6.29
300,6.25
885,0.00
924,6.23
583,6.25
519,6.22
77,6.31
995,0.00
810,6.23
490,6.14
844,6.19
658,12.82
912,12.78
179,6.45
786,6.36
741,0.00
681,6.32
520,12.95
581,12.83
935,0.00
772,6.53
105,6.53
410,6.55
685,6.45
598,6.49
797,6.49
839,0.00
721,0.00
99,6.45
970,12.71
916,6.45
39,6.47
358,6.51
693,0.00
938,6.47
183,6.38
863,6.33
301,6.34
468,0.00
349,6.24
428,6.46
986,6.35
564,6.51
659,6.67
211,6.71
67,6.70
684,6.64
351,6.71
422,0.00
849,0.00
452,0.00
889,6.49
773,0.00
358,0.00
377,6.53
945,12.78
512,6.55
146,0.00
168,6.59
101,6.54
556,6.65
997,6.67
983,12.69
83,6.62
270,6.62
694,6.59
524,6.71
799,6.76
731,0.00
544,6.74
103,6.82
87,6.66
395,12.76
564,6.67
602,6.68
875,19.64
83,6.76
239,6.61
179,6.64
630,0.00
696,12.84
824,6.65
950,6.67
587,6.75
119,6.65
314,6.71
867,0.00
515,6.82
594,6.85
580,0.00
474,0.00
644,0.00
627,6.53
711,6.59
893,6.62
247,6.73
488,6.64
474,0.00
784,6.57
243,6.48
13,6.56
923,6.53
715,6.54
123,12.93
653,13.00
241,6.67
858,6.56
556,6.64
783,6.78
835,6.65
243,6.57
915,13.16
600,6.71
179,6.72
284,6.61
583,0.00
985,6.68
378,6.69
87,6.67
511,6.67
845,0.00
988,12.96
433,6.61
81,6.46
968,0.00
117,6.51
117,6.51
633,0.00
817,6.44
70,6.51
902,0.00
130,6.42
141,6.54
7,6.31
224,6.26
627,6.23
344,0.00
387,6.13
293,12.71
61,6.22
938,0.00
416,6.06
492,6.09
874,6.12
529,6.25
209,6.20
783,0.00
954,0.00
605,0.00
672,6.23
409,6.34
567,6.35
166,0.00
551,6.16
326,0.00
91,6.27
989,0.00
284,6.14
255,6.20
485,6.05
718,0.00
61,6.08
896,0.00
583,6.08
743,0.00
471,6.08
405,6.18
577,12.69
472,6.06
158,0.00
315,6.10
2,6.02
787,0.00
619,12.77
343,5.99
894,0.00
251,5.99
802,0.00
821,12.63
332,6.01
375,6.12
414,5.97
673,5.94
818,6.03
742,5.90
348,6.04
20,5.88
711,0.00
483,5.92
490,0.00
443,0.00
759,5.96
328,0.00
628,6.03
541,0.00
585,6.04
353,6.10
464,5.93
573,6.02
125,6.10
636,12.66
698,6.06
310,6.07
390,5.99
657,0.00
707,6.06
830,6.08
994,0.00
368,6.24
658,6.18
233,6.23
699,6.11
972,6.18
913,6.32
528,6.45
474,6.45
953,6.60
386,6.49
509,0.00
898,12.51
345,6.45
611,0.00
414,6.27
775,12.48
447,6.33
111,6.34
559,0.00
560,12.47
26,6.26
765,6.20
441,6.24
616,12.65
898,6.33
949,12.58
3,6.35
4,6.24
638,0.00
339,6.31
998,6.18
413,6.07
144,6.24
89,6.13
915,12.17
898,6.19
438,6.24
147,6.24
424,6.14
838,6.28
737,6.27
541,6.30
989,25.40
196,6.31
390,6.21
516,6.22
846,6.35
728,6.42
238,6.44
555,0.00
144,6.44
916,0.00
102,6.37
71,6.40
110,6.26
120,0.00
978,6.25
61,6.41
156,6.24
980,6.12
459,6.13
588,6.12
327,6.18
120,6.10
55,6.10
423,0.00
386,6.05
943,5.96
34,6.05
286,5.91
849,6.02
311,5.99
351,5.91
922,0.00
525,5.87
238,6.01
478,0.00
713,5.92
23,5.98
893,5.84
197,5.96
884,0.00
362,5.75
586,12.17
789,12.14
695,5.92
859,12.17
33,5.80
762,0.00
908,5.81
21,5.82
395,0.00
943,5.81
275,5.89
602,5.78
344,5.87
240,5.77
489,0.00
564,0.00
668,5.88
182,5.83
663,0.00
976,0.00
779,12.35
298,5.97
880,18.43
671,12.28
304,12.19
998,12.27
68,6.16
528,6.35
199,6.22
726,0.00
286,6.15
799,0.00
780,6.20
917,6.19
6,6.20
601,6.15
306,12.32
935,6.21
217,6.14
200,6.11
719,6.16
519,6.17
634,6.09
263,6.19
961,0.00
188,6.06
638,0.00
411,6.01
615,6.12
611,6.07
789,6.05
147,6.05
839,6.05
291,6.05
209,6.20
921,12.29
462,0.00
953,6.12
349,6.09
852,6.32
895,0.00
760,0.00
881,6.47
256,6.51
304,6.40
612,6.31
276,6.48
217,6.49
419,12.32
2,6.58
227,6.43
619,0.00
960,0.00
288,6.36
897,6.36
855,0.00
640,6.47
122,6.54
526,0.00
993,0.00
461,6.53
564,12.25
473,6.61
812,12.21
556,6.66
690,6.48
980,6.64
359,6.45
700,0.00
83,6.48
988,6.56
395,6.68
439,6.64
905,0.00
246,6.53
122,6.66
457,0.00
264,12.32
651,12.40
71,6.59
486,12.49
722,12.38
563,6.56
144,6.60
210,6.52
948,0.00
366,6.44
775,6.47
883,6.45
973,6.40
72,6.60
404,0.00
279,6.44
735,12.54
179,6.50
517,6.48
260,6.54
35,6.47
674,12.62
130,6.40
512,0.00
195,6.40
485,6.45
868,6.46
425,6.34
253,6.42
917,6.32
113,6.52
841,0.00
697,6.51
78,6.51
149,6.45
397,0.00
757,6.50
786,6.60
405,6.59
563,0.00
940,12.76
507,6.59
652,6.75
304,6.64
180,12.83
814,6.78
89,6.54
9,6.63
952,0.00
39,6.46
825,12.86
163,6.43
302,6.35
111,6.40
546,0.00
725,0.00
199,6.15
868,6.29
397,6.34
844,6.37
265,6.44
737,0.00
797,6.24
929,6.24
878,0.00
694,0.00
228,6.35
746,6.34
938,6.34
662,6.35
616,6.42
652,6.44
623,0.00
455,0.00
463,6.25
198,6.26
336,6.14
394,0.00
577,6.23
146,6.22
308,6.14
856,0.00
701,0.00
199,6.25
143,6.10
753,0.00
930,6.12
106,6.24
954,6.15
969,12.57
482,6.42
832,0.00
687,6.22
437,0.00
585,0.00
313,6.28
786,0.00
480,6.22
18,6.26
567,6.24
556,6.25
497,0.00
523,0.00
344,6.22
814,6.25
429,6.34
288,6.20
156,6.04
417,6.14
920,0.00
324,6.06
114,6.12
506,0.00
894,0.00
867,6.00
918,12.65
379,6.15
250,6.03
653,12.64
655,6.19
64,6.03
657,0.00
635,6.06
545,5.96
650,5.98
196,6.05
559,0.00
489,0.00
354,6.10
335,6.05
91,6.09
895,12.25
299,6.20
474,0.00
589,5.99
542,6.07
338,5.94
192,5.84
810,0.00
980,5.84
513,0.00
586,6.07
40,6.12
209,6.06
736,0.00
742,6.01
405,0.00
330,6.04
643,12.40
661,6.05
47,6.03
586,0.00
414,0.00
435,5.99
425,5.98
305,6.03
740,0.00
12,6.07
349,0.00
879,6.02
178,6.04
194,5.99
422,0.00
831,5.97
899,5.97
876,6.04
46,6.16
957,0.00
118,5.99
63,5.91
932,12.07
10,5.91
335,5.70
832,5.78
655,5.72
168,5.80
868,5.76
183,5.83
791,0.00
733,5.96
389,6.05
898,5.95
291,6.11
205,6.11
203,6.18
39,6.10
878,0.00
181,6.03
499,0.00
976,12.29
289,6.06
487,6.01
666,0.00
271,6.04
379,5.98
593,0.00
870,6.20
277,6.20
508,0.00
197,6.13
645,12.08
263,6.05
723,0.00
995,5.95
369,6.00
210,6.00
594,6.15
945,0.00
341,6.05
163,6.21
129,6.22
657,0.00
957,6.28
315,6.29
288,6.35
89,6.26
545,0.00
459,6.22
900,6.22
162,6.32
213,6.24
32,6.06
543,0.00
89,6.02
694,0.00
436,6.05
413,0.00
229,6.02
714,0.00
281,6.11
377,5.99
45,6.06
900,18.30
902,18.28
356,6.01
666,6.12
795,5.95
728,0.00
69,6.03
774,0.00
741,6.18
145,6.26
459,6.15
80,6.24
327,6.32
421,0.00
831,6.19
489,6.16
342,6.34
655,6.23
859,0.00
700,0.00
188,6.40
167,6.42
619,0.00
512,6.45
538,6.59
597,0.00
908,0.00
403,0.00
919,6.42
865,0.00
372,6.40
534,6.23
397,0.00
972,18.75
282,6.26
596,12.29
595,6.38
247,6.50
574,0.00
739,6.41
87,6.43
922,0.00
559,6.44
893,0.00
820,6.28
957,6.23
786,6.31
552,6.35
300,6.51
73,6.51
611,0.00
330,12.45
609,6.57
383,0.00
917,6.58
128,6.58
373,12.60
704,6.64
588,6.46
751,6.44
153,6.57
811,0.00
193,6.37
41,6.30
868,6.40
430,0.00
105,6.54
854,6.55
793,6.67
505,0.00
696,6.59
322,6.69
693,0.00
101,6.80
390,0.00
722,6.71
73,6.74
668,6.67
76,6.76
626,0.00
351,6.74
301,6.74
384,6.68
301,0.00
624,12.76
864,6.73
814,6.83
258,6.71
163,0.00
372,6.69
847,0.00
339,6.74
100,6.68
874,6.62
946,6.63
178,6.70
120,6.65
567,0.00
778,6.65
876,6.65
672,6.79
587,0.00
440,6.78
265,6.70
341,6.76
444,0.00
794,6.69
955,6.70
319,6.75
210,6.74
904,0.00
673,6.64
164,6.79
923,0.00
581,6.77
320,6.82
923,6.82
208,0.00
943,6.87
144,7.00
922,7.00
90,7.01
672,13.28
576,6.83
332,6.90
542,6.82
220,0.00
842,6.87
85,6.84
502,6.93
107,6.93
568,6.87
96,6.92
200,6.89
971,0.00
364,6.66
797,19.41
333,0.00
516,6.78
365,13.10
532,6.67
240,6.62
573,0.00
556,6.57
205,6.55
861,6.56
525,6.56
83,0.00
954,13.09
160,6.80
525,0.00
772,6.78
33,6.82
79,6.61
396,6.70
699,6.60
207,6.70
689,0.00
277,6.53
86,6.39
488,0.00
447,6.44
251,6.42
721,6.43
733,6.36
302,0.00
448,6.50
690,6.55
559,0.00
719,0.00
890,0.00
410,6.59
902,6.71
570,6.73
345,0.00
69,6.74
228,6.73
201,6.71
898,6.73
875,13.23
9,6.62
121,6.78
676,6.68
568,6.60
27,6.59
925,0.00
442,0.00
369,6.49
342,6.60
383,6.51
620,0.00
210,6.54
384,6.44
98,6.54
550,0.00
538,6.39
801,0.00
683,6.25
546,6.32
916,6.44
513,0.00
669,13.41
405,6.24
94,6.38
995,13.42
388,6.35
94,6.25
207,6.21
654,6.23
950,6.37
992,6.25
980,6.34
301,6.48
600,6.39
461,6.51
232,6.61
414,6.43
986,13.29
663,6.58
288,6.59
386,0.00
350,6.55
781,0.00
855,6.68
520,6.56
12,6.80
937,6.76
750,0.00
328,6.72
700,6.66
695,0.00
966,0.00
799,6.77
325,6.73
245,6.78
694,6.74
367,6.85
772,0.00
767,6.82
360,6.78
244,6.88
584,0.00
653,6.87
910,6.93
565,0.00
818,13.42
216,6.96
818,7.03
480,13.80
12,7.24
476,0.00
911,7.15
828,0.00
834,13.87
103,7.16
388,7.01
674,7.02
326,7.12
33,7.11
874,0.00
317,7.29
153,7.24
509,13.87
218,7.34
863,0.00
945,13.97
961,13.82
212,0.00
932,7.19
884,0.00
318,7.24
934,0.00
485,7.22
692,0.00
766,7.19
152,7.26
898,7.23
319,7.34
917,0.00
522,13.58
155,7.33
773,0.00
179,7.17
369,0.00
57,7.12
527,7.09
959,0.00
579,13.56
861,13.65
518,0.00
959,7.45
179,7.31
620,7.37
714,7.30
299,7.09
986,7.29
857,7.40
875,7.36
560,7.45
653,0.00
931,20.73
702,7.50
20,7.50
828,0.00
765,14.06
304,7.50
775,7.62
841,7.43
303,7.51
51,7.40
818,14.00
581,7.35
291,7.31
106,7.24
75,7.18
540,0.00
712,0.00
487,7.14
749,0.00
331,7.20
922,14.00
852,7.24
422,7.26
646,0.00
233,7.20
86,7.25
278,7.13
63,7.04
634,0.00
945,6.80
559,0.00
906,6.92
16,6.93
225,0.00
126,6.90
869,6.70
348,6.71
894,6.92
365,6.82
22,6.79
966,0.00
912,6.80
167,6.80
937,0.00
605,6.91
582,0.00
199,6.91
949,14.13
783,14.11
945,6.87
585,6.78
478,6.77
998,6.72
491,6.72
545,0.00
564,6.79
367,6.79
575,0.00
227,6.60
246,6.60
134,0.00
897,20.17
186,6.73
260,6.59
158,6.72
354,6.66
736,6.66
854,0.00
434,13.95
290,6.68
966,0.00
747,0.00
951,13.96
91,6.62
796,6.59
441,6.67
469,6.76
633,0.00
689,6.55
348,6.58
440,6.40
702,0.00
831,6.28
687,6.36
744,6.37
544,6.19
84,6.15
737,6.09
977,20.29
324,6.32
77,6.25
616,6.16
742,6.15
530,0.00
564,6.29
65,6.30
626,0.00
930,6.21
237,6.36
611,13.27
834,6.26
456,0.00
813,6.15
489,6.11
12,6.15
721,6.23
177,6.28
154,6.23
612,0.00
708,6.09
850,0.00
983,6.21
719,13.02
129,6.31
77,6.15
364,6.08
970,6.00
255,0.00
98,0.00
963,6.13
703,6.07
167,6.01
526,0.00
455,0.00
544,5.94
312,6.05
496,0.00
734,12.89
561,6.06
595,6.18
225,6.02
192,6.03
482,6.10
315,6.11
583,12.77
844,6.10
232,5.95
300,5.97
745,5.99
28,6.09
377,5.97
980,6.00
190,6.02
118,5.97
593,5.93
301,0.00
105,6.04
915,0.00
694,5.98
675,6.04
961,0.00
829,6.21
237,6.23
9,6.07
147,6.08
845,0.00
53,6.02
28,5.89
918,0.00
779,0.00
945,6.03
520,6.04
782,6.01
655,0.00
723,12.36
696,6.23
229,6.24
470,0.00
858,12.49
835,12.58
790,0.00
332,6.31
699,0.00
55,6.28
362,0.00
738,6.27
652,6.30
560,6.41
581,6.23
474,6.29
10,6.42
664,0.00
734,0.00
387,6.48
777,6.43
351,6.52
820,12.89
538,12.72
623,6.49
328,6.58
575,0.00
931,0.00
309,6.60
794,6.53
143,6.60
332,0.00
538,6.51
368,6.52
236,6.41
26,6.42
719,6.36
348,6.36
650,0.00
170,6.38
214,12.38
212,12.29
848,6.35
220,6.37
91,0.00
287,6.23
62,6.24
420,6.12
159,6.23
387,6.11
947,0.00
940,6.10
908,12.23
159,6.06
640,0.00
543,0.00
756,12.48
949,6.37
493,12.33
614,6.40
15,6.44
74,6.34
933,0.00
280,6.40
988,6.31
198,0.00
118,6.25
958,0.00
460,6.25
847,6.24
136,6.41
149,6.28
807,6.14
159,6.23
668,6.19
575,0.00
603,6.29
229,6.30
404,0.00
43,6.13
770,0.00
929,6.15
660,6.20
414,6.05
23,5.95
500,0.00
9,5.87
856,0.00
310,5.83
951,25.72
254,5.81
494,5.74
824,5.88
928,5.91
521,5.89
263,5.92
829,0.00
176,5.82
67,5.91
806,0.00
874,5.70
968,5.78
294,5.98
751,5.88
814,0.00
110,5.91
445,5.87
115,5.94
351,5.87
42,5.76
907,5.80
416,5.93
492,5.88
78,5.87
758,0.00
405,6.00
855,5.95
182,6.09
560,0.00
415,5.98
826,0.00
609,6.01
424,12.15
415,5.92
895,6.17
780,6.15
679,6.21
753,0.00
700,6.15
923,6.34
214,6.34
321,6.29
101,6.32
517,0.00
464,0.00
560,6.22
783,6.26
678,0.00
235,6.07
437,6.19
620,0.00
827,6.29
725,6.35
64,6.36
180,0.00
626,6.31
491,6.47
407,6.33
484,0.00
555,0.00
546,0.00
640,0.00
820,6.26
605,6.29
153,6.29
688,6.28
117,6.46
60,6.36
48,0.00
431,0.00
824,6.33
570,6.36
228,6.35
514,6.32
295,6.33
507,6.47
559,6.53
566,6.38
718,6.49
794,6.38
63,6.52
923,6.57
803,6.50
650,6.53
810,12.34
636,0.00
522,6.47
249,0.00
187,6.39
996,0.00
607,6.21
517,6.30
48,0.00
995,0.00
631,6.33
50,6.42
29,6.35
102,6.36
508,0.00
789,12.04
72,6.25
986,6.24
213,6.32
710,0.00
676,0.00
972,6.35
758,6.40
365,6.58
694,6.47
592,0.00
736,12.58
130,6.36
346,6.33
70,6.26
220,6.26
865,0.00
886,6.13
172,12.51
421,6.08
357,6.15
532,6.00
212,6.02
497,5.99
12,6.00
928,18.57
313,5.84
457,12.03
300,5.94
882,0.00
186,5.83
543,0.00
791,5.60
220,5.70
375,5.82
952,5.70
562,5.82
616,0.00
582,6.00
731,6.04
808,6.13
247,5.93
338,0.00
131,6.08
743,0.00
507,6.08
373,6.08
532,6.17
137,6.23
85,6.16
214,6.15
702,0.00
158,6.16
542,0.00
587,6.19
710,6.23
902,6.20
595,6.27
865,0.00
182,6.20
933,12.79
463,0.00
600,6.18
984,12.52
310,5.97
456,0.00
932,6.07
331,6.17
565,0.00
182,6.15
19,6.10
99,6.21
751,0.00
497,6.01
58,6.06
343,6.05
58,6.06
999,0.00
703,6.10
139,6.09
321,5.98
232,6.07
247,5.98
945,0.00
728,18.37
716,0.00
376,12.56
43,5.93
383,5.92
864,6.00
380,6.09
878,6.09
674,24.73
98,6.23
793,12.38
275,6.16
173,6.09
365,6.10
116,6.24
803,6.25
931,6.25
352,6.34
561,6.14
574,0.00
358,6.37
845,0.00
151,6.49
1000,6.49
209,6.60
795,12.62
111,6.60
762,6.69
571,6.62
224,6.65
666,0.00
790,0.00
89,6.48
430,0.00
497,0.00
484,6.07
46,6.12
829,5.97
132,5.87
595,5.94
221,6.09
839,5.92
373,5.94
896,6.03
768,6.11
811,0.00
571,6.35
137,6.13
962,6.11
199,6.25
3,6.10
148,6.12
707,0.00
920,6.09
312,6.02
495,0.00
484,12.24
878,6.06
660,12.29
833,6.21
152,6.22
331,6.09
53,6.14
738,6.00
253,6.12
869,0.00
53,6.09
297,5.96
660,0.00
472,6.01
656,0.00
341,6.09
930,6.08
916,12.27
738,12.36
350,6.26
783,6.25
753,0.00
748,6.22
853,0.00
483,6.18
848,0.00
180,6.14
756,0.00
29,6.08
379,6.02
451,12.08
682,5.99
4,6.01
224,5.94
803,0.00
248,5.90
25,5.90
577,5.68
893,0.00
173,5.73
311,5.73
281,5.65
734,0.00
253,5.66
275,12.28
872,5.68
674,12.31
388,5.85
9,5.94
932,18.12
679,5.71
324,5.61
925,5.83
600,5.89
174,5.76
129,0.00
749,5.84
224,5.92
650,0.00
371,5.96
776,6.01
33,6.14
151,6.06
204,5.99
938,0.00
823,0.00
66,5.83
131,5.74
621,0.00
799,5.65
233,5.74
88,5.74
851,5.60
476,5.61
129,5.68
591,0.00
876,5.63
921,17.99
391,5.85
187,5.65
384,0.00
131,5.73
409,0.00
925,5.58
149,5.63
487,5.50
708,18.30
995,11.66
291,5.66
471,5.65
116,5.69
625,5.69
222,0.00
44,5.86
441,5.72
500,0.00
139,5.74
951,0.00
365,5.76
743,0.00
113,5.80
683,5.82
8,5.85
576,5.70
838,5.79
586,11.99
206,5.90
991,0.00
449,0.00
567,5.83
238,5.91
467,0.00
478,5.81
922,0.00
677,6.07
502,0.00
286,6.10
581,0.00
968,12.01
262,6.17
249,0.00
775,6.17
813,6.14
77,6.29
363,0.00
604,6.25
567,0.00
450,6.18
575,6.25
808,0.00
229,6.32
246,6.25
887,0.00
317,6.23
376,6.14
42,6.20
376,6.15
948,6.29
551,12.04
796,6.51
455,6.21
338,6.18
815,0.00
254,6.27
39,6.21
216,6.20
787,6.20
530,0.00
875,12.15
981,6.39
377,6.49
657,6.43
803,0.00
976,6.63
226,6.55
201,6.49
578,6.62
611,6.71
645,6.80
969,6.81
960,6.69
656,0.00
790,6.74
384,6.75
861,12.34
142,6.90
439,0.00
308,6.86
137,6.88
925,0.00
93,6.78
639,0.00
469,6.64
981,6.88
778,6.83
800,0.00
769,7.03
628,0.00
237,6.88
427,6.81
813,0.00
374,6.88
994,6.87
119,6.81
20,6.81
774,12.71
54,6.87
492,12.51
34,6.70
56,6.70
762,6.61
117,6.69
329,6.76
341,6.65
103,6.52
411,6.40
37,6.40
555,6.28
490,6.38
630,6.47
463,6.24
543,6.34
154,6.38
736,6.27
165,6.35
456,6.35
322,6.43
804,0.00
708,6.33
432,0.00
73,6.27
184,6.28
532,0.00
445,6.26
785,0.00
841,0.00
237,6.08
638,12.36
999,6.24
212,6.34
642,0.00
942,6.31
749,6.75
267,6.46
744,0.00
783,6.40
221,6.55
781,0.00
398,6.33
283,6.33
281,0.00
133,6.42
599,6.22
546,6.22
714,0.00
316,6.10
236,12.73
684,6.13
359,6.14
459,0.00
926,6.07
346,6.05
630,6.08
807,5.96
648,6.04
351,6.15
988,18.52
207,6.04
968,0.00
877,6.18
703,0.00
996,6.02
469,6.03
455,6.03
449,0.00
875,12.92
255,6.05
314,6.02
243,6.03
263,6.01
565,0.00
776,12.83
703,12.90
249,6.02
73,5.79
624,5.96
169,5.95
215,5.89
227,5.93
684,6.05
380,5.97
535,0.00
551,6.06
409,0.00
649,6.16
37,6.25
522,6.25
489,0.00
160,6.26
390,6.18
46,6.24
845,0.00
403,6.18
374,6.11
592,0.00
507,0.00
838,12.29
653,0.00
53,6.09
16,6.05
350,6.03
666,0.00
533,6.04
475,6.08
550,18.58
901,30.88
632,12.19
233,6.11
157,0.00
114,5.98
136,6.07
774,0.00
746,18.65
712,5.88
41,5.88
429,5.87
125,5.93
294,5.94
924,5.80
786,0.00
378,5.95
875,5.80
282,0.00
253,5.85
199,5.93
323,5.86
560,0.00
664,6.01
341,0.00
888,6.00
243,6.00
837,5.97
807,6.02
428,6.22
298,6.05
148,6.04
907,12.03
888,6.01
23,5.96
578,0.00
274,5.91
516,11.88
877,5.99
86,6.06
889,12.08
346,5.90
46,0.00
974,5.97
292,5.78
15,5.88
192,5.78
703,0.00
870,5.69
489,5.79
852,0.00
502,5.83
252,5.90
596,0.00
556,5.92
63,5.90
333,5.78
162,0.00
444,5.79
832,5.79
535,5.76
825,0.00
603,5.68
502,0.00
127,5.73
92,5.83
397,0.00
297,5.86
341,5.89
532,5.84
161,5.89
710,5.81
898,5.92
745,12.02
336,6.04
947,12.06
424,6.05
926,12.08
261,6.00
988,6.09
879,6.19
514,0.00
915,12.33
906,6.33
938,0.00
754,6.34
345,6.44
148,6.26
194,6.37
611,6.37
779,6.40
493,0.00
557,0.00
591,6.25
655,6.24
883,12.21
452,6.42
115,6.49
177,6.43
851,0.00
57,6.29
978,6.29
814,6.27
336,6.28
481,0.00
291,6.26
596,0.00
888,0.00
335,6.15
987,12.11
286,6.10
262,6.03
340,6.15
70,6.05
417,0.00
909,12.15
600,0.00
632,5.97
313,6.02
991,6.11
172,6.17
919,0.00
485,6.16
563,6.26
838,0.00
546,6.20
217,6.32
423,0.00
20,6.20
849,0.00
635,6.15
729,6.34
464,0.00
3,6.35
817,6.31
93,6.15
619,6.06
407,6.07
589,0.00
490,6.15
643,0.00
212,6.12
59,6.09
144,6.13
196,6.07
498,0.00
18,6.04
44,5.94
809,5.94
821,5.95
813,5.90
943,0.00
732,0.00
611,5.75
908,12.10
690,5.84
949,5.92
482,0.00
661,12.15
612,0.00
850,5.79
97,5.77
136,5.79
804,0.00
867,5.81
452,5.78
954,0.00
690,5.71
95,0.00
576,5.74
886,5.92
953,6.01
608,0.00
716,5.86
47,5.91
432,0.00
56,5.89
692,0.00
401,5.90
749,0.00
808,5.96
331,6.07
726,6.05
325,6.16
969,6.20
132,5.99
88,6.10
559,0.00
811,6.09
873,18.16
384,6.30
330,6.26
890,0.00
383,6.29
368,6.29
537,0.00
450,6.08
78,6.19
102,6.18
273,6.18
187,6.07
689,0.00
413,6.09
27,6.13
511,0.00
826,12.31
798,6.16
82,6.10
594,0.00
858,6.39
534,12.66
958,18.30
235,6.46
512,0.00
963,6.61
544,6.30
591,0.00
982,6.40
271,6.51
316,6.53
534,6.53
373,6.53
300,6.58
26,6.62
842,6.62
462,6.72
776,0.00
990,12.57
743,0.00
637,6.62
796,0.00
700,6.72
239,6.70
861,0.00
967,12.60
793,6.77
481,6.82
116,6.83
941,12.57
857,6.73
242,7.00
811,12.65
62,6.87
779,6.81
132,6.93
773,6.82
431,6.93
234,6.80
968,12.44
106,6.93
16,6.73
943,0.00
544,6.76
309,6.74
116,6.66
365,0.00
137,6.59
579,0.00
556,6.57
750,6.69
240,6.77
288,6.64
407,0.00
501,6.43
726,0.00
394,12.75
186,12.57
816,6.59
589,6.72
417,6.49
819,0.00
185,6.46
556,0.00
75,6.45
194,6.47
880,0.00
490,6.42
811,0.00
217,6.34
213,6.37
953,0.00
618,0.00
708,6.41
243,6.49
24,6.42
907,0.00
147,6.34
684,0.00
659,0.00
551,0.00
406,0.00
487,6.19
995,6.25
57,6.20
513,0.00
530,0.00
764,6.00
529,6.05
695,0.00
550,0.00
827,6.14
509,0.00
920,12.62
240,6.17
333,6.17
431,6.03
826,6.07
155,6.25
217,5.99
364,5.98
933,0.00
902,12.75
924,6.13
751,18.52
283,5.99
5,6.10
84,6.07
386,0.00
89,5.88
655,5.88
604,5.89
73,5.90
275,5.85
701,0.00
848,5.89
58,5.75
662,5.82
754,5.86
199,5.88
834,5.71
727,5.79
811,5.89
162,6.03
575,6.02
920,6.10
5,6.20
480,0.00
283,5.96
337,5.92
914,0.00
806,6.04
828,6.14
162,6.29
947,0.00
152,6.17
58,6.09
679,6.00
789,0.00
538,6.06
491,6.13
971,6.04
472,6.04
980,12.32
420,6.03
23,6.14
591,0.00
432,5.97
417,5.95
664,5.95
205,6.04
509,0.00
601,6.07
399,6.14
202,6.20
384,6.07
728,0.00
972,25.19
979,18.74
652,12.56
96,6.33
556,0.00
572,6.17
535,0.00
650,6.17
968,6.26
616,6.23
583,6.16
348,6.19
766,0.00
530,0.00
950,6.32
994,6.26
507,0.00
133,6.42
346,6.46
890,12.33
360,6.26
40,6.38
446,6.21
906,6.22
329,6.29
588,6.14
383,6.23
48,6.34
20,6.31
768,6.23
732,0.00
892,6.23
100,6.26
93,6.33
777,12.08
324,6.26
881,6.22
588,6.32
445,0.00
733,0.00
742,6.05
748,6.12
813,6.16
715,6.06
60,6.19
390,6.13
296,6.13
954,0.00
349,6.21
969,0.00
239,6.04
577,6.09
161,6.14
715,0.00
881,12.29
797,6.26
739,6.36
645,0.00
692,6.24
33,6.32
629,12.39
840,6.36
351,6.50
682,0.00
726,12.29
215,6.40
33,6.23
953,0.00
533,0.00
969,6.29
333,6.45
144,6.36
353,6.38
352,6.37
361,6.24
264,6.10
17,6.10
670,18.42
886,18.36
182,12.21
935,18.33
803,12.42
963,12.39
46,6.27
441,6.18
162,0.00
391,6.20
765,0.00
821,6.12
122,6.17
739,6.22
497,6.28
454,6.12
71,6.18
343,6.11
574,6.01
433,6.07
262,5.97
9,5.89
993,0.00
99,5.98
187,5.98
410,0.00
793,12.31
92,5.88
158,0.00
477,0.00
814,12.16
733,6.07
517,6.04
82,5.98
431,5.97
299,5.89
65,5.96
371,5.93
727,0.00
837,5.97
746,6.04
976,6.09
79,6.06
35,5.97
486,0.00
462,0.00
467,6.13
555,0.00
72,6.11
85,6.13
923,6.09
262,6.10
121,0.00
996,0.00
535,6.10
322,6.22
645,6.26
311,0.00
309,6.17
858,0.00
162,6.23
152,6.13
511,6.13
886,24.78
549,0.00
948,12.33
502,12.35
577,6.34
467,6.35
42,6.10
105,6.18
234,6.07
127,6.02
754,0.00
313,5.91
29,5.97
35,5.87
589,5.83
779,5.88
201,5.96
201,5.88
799,0.00
975,5.77
528,5.89
339,5.96
79,5.96
1000,6.01
88,6.01
672,0.00
706,6.16
183,6.23
332,12.28
358,6.16
511,0.00
255,12.24
483,6.07
470,12.16
924,6.10
213,5.95
795,5.88
157,5.95
447,0.00
181,5.92
213,5.86
452,0.00
541,0.00
873,5.92
278,5.95
917,0.00
49,5.88
528,5.85
411,5.93
165,5.93
838,5.88
97,5.98
148,5.98
664,0.00
326,5.94
305,5.80
382,5.97
283,5.98
149,5.85
294,5.95
441,0.00
663,5.87
976,0.00
704,0.00
777,0.00
591,12.12
42,6.03
107,5.80
262,5.95
415,5.84
693,5.74
112,0.00
822,5.80
269,5.92
272,5.76
257,5.65
147,5.59
656,0.00
263,5.63
454,0.00
153,5.63
446,0.00
531,5.70
256,5.70
304,5.79
588,0.00
247,5.61
326,5.49
304,5.49
693,5.53
722,5.67
435,5.55
203,5.65
354,0.00
722,5.61
531,0.00
84,5.65
693,0.00
202,5.65
642,0.00
807,5.63
371,5.75
309,5.58
142,5.51
217,5.53
875,0.00
357,5.54
882,5.52
872,5.59
100,5.44
277,5.41
621,0.00
811,0.00
79,5.52
645,11.37
699,5.53
417,5.62
761,5.59
568,5.60
299,5.54
359,5.61
785,5.66
695,5.76
893,0.00
521,5.72
253,5.80
689,5.76
997,0.00
888,5.99
420,5.82
380,5.86
964,0.00
505,5.84
370,0.00
715,0.00
709,11.96
532,24.05
339,6.09
380,5.90
803,5.97
374,5.91
398,5.86
113,5.88
643,0.00
975,11.71
498,5.81
824,11.80
396,5.87
648,5.91
508,0.00
798,5.88
427,5.89
688,5.90
201,0.00
899,5.97
318,0.00
855,6.01
494,6.11
312,6.06
116,6.07
699,0.00
179,6.13
182,6.16
855,6.06
452,0.00
585,0.00
373,6.05
477,6.03
762,5.95
998,6.11
652,11.73
396,6.19
967,6.09
840,6.17
869,6.27
825,0.00
762,0.00
604,0.00
803,0.00
830,6.54
672,12.13
417,6.58
164,6.53
112,6.47
923,0.00
856,6.46
554,0.00
35,6.48
588,0.00
525,0.00
941,6.43
10,6.45
686,6.32
416,6.37
469,6.38
774,6.39
787,0.00
408,6.38
211,6.34
407,0.00
742,12.14
262,6.30
894,12.02
796,6.10
710,6.21
131,6.23
164,6.12
68,6.08
257,5.98
915,0.00
660,11.92
918,6.11
320,6.00
171,5.99
392,6.00
636,11.81
363,5.99
473,11.96
319,6.00
734,5.94
423,0.00
839,6.02
131,5.99
665,0.00
20,6.07
947,5.99
639,6.03
410,6.18
548,0.00
580,0.00
300,5.97
886,0.00
115,6.03
751,6.09
198,6.10
476,6.07
583,12.23
708,6.20
764,12.16
204,6.30
995,0.00
989,12.22
87,6.31
859,0.00
974,12.47
354,6.23
582,6.25
727,6.17
87,6.32
842,6.26
277,6.22
259,6.10
211,6.04
369,5.98
489,12.54
471,6.08
142,6.09
245,5.97
754,0.00
393,5.90
509,5.97
874,12.45
910,18.05
618,6.10
841,6.27
670,6.05
299,6.26
916,0.00
497,0.00
768,6.15
137,6.13
255,6.09
599,0.00
505,6.19
170,6.03
305,6.03
726,6.12
111,6.13
711,5.99
580,0.00
894,12.38
648,6.22
793,6.19
418,6.35
744,6.20
141,6.32
32,6.30
454,0.00
902,12.29
967,12.42
777,12.53
325,12.50
787,18.44
497,6.39
745,6.41
389,6.45
744,12.61
50,6.47
458,6.41
465,6.41
105,6.51
674,0.00
405,6.31
405,6.18
987,0.00
501,6.26
366,6.30
31,6.12
578,12.09
640,6.16
29,6.15
313,5.99
92,5.93
408,5.93
307,5.96
519,0.00
279,5.83
140,5.76
149,0.00
336,5.67
844,5.67
495,5.73
862,5.59
316,5.69
539,0.00
182,12.12
679,5.87
600,0.00
245,5.76
546,5.71
800,0.00
835,5.75
921,5.80
849,0.00
241,5.87
530,5.86
1000,5.95
127,6.05
415,0.00
661,0.00
924,11.94
673,12.07
448,5.95
759,6.03
395,11.99
873,6.02
910,5.78
855,5.85
210,5.88
469,0.00
386,5.84
262,5.78
586,0.00
878,0.00
737,0.00
902,5.88
75,5.87
929,0.00
998,5.71
299,5.72
286,5.67
441,0.00
23,5.80
885,5.69
186,5.70
536,0.00
818,12.09
127,5.72
549,5.84
581,5.72
725,5.87
860,12.33
908,12.38
94,6.03
955,5.87
461,0.00
462,5.91
93,6.02
523,5.98
952,0.00
731,6.17
815,0.00
636,6.13
25,6.29
476,6.16
159,6.22
189,6.28
792,0.00
836,12.47
268,6.38
717,6.26
237,6.34
28,6.34
814,0.00
277,6.32
905,6.32
164,6.48
3,6.57
466,0.00
963,12.37
64,6.58
689,0.00
653,0.00
549,6.44
541,0.00
517,6.42
622,12.36
500,6.24
262,6.34
141,6.33
625,0.00
27,6.26
526,0.00
847,6.12
614,0.00
256,6.04
731,6.01
230,6.22
344,0.00
860,6.20
266,6.27
88,6.19
643,0.00
969,12.04
85,6.09
778,6.21
68,6.09
393,11.78
789,6.19
120,6.20
667,6.17
974,6.29
651,6.16
886,6.28
927,6.39
488,6.46
278,6.41
873,6.47
124,6.44
523,0.00
751,6.42
51,0.00
835,6.45
650,6.58
516,12.21
577,6.55
270,6.56
565,6.50
253,6.62
423,6.51
537,6.50
563,0.00
857,6.72
334,6.55
577,0.00
688,18.82
390,0.00
545,12.22
452,0.00
437,6.33
205,6.42
534,0.00
430,0.00
78,6.35
298,6.30
235,0.00
395,6.24
67,6.30
911,0.00
317,6.42
730,0.00
420,0.00
991,6.21
273,0.00
527,0.00
786,6.21
187,6.13
86,0.00
937,0.00
768,0.00
894,6.41
349,6.28
149,6.29
395,6.33
825,6.16
547,6.34
769,0.00
749,6.41
821,0.00
535,6.48
537,0.00
722,6.54
217,6.48
95,6.52
759,6.52
564,6.57
949,0.00
760,12.79
222,6.54
620,0.00
258,6.51
983,6.47
54,6.48
335,0.00
886,18.53
130,6.47
854,0.00
353,6.66
489,0.00
529,6.62
553,0.00
542,6.47
5,6.46
189,6.35
321,6.26
299,6.23
516,12.57
939,6.22
174,6.31
322,6.14
537,0.00
376,6.12
149,6.21
537,0.00
208,5.99
142,6.01
446,5.96
764,5.97
323,0.00
765,5.87
466,5.98
18,6.11
103,5.90
786,5.90
70,6.01
919,0.00
371,12.46
972,5.96
962,0.00
688,12.57
695,6.12
136,6.19
811,6.10
348,0.00
98,6.24
509,6.19
20,6.15
328,6.03
292,6.10
906,5.86
143,0.00
933,0.00
748,5.97
324,5.98
232,5.97
687,5.93
761,6.05
593,12.21
2,6.01
944,5.90
2,5.91
306,0.00
321,5.92
467,6.04
679,12.19
426,5.97
648,5.96
428,5.83
561,0.00
949,5.81
897,5.80
848,0.00
893,5.82
981,5.93
607,5.96
395,0.00
905,5.96
437,6.15
495,0.00
583,6.12
606,6.11
807,0.00
593,6.21
509,6.22
886,0.00
862,6.12
187,6.14
93,6.09
11,6.14
646,12.69
978,6.09
508,6.12
421,6.24
864,0.00
980,0.00
61,6.30
327,6.33
910,0.00
374,6.42
536,0.00
315,6.48
703,6.46
177,6.46
31,6.61
970,0.00
92,6.53
873,6.37
568,0.00
393,6.46
667,0.00
341,6.46
575,6.54
649,6.54
188,6.43
554,6.28
237,12.41
790,6.33
924,12.32
997,6.31
61,6.32
6,0.00
496,0.00
814,0.00
218,6.51
943,12.37
240,6.58
294,6.48
820,0.00
680,6.47
720,0.00
423,12.58
615,6.50
860,0.00
517,6.49
479,0.00
232,6.41
153,6.41
899,6.46
955,12.54
254,6.57
795,6.61
486,6.64
761,12.42
531,6.62
170,6.47
788,0.00
720,0.00
886,6.54
157,6.47
440,6.45
153,6.46
99,6.35
722,12.33
301,6.43
71,6.25
818,0.00
922,6.30
250,6.38
624,6.19
500,6.34
274,6.35
419,0.00
683,6.42
969,6.45
960,6.57
476,0.00
556,6.37
896,0.00
811,6.45
599,12.65
613,6.48
322,6.38
340,6.35
240,6.53
963,6.31
165,6.46
632,0.00
143,6.41
787,12.89
244,6.28
990,31.01
318,6.41
831,6.39
525,6.33
273,6.41
355,6.47
882,0.00
353,6.39
987,0.00
994,6.55
601,6.64
108,6.57
95,6.54
514,0.00
585,6.51
726,6.52
491,6.50
547,6.62
416,0.00
831,6.43
686,6.48
71,6.60
136,6.45
723,0.00
970,6.46
322,6.45
21,0.00
262,6.64
120,6.47
483,6.47
947,12.86
792,6.52
296,6.53
409,0.00
2,6.53
950,0.00
963,0.00
561,18.89
611,6.63
903,12.98
437,6.56
95,6.60
108,6.43
285,6.43
129,6.44
793,0.00
791,6.38
740,6.40
203,6.49
402,6.31
86,6.30
260,6.30
988,0.00
752,6.40
868,6.41
838,6.46
971,0.00
620,18.98
713,6.59
217,6.43
812,6.57
800,0.00
386,6.55
715,6.48
980,6.51
287,6.60
294,6.52
696,6.46
286,6.58
120,6.49
223,6.49
993,6.44
134,6.48
38,6.45
468,6.30
609,0.00
805,6.38
162,6.43
504,6.46
269,6.34
360,12.74
892,6.30
178,6.43
515,6.44
276,6.56
279,0.00
99,6.38
721,0.00
239,6.32
170,6.46
997,0.00
854,12.93
988,19.00
239,6.25
794,0.00
880,6.38
995,0.00
612,12.93
99,6.33
518,6.37
387,0.00
850,0.00
372,6.28
421,6.33
506,6.26
421,0.00
82,0.00
443,0.00
774,6.23
756,6.27
452,6.41
233,6.45
630,6.35
691,6.42
610,6.43
47,6.41
383,6.48
366,6.41
304,6.25
691,6.34
14,6.34
448,0.00
88,6.37
550,0.00
555,0.00
630,12.91
787,6.50
609,6.54
781,6.67
325,0.00
896,0.00
508,6.67
695,0.00
723,6.76
630,0.00
226,6.77
4,6.73
229,6.79
472,6.65
374,6.74
957,0.00
902,6.60
688,13.04
930,6.54
809,0.00
831,6.49
470,6.53
815,6.41
390,0.00
500,0.00
61,6.45
682,0.00
849,0.00
341,6.65
63,6.49
49,0.00
30,6.56
856,0.00
468,6.55
208,6.57
773,0.00
932,6.63
675,6.75
103,6.72
223,6.65
815,0.00
468,6.69
221,6.58
165,0.00
346,0.00
185,6.57
40,6.68
443,0.00
940,6.60
333,6.66
726,0.00
827,6.66
366,6.80
592,6.71
55,6.76
671,6.59
573,0.00
273,13.08
341,6.68
397,12.97
941,6.86
697,6.93
213,6.82
183,6.81
612,0.00
451,6.77
167,6.77
604,6.68
669,6.68
84,6.82
15,6.66
52,6.75
296,0.00
718,0.00
246,6.52
629,0.00
321,12.75
835,6.51
105,6.38
299,6.42
816,6.33
70,6.44
468,6.29
164,6.32
196,6.33
244,6.40
920,12.68
636,6.30
97,6.07
189,6.24
445,0.00
478,6.07
639,12.70
353,6.23
256,5.98
844,12.80
312,6.04
105,6.02
151,5.97
716,0.00
858,5.96
940,12.53
772,6.05
43,6.07
743,12.81
334,6.19
427,0.00
616,12.79
906,6.28
922,12.67
548,6.14
711,12.62
88,6.21
171,6.07
239,6.11
651,6.17
315,6.23
819,0.00
579,12.77
807,6.12
263,6.06
305,6.21
454,0.00
691,6.12
531,6.13
535,0.00
945,0.00
205,6.18
342,6.18
491,0.00
806,6.11
594,6.22
658,6.37
839,6.30
529,0.00
185,6.45
311,6.35
507,0.00
488,0.00
532,6.38
638,0.00
835,6.66
402,0.00
402,6.56
51,6.53
821,0.00
915,0.00
656,6.42
32,6.49
177,6.45
507,0.00
88,6.40
377,0.00
648,0.00
535,6.41
350,6.31
113,6.43
207,6.47
870,6.41
591,6.44
760,6.53
685,6.63
179,6.59
312,6.64
939,0.00
243,6.60
459,6.51
201,6.45
941,6.47
389,6.40
932,0.00
317,6.49
114,6.37
666,6.37
89,6.41
785,6.41
681,6.42
810,6.41
22,6.55
952,6.48
858,6.59
42,6.49
912,0.00
342,6.32
835,0.00
616,12.75
933,6.62
720,0.00
968,6.54
46,6.41
213,6.43
718,0.00
807,6.38
375,6.40
820,6.41
542,6.46
153,6.56
687,0.00
854,6.36
741,6.31
427,0.00
957,6.36
413,12.48
391,12.54
486,6.44
830,0.00
263,6.23
4,6.18
628,6.10
47,6.11
998,0.00
406,6.10
650,5.97
150,6.10
159,5.81
123,5.82
263,5.76
844,5.67
266,0.00
145,5.78
962,5.79
149,5.75
410,5.74
780,5.80
482,0.00
878,5.92
759,0.00
946,5.92
364,6.06
870,0.00
305,6.10
741,0.00
714,0.00
650,12.74
268,6.10
699,6.12
838,6.03
713,12.75
528,6.31
215,6.25
504,0.00
759,12.82
794,6.38
82,6.40
538,6.38
394,0.00
979,0.00
965,6.42
305,6.52
287,6.70
564,6.61
274,6.70
941,12.99
35,6.72
625,0.00
407,6.58
883,6.48
979,13.11
374,12.99
312,6.51
631,6.84
318,6.47
495,12.91
410,6.33
187,6.30
408,6.34
482,6.36
926,6.33
33,6.33
938,6.33
860,6.44
611,0.00
422,12.90
737,6.51
5,6.53
114,6.44
486,6.38
338,6.43
647,0.00
758,6.30
256,6.25
823,6.35
449,6.44
446,6.39
484,0.00
276,6.33
840,6.49
410,6.60
181,6.41
245,6.34
148,6.40
980,0.00
937,12.68
609,0.00
295,12.54
369,12.45
210,6.39
191,6.45
468,0.00
719,6.51
826,6.48
960,6.62
5,6.67
890,6.60
719,0.00
542,0.00
979,6.78
661,12.71
107,6.80
385,6.65
770,12.63
315,6.83
491,6.71
281,6.60
246,6.52
362,0.00
271,6.58
444,12.55
296,6.58
565,6.57
793,6.65
334,6.57
804,6.46
466,6.47
139,6.39
459,0.00
828,6.38
150,6.23
16,6.41
265,6.22
170,6.17
439,0.00
679,0.00
388,5.97
907,6.05
16,6.05
693,5.93
998,5.96
933,6.05
499,6.09
8,5.99
415,5.87
618,5.95
658,0.00
981,0.00
69,6.09
326,6.13
99,6.09
458,0.00
353,6.10
491,6.13
316,6.22
880,0.00
336,6.02
513,0.00
106,5.91
208,5.89
835,0.00
537,5.83
920,5.89
825,5.99
622,6.00
37,6.01
520,0.00
871,0.00
613,6.03
202,6.03
48,6.19
156,6.02
184,5.93
233,0.00
453,0.00
947,6.02
603,5.94
977,5.98
476,0.00
594,0.00
435,5.99
443,12.56
917,6.24
136,6.10
390,12.48
69,6.07
984,0.00
640,5.88
206,6.09
610,0.00
469,5.88
222,5.75
846,0.00
584,5.78
597,0.00
930,12.45
818,5.90
520,0.00
387,0.00
825,6.02
701,0.00
126,6.01
826,0.00
586,12.39
879,6.12
578,6.22
830,6.23
43,0.00
16,6.19
172,6.16
14,6.28
71,6.13
117,6.13
416,0.00
562,6.18
265,6.16
860,12.03
365,6.25
189,6.09
861,0.00
79,6.23
848,0.00
210,6.15
496,0.00
862,18.67
690,6.17
575,6.17
903,12.02
390,6.08
355,6.05
420,0.00
360,6.02
568,0.00
571,0.00
628,6.08
961,6.04
53,6.11
965,6.00
618,6.02
915,11.97
352,6.04
960,6.06
527,6.01
562,6.00
460,5.97
96,6.07
657,0.00
542,5.92
821,5.96
908,0.00
510,6.14
833,6.20
908,6.32
344,6.31
816,6.31
338,6.29
443,6.27
354,6.23
813,18.78
857,6.24
105,6.42
243,6.29
34,6.23
825,0.00
176,6.15
233,6.17
537,0.00
537,6.09
216,6.22
502,6.16
266,6.14
704,11.93
623,6.14
426,6.29
169,6.08
21,6.16
525,0.00
692,6.09
164,6.07
216,6.01
622,0.00
786,0.00
599,5.83
778,12.03
774,6.06
704,5.99
297,6.07
432,6.13
96,6.15
749,6.15
789,6.16
908,12.23
835,0.00
554,6.17
305,6.26
199,6.23
223,6.20
901,12.23
690,6.36
982,6.26
732,6.22
183,6.35
262,6.47
659,0.00
683,6.46
644,0.00
524,0.00
484,6.55
331,6.61
455,0.00
566,6.55
863,6.70
863,6.83
910,6.87
629,6.98
539,0.00
965,6.94
53,6.93
579,0.00
935,12.93
197,6.92
603,6.88
214,6.91
45,6.92
401,6.81
368,6.92
759,0.00
397,6.98
380,0.00
603,18.80
348,6.82
601,0.00
784,13.17
203,6.60
178,6.70
766,6.72
844,12.99
864,6.75
998,0.00
362,6.72
380,6.81
453,6.81
916,6.88
849,6.96
451,6.91
623,0.00
623,7.05
417,0.00
438,0.00
711,0.00
586,0.00
453,0.00
595,6.82
848,6.73
838,6.81
928,6.94
635,6.95
562,6.97
996,6.98
276,7.04
755,13.07
799,7.19
266,7.20
153,0.00
836,7.07
904,7.02
500,0.00
622,7.02
7,7.07
38,7.12
700,13.17
349,7.18
250,7.19
696,0.00
680,13.11
458,7.02
103,7.01
66,6.91
685,0.00
471,0.00
837,13.25
137,6.89
565,0.00
636,13.19
309,6.63
362,6.77
53,6.63
30,6.64
188,6.52
230,6.45
310,6.36
567,0.00
481,6.45
135,6.35
592,0.00
202,6.19
972,6.10
132,6.07
388,5.96
965,6.00
121,6.01
389,0.00
325,5.99
938,5.88
227,5.91
803,5.91
506,0.00
520,6.00
213,6.11
612,0.00
872,6.06
772,0.00
680,12.82
335,6.02
751,12.71
811,5.89
91,6.01
741,0.00
87,6.03
78,6.00
982,5.93
333,6.04
519,5.91
445,5.88
381,5.92
965,24.86
65,5.98
652,5.85
330,5.88
698,0.00
501,5.93
594,5.96
726,5.98
35,5.81
621,5.79
542,5.74
682,0.00
586,0.00
913,5.93
27,5.79
518,12.77
953,5.70
162,5.55
251,5.56
995,5.58
334,0.00
820,5.62
999,0.00
873,5.58
414,5.66
369,5.75
439,0.00
769,5.80
760,0.00
576,5.94
949,19.14
11,6.13
817,6.10
392,6.06
703,6.10
88,6.00
141,6.02
874,6.05
26,6.13
153,6.13
153,6.19
237,6.15
797,6.07
594,0.00
499,6.16
646,6.23
468,6.32
386,0.00
587,6.23
3,6.29
60,6.26
474,6.33
468,6.34
368,6.24
888,0.00
764,6.38
997,12.31
720,6.32
880,0.00
632,6.33
900,0.00
656,6.43
349,6.44
582,0.00
647,0.00
481,6.31
401,6.26
490,6.10
2,6.14
793,6.09
896,0.00
343,6.17
682,0.00
29,6.15
665,0.00
557,0.00
992,6.22
99,6.23
995,0.00
445,0.00
12,6.23
917,6.25
237,6.25
302,0.00
599,6.21
265,6.15
242,6.10
835,0.00
400,0.00
988,11.75
562,6.13
115,6.06
568,0.00
846,11.88
493,6.24
404,6.30
478,6.04
21,6.11
578,0.00
441,6.37
969,0.00
751,6.39
355,6.42
647,0.00
336,6.36
77,6.43
200,6.33
704,0.00
947,0.00
860,6.26
517,0.00
441,6.26
712,0.00
72,6.20
317,12.16
687,12.16
228,6.21
465,6.15
492,0.00
128,6.27
699,0.00
649,6.22
316,6.40
125,6.19
122,6.11
712,0.00
468,6.18
439,6.17
980,0.00
52,6.22
403,6.07
339,6.01
718,6.06
951,6.02
155,6.12
529,0.00
571,5.95
817,0.00
417,6.07
727,0.00
992,12.42
249,6.03
411,6.10
679,18.42
363,18.27
144,6.16
392,12.40
430,6.05
681,6.10
553,6.14
454,0.00
133,5.90
204,5.97
290,5.91
527,0.00
874,5.92
673,5.89
87,5.85
175,5.99
720,5.96
289,5.98
229,5.89
560,5.85
259,0.00
538,12.15
755,0.00
158,6.00
269,5.95
457,5.88
80,5.90
767,5.91
441,0.00
128,11.96
611,5.78
36,5.73
154,0.00
929,17.81
261,5.95
864,12.18
375,5.91
41,5.97
838,0.00
583,5.78
735,0.00
112,5.78
690,0.00
520,5.66
23,5.69
366,5.71
148,5.62
314,5.60
129,5.52
392,5.44
928,0.00
630,11.77
167,5.57
698,0.00
236,5.55
342,5.52
714,5.36
708,5.51
892,0.00
745,5.51
412,5.55
590,0.00
891,5.52
522,11.61
610,11.70
558,5.49
218,5.65
945,0.00
399,0.00
924,5.72
469,5.65
274,5.64
907,0.00
603,11.61
222,5.59
960,5.58
85,5.59
656,11.69
676,5.61
261,5.59
959,5.66
895,11.73
364,5.73
538,5.80
817,17.88
402,6.01
443,5.92
656,0.00
668,6.07
780,6.08
768,6.16
125,6.14
745,6.11
972,6.16
794,6.29
822,6.13
69,6.17
734,0.00
66,6.24
948,6.17
959,6.30
475,0.00
703,6.28
715,6.29
372,0.00
469,6.34
623,0.00
981,12.37
930,6.33
361,6.49
939,0.00
828,6.40
525,6.50
478,6.66
806,0.00
446,0.00
490,6.68
559,0.00
283,6.81
695,6.83
934,6.92
757,0.00
987,18.78
916,7.01
3,7.02
621,0.00
864,7.04
452,7.07
627,0.00
507,6.99
290,6.98
559,0.00
828,6.99
29,7.07
884,0.00
570,7.05
3,6.88
455,6.96
401,7.03
966,0.00
772,12.63
31,7.04
54,6.99
985,12.40
286,7.01
343,7.02
110,6.96
994,6.90
844,6.88
52,7.13
550,0.00
4,6.91
409,6.81
961,6.82
817,6.81
455,6.82
84,0.00
675,6.80
770,6.75
466,6.68
713,6.69
61,6.56
420,0.00
996,6.48
286,6.62
229,6.63
236,6.52
915,0.00
418,6.54
784,6.64
133,0.00
1000,18.66
636,6.72
299,6.66
60,6.58
987,6.54
394,6.43
306,6.51
425,6.52
538,0.00
831,6.40
819,6.49
313,6.62
243,6.66
537,6.55
390,6.61
368,6.62
66,6.49
869,0.00
159,6.43
859,6.31
486,6.40
336,6.21
190,6.29
729,0.00
31,6.26
1000,0.00
410,6.27
125,6.27
366,6.18
6,6.19
474,0.00
791,12.94
338,5.99
545,6.00
379,0.00
429,12.92
69,5.82
793,0.00
403,5.83
838,5.88
651,0.00
888,5.89
509,5.89
88,5.95
197,5.96
133,5.87
906,5.86
825,0.00
840,18.56
945,0.00
409,6.12
317,6.12
540,0.00
803,6.06
576,0.00
256,6.12
491,5.99
217,0.00
807,0.00
431,6.14
472,6.20
417,6.22
365,12.94
416,6.20
72,6.12
969,6.02
190,6.03
464,6.01
270,6.08
821,6.11
258,6.19
91,5.92
924,0.00
770,6.08
363,5.86
205,5.98
578,0.00
398,5.90
372,5.89
502,0.00
938,12.49
173,5.96
13,5.78
67,5.74
131,5.73
618,0.00
761,12.31
470,5.76
325,5.59
543,0.00
891,0.00
834,5.59
635,5.41
147,5.51
99,5.56
817,0.00
318,5.51
461,0.00
772,0.00
490,5.54
515,0.00
165,5.55
737,0.00
425,5.43
598,5.40
429,0.00
824,5.49
61,5.59
475,0.00
609,11.75
422,5.56
928,5.60
837,11.67
60,5.53
632,0.00
658,5.45
429,5.45
893,18.44
594,5.66
684,5.72
453,5.54
677,0.00
891,5.66
635,0.00
455,5.59
370,5.62
544,5.37
320,5.45
774,5.45
359,5.53
345,5.46
863,0.00
724,5.48
664,5.49
136,5.62
1000,5.46
370,5.47
45,5.52
940,18.62
546,11.75
911,5.68
210,5.60
924,0.00
405,5.67
730,0.00
248,5.63
340,5.75
374,5.65
101,5.69
602,5.56
287,0.00
313,0.00
868,5.61
345,5.70
214,5.62
683,5.71
985,18.01
878,0.00
113,5.87
978,5.84
565,5.94
645,0.00
476,0.00
974,11.76
263,11.86
698,11.94
104,6.20
89,6.41
574,0.00
720,6.24
725,6.25
216,0.00
963,6.21
210,6.25
78,6.21
598,0.00
130,6.39
101,6.39
75,6.44
243,6.24
840,0.00
41,6.22
684,0.00
130,6.27
39,6.33
457,0.00
622,0.00
377,6.27
543,0.00
69,6.21
658,0.00
598,0.00
843,11.90
935,6.18
973,30.53
750,12.18
247,6.33
209,6.47
654,6.55
940,6.64
962,0.00
197,6.43
460,6.48
366,6.48
940,6.43
754,0.00
767,6.55
662,6.64
823,0.00
552,6.74
893,0.00
549,0.00
529,6.75
287,6.76
463,6.68
965,0.00
837,6.76
336,6.63
319,6.77
778,6.78
643,0.00
874,0.00
262,6.80
996,6.89
653,12.64
66,6.96
815,12.59
177,6.90
189,7.05
282,6.92
180,0.00
32,6.95
677,6.98
796,7.09
671,6.88
608,7.02
282,7.02
743,7.06
245,7.08
76,6.95
556,0.00
52,0.00
700,12.78
874,7.01
307,6.91
438,6.92
947,6.82
205,0.00
250,6.95
70,6.87
335,6.77
137,6.70
820,0.00
882,13.14
792,13.05
574,6.75
25,0.00
981,6.81
44,6.80
174,6.69
62,6.79
230,6.65
207,6.53
810,0.00
355,6.58
654,6.58
386,6.67
84,6.69
156,6.64
942,6.58
842,6.70
528,0.00
810,6.73
955,6.76
609,6.75
421,6.77
676,6.78
944,18.75
16,6.60
125,6.48
18,6.49
590,6.41
485,0.00
424,0.00
318,6.38
900,6.44
883,6.45
308,6.38
447,6.15
93,6.10
213,6.11
798,0.00
616,6.06
402,6.06
376,0.00
631,6.11
350,6.04
42,5.91
755,0.00
540,0.00
843,5.93
429,5.89
180,5.76
526,0.00
271,5.68
90,5.71
978,0.00
554,18.27
753,5.76
180,5.63
917,18.18
108,5.69
373,5.58
861,5.56
890,5.65
87,5.66
65,5.65
499,5.64
7,0.00
573,5.64
794,5.60
277,5.66
998,5.73
494,5.78
257,5.69
780,5.67
394,0.00
753,5.70
86,5.69
879,0.00
584,0.00
584,5.63
437,5.65
900,12.33
230,5.75
874,5.74
137,5.73
230,5.61
760,0.00
478,5.58
411,5.64
859,5.78
972,5.90
460,5.92
36,5.93
247,5.95
317,5.86
105,5.96
100,5.85
88,5.74
973,5.68
694,5.76
696,0.00
808,5.80
739,5.87
858,5.90
876,12.78
398,5.99
195,12.58
592,19.09
197,6.12
319,12.68
504,6.05
585,0.00
90,6.01
659,0.00
92,6.14
721,0.00
205,6.11
352,6.07
869,6.08
609,6.11
572,6.24
647,6.27
487,6.28
87,6.14
389,6.21
635,0.00
629,6.25
336,6.30
944,6.14
526,6.20
611,6.29
771,6.31
821,6.40
17,6.42
231,6.38
264,6.32
699,0.00
503,6.32
973,6.33
144,6.40
807,6.37
140,0.00
57,6.31
706,11.88
591,6.35
304,6.39
143,11.98
868,6.32
893,6.28
780,6.37
113,6.39
267,6.31
709,6.39
734,6.18
108,0.00
647,6.30
115,6.37
404,0.00
76,6.21
814,0.00
710,6.16
631,6.22
169,6.31
699,0.00
950,11.92
485,6.18
310,6.18
782,6.17
602,0.00
133,6.18
577,0.00
365,6.17
437,6.09
315,6.09
387,6.22
143,6.18
782,6.04
695,6.13
398,5.90
422,5.99
710,6.07
839,6.08
341,5.85
826,0.00
415,6.06
497,6.10
82,6.10
592,0.00
768,5.86
793,0.00
329,5.88
249,5.79
945,5.77
265,5.89
144,5.99
697,0.00
595,6.00
757,5.94
196,6.16
541,6.04
974,0.00
664,0.00
866,6.15
972,12.22
791,5.92
450,0.00
253,5.90
399,5.92
398,0.00
679,0.00
577,5.87
189,6.02
33,5.93
866,0.00
569,0.00
370,5.93
431,0.00
418,5.86
177,5.96
63,5.85
837,5.78
198,5.89
862,5.74
338,0.00
844,5.85
114,5.80
28,5.82
892,5.89
403,6.09
203,5.92
646,12.16
419,6.02
823,0.00
772,6.03
712,5.95
579,0.00
469,6.08
29,6.09
100,6.06
685,0.00
374,6.15
668,0.00
32,6.05
676,6.09
947,18.07
50,6.21
794,6.16
1000,6.17
360,6.30
513,6.17
118,6.21
697,6.28
733,6.30
871,6.42
505,6.27
2,6.46
117,6.38
519,0.00
713,0.00
75,6.30
614,0.00
964,6.45
280,6.30
784,0.00
772,6.38
937,6.42
597,6.52
997,6.53
629,0.00
209,6.63
437,6.75
755,6.84
803,6.67
338,6.64
53,6.69
584,0.00
430,6.47
817,6.35
457,6.60
972,6.55
462,6.63
304,6.54
383,0.00
888,6.56
455,6.56
504,6.56
281,6.65
800,0.00
148,6.45
507,6.48
318,6.59
714,0.00
334,6.53
638,6.52
773,0.00
551,6.63
256,6.73
640,0.00
933,6.74
682,6.84
877,6.95
983,7.00
169,7.13
524,0.00
507,0.00
529,6.90
517,7.08
175,6.87
550,6.89
111,6.91
783,12.74
27,6.73
427,12.79
477,6.83
474,6.73
559,0.00
629,0.00
651,6.66
601,0.00
626,12.74
461,6.78
411,0.00
230,6.78
290,6.78
312,6.77
180,6.81
474,6.61
843,0.00
709,0.00
141,6.74
539,0.00
788,6.71
385,6.72
976,6.52
701,6.51
592,6.63
154,6.75
966,12.99
377,6.57
675,6.66
376,0.00
891,6.55
997,0.00
466,6.60
552,0.00
252,6.50
921,6.42
222,6.57
522,6.51
945,13.17
334,6.66
469,6.66
193,6.67
206,6.68
387,6.71
835,6.79
229,6.60
310,6.51
963,19.07
861,13.12
620,6.76
479,0.00
162,6.63
195,6.54
469,0.00
988,0.00
10,6.70
802,6.59
62,6.66
307,0.00
18,6.55
644,0.00
158,6.43
45,6.34
616,0.00
83,6.26
847,0.00
316,6.15
315,6.17
427,5.89
881,6.00
820,6.08
22,6.20
84,6.16
1000,6.04
254,6.00
737,0.00
18,6.19
997,6.18
935,6.13
751,13.06
809,6.08
684,0.00
46,5.99
657,0.00
571,6.01
749,6.02
951,5.95
106,5.98
47,5.96
896,6.06
721,6.18
549,12.70
599,6.17
388,5.99
482,0.00
582,0.00
222,6.15
658,0.00
857,12.68
381,0.00
651,6.11
418,6.17
943,6.23
735,6.24
806,6.28
643,6.29
592,0.00
311,6.36
522,0.00
690,6.26
927,6.17
861,6.25
422,6.35
792,0.00
377,6.14
475,6.13
643,0.00
294,6.04
98,6.12
728,12.96
794,6.18
904,0.00
756,12.87
70,6.32
365,0.00
889,13.00
709,0.00
682,6.33
376,6.36
513,6.32
119,6.43
508,0.00
31,6.26
177,6.27
392,6.20
133,6.27
524,6.27
689,0.00
517,6.28
608,6.39
245,6.47
891,0.00
873,6.53
105,6.54
719,6.57
256,6.64
23,6.54
545,0.00
578,6.28
830,12.42
670,6.37
5,6.37
402,0.00
457,6.29
984,6.40
370,6.43
902,12.60
780,12.73
834,12.69
583,6.51
516,6.63
741,0.00
444,6.53
322,6.61
935,0.00
319,6.71
933,0.00
252,6.69
577,6.66
541,6.68
733,6.66
475,6.74
691,0.00
896,6.87
888,12.81
859,6.72
314,6.73
268,0.00
294,6.62
127,6.56
449,0.00
44,6.67
804,0.00
559,6.52
401,6.48
326,6.45
49,6.55
772,6.47
386,6.50
560,0.00
426,6.32
905,0.00
888,6.42
628,6.48
479,6.48
178,0.00
336,6.49
229,6.45
686,0.00
855,0.00
516,12.65
386,6.44
625,12.55
696,6.31
661,0.00
587,6.33
211,6.44
934,12.95
263,6.40
401,6.38
824,0.00
722,6.42
50,6.48
843,0.00
393,6.54
403,6.56
935,12.84
350,6.46
400,0.00
241,6.46
165,6.40
303,6.39
855,6.32
198,6.27
259,0.00
880,6.38
524,0.00
339,6.58
928,0.00
826,6.60
445,6.65
137,6.66
824,6.65
612,0.00
936,6.77
868,6.83
160,6.84
789,0.00
696,13.27
109,6.83
578,6.66
474,6.78
137,6.76
515,6.62
558,0.00
753,6.54
441,0.00
447,6.61
292,6.50
901,0.00
845,13.29
649,6.51
503,13.23
980,6.64
57,6.58
469,13.18
918,6.59
654,6.44
172,6.61
678,6.38
359,6.45
302,6.46
120,6.41
867,0.00
73,6.30
969,0.00
448,0.00
437,6.43
239,6.46
854,6.39
581,0.00
960,6.31
745,12.80
462,6.51
518,6.57
185,6.35
255,6.36
812,0.00
794,6.42
48,6.52
401,6.33
910,0.00
184,6.37
677,6.33
253,6.39
425,0.00
856,6.26
666,12.70
425,6.37
718,6.30
772,6.58
143,6.43
998,0.00
495,6.37
969,6.45
875,6.55
695,6.56
53,6.55
860,6.55
689,6.53
827,0.00
187,6.74
982,6.72
273,6.77
509,0.00
599,13.18
367,6.65
832,0.00
990,6.58
73,6.50
948,13.15
210,6.41
499,6.24
303,6.21
889,6.28
375,6.28
855,12.82
213,6.20
450,6.16
415,6.28
787,6.22
404,0.00
541,6.25
536,6.25
938,0.00
631,0.00
951,12.89
393,0.00
811,12.79
982,0.00
943,12.85
196,6.34
345,6.41
939,6.50
700,6.59
691,6.41
183,6.52
786,6.64
607,6.66
95,6.61
120,6.67
853,0.00
345,6.55
218,6.48
442,0.00
755,6.61
596,0.00
392,6.41
177,6.40
875,6.40
500,6.41
818,6.51
954,6.65
852,6.65
227,6.50
608,6.50
825,0.00
78,6.64
389,6.58
886,0.00
198,6.60
101,6.61
715,6.51
937,6.52
22,0.00
568,6.45
344,6.38
171,0.00
169,6.51
695,0.00
255,6.42
494,0.00
678,6.38
774,6.43
24,6.51
189,6.31
424,0.00
518,6.15
967,6.15
316,5.97
162,6.07
294,6.16
323,6.10
733,0.00
888,6.15
541,6.30
23,6.33
691,12.79
796,12.83
364,6.38
520,6.34
426,0.00
921,6.44
254,6.46
640,0.00
255,6.30
567,6.39
227,6.44
497,6.55
729,6.55
505,6.45
338,6.46
798,6.43
921,6.58
253,6.50
628,6.70
839,6.62
861,6.54
117,6.66
403,6.59
951,0.00
827,6.60
527,6.61
810,19.56
253,6.51
868,13.09
32,6.51
278,6.42
37,6.43
753,0.00
463,6.23
611,6.33
571,6.26
991,6.30
37,6.31
645,0.00
177,0.00
823,6.37
452,0.00
771,0.00
859,6.48
612,6.58
235,6.46
698,6.39
976,19.41
970,6.64
90,6.42
17,6.50
257,6.37
534,0.00
261,6.21
982,6.12
838,6.20
698,6.32
578,6.43
654,6.25
107,0.00
990,6.27
383,6.36
811,0.00
700,6.42
283,6.48
183,6.53
697,0.00
43,6.41
834,6.48
276,6.45
917,6.52
542,0.00
889,12.81
170,6.78
644,6.60
42,6.69
718,0.00
818,6.54
700,6.57
311,6.51
616,0.00
142,6.41
206,6.41
604,6.40
832,12.79
251,6.41
286,0.00
287,6.32
543,0.00
34,6.37
514,0.00
121,6.21
486,0.00
809,12.67
1000,6.01
395,6.14
541,0.00
775,6.00
729,0.00
994,6.05
445,6.15
1,6.15
694,0.00
900,25.53
609,6.15
679,6.27
760,6.31
393,6.27
103,6.26
767,6.48
972,6.34
76,6.39
917,6.39
124,6.58
941,6.43
586,6.44
286,6.51
293,6.37
837,6.34
780,0.00
922,12.99
620,6.40
171,6.50
932,0.00
405,6.34
862,6.42
889,12.95
369,6.58
344,6.58
859,6.62
906,6.72
862,6.68
496,0.00
973,6.76
369,6.75
799,6.92
231,6.82
524,6.66
381,0.00
671,6.64
355,6.76
8,6.70
515,6.63
817,0.00
208,6.73
844,6.74
368,6.77
356,6.71
391,0.00
169,6.70
557,0.00
893,6.46
618,0.00
927,13.16
259,6.59
935,6.61
325,6.65
774,13.11
560,6.73
849,6.81
842,6.91
384,6.85
44,6.67
778,6.65
344,6.74
677,0.00
851,6.80
633,6.93
760,6.82
757,6.97
454,6.89
469,0.00
117,6.89
283,6.80
122,6.88
887,0.00
967,0.00
158,6.75
103,12.91
549,6.59
325,12.82
453,6.64
604,6.66
366,6.52
775,6.44
879,0.00
951,6.54
418,6.66
744,6.69
274,6.67
686,6.71
622,6.75
297,6.60
837,6.51
806,6.66
98,6.73
331,6.49
995,0.00
816,6.56
175,6.57
110,6.55
280,6.58
82,6.37
133,0.00
704,0.00
530,0.00
642,6.51
467,6.52
570,6.60
19,6.48
715,0.00
659,13.08
599,6.43
759,0.00
237,6.37
802,0.00
906,6.52
807,0.00
448,6.39
407,6.39
480,0.00
878,6.48
690,0.00
73,6.43
188,6.42
817,0.00
158,6.52
862,6.56
431,6.65
843,6.61
758,6.72
370,6.54
853,6.64
768,0.00
704,6.63
881,6.75
343,6.61
952,13.42
359,13.41
865,13.53
367,13.45
717,13.36
730,6.76
236,6.83
443,6.74
138,6.82
585,0.00
684,6.68
437,6.68
984,6.66
137,6.78
48,6.55
280,6.54
711,0.00
919,0.00
591,6.53
11,6.45
338,6.48
405,6.57
100,6.43
93,6.51
225,6.52
909,0.00
685,13.17
943,12.95
819,6.42
199,6.58
20,6.51
734,0.00
283,6.31
987,13.00
284,6.31
419,0.00
270,6.29
876,6.25
334,6.21
142,6.21
294,6.15
32,6.21
30,6.22
209,6.07
37,6.10
874,12.47
220,6.06
635,5.90
32,5.92
590,0.00
45,5.86
9,5.86
873,5.76
483,0.00
986,5.75
919,5.65
166,5.67
606,0.00
909,5.65
318,5.55
789,5.67
620,5.70
363,0.00
350,5.63
426,5.63
579,0.00
8,0.00
991,0.00
193,5.70
49,5.62
371,0.00
657,0.00
519,5.51
932,5.49
450,0.00
629,0.00
63,5.34
749,12.10
94,5.32
829,5.36
628,5.30
601,5.34
930,12.15
343,5.28
965,5.18
37,5.23
898,0.00
327,5.19
31,5.08
681,0.00
88,5.29
738,0.00
76,5.16
566,5.21
56,5.25
675,0.00
881,0.00
8,5.15
443,0.00
792,5.14
86,0.00
365,5.10
530,11.67
368,5.15
523,0.00
88,5.04
526,5.05
414,0.00
985,5.03
900,5.13
793,5.28
713,0.00
629,11.69
904,5.38
228,5.48
959,5.37
470,0.00
645,0.00
211,5.52
610,5.56
628,5.63
738,11.57
665,5.68
592,5.78
669,5.59
422,5.69
777,11.57
807,5.77
373,5.85
557,5.89
920,5.72
350,5.77
477,0.00
505,5.81
829,5.85
933,11.47
288,5.81
4,5.70
404,0.00
621,5.65
599,5.66
30,0.00
970,5.76
195,5.67
446,5.79
933,5.87
987,5.75
187,5.77
827,0.00
308,5.77
802,24.53
228,5.85
951,17.90
578,5.94
765,11.14
94,5.93
597,6.10
624,6.04
64,6.05
447,5.90
481,0.00
340,6.04
746,11.18
700,6.19
611,6.24
739,0.00
44,6.30
54,6.25
969,6.21
899,6.25
272,6.26
730,6.26
637,0.00
515,0.00
399,6.28
493,6.24
208,6.30
550,0.00
775,6.30
88,6.30
260,6.28
347,6.12
203,6.03
35,5.87
784,0.00
658,5.83
286,5.80
527,11.21
802,0.00
880,5.73
23,5.92
682,0.00
424,0.00
793,5.93
984,11.80
298,11.94
84,6.20
826,0.00
711,6.33
783,6.31
537,6.32
411,0.00
364,6.37
482,0.00
640,12.05
802,6.29
682,6.29
740,6.35
323,6.35
520,0.00
922,6.36
974,12.09
957,6.36
644,6.40
755,6.41
579,6.47
693,0.00
36,6.44
532,6.45
502,6.46
293,6.36
296,12.10
439,6.32
189,6.35
155,6.20
254,12.05
481,6.11
986,24.07
976,17.21
349,0.00
370,6.02
262,6.02
228,0.00
161,6.17
846,0.00
118,6.07
261,5.98
672,11.97
359,5.96
137,6.03
690,5.81
471,0.00
903,5.93
583,5.96
465,6.09
393,5.93
976,12.23
289,5.99
562,6.11
763,17.60
432,6.17
805,6.10
434,6.10
460,0.00
792,0.00
168,6.14
354,6.23
227,6.16
906,0.00
98,6.31
562,11.93
938,6.25
107,6.26
313,5.95
259,6.07
474,0.00
405,5.90
218,5.76
847,0.00
86,5.76
458,0.00
966,17.62
737,5.56
480,5.62
890,5.70
359,5.64
582,0.00
614,5.55
535,5.56
543,5.57
188,5.55
787,11.92
536,5.63
400,5.64
303,0.00
398,0.00
934,17.75
527,5.62
497,0.00
552,5.66
475,5.67
328,5.74
940,0.00
557,5.78
816,5.87
560,5.88
313,5.92
202,5.82
439,5.97
582,5.87
302,5.94
307,5.94
947,6.01
895,6.05
153,5.98
972,0.00
695,12.37
281,12.21
625,6.13
422,0.00
509,6.29
326,12.18
653,6.17
135,6.11
721,0.00
220,6.07
651,0.00
870,6.22
91,6.11
416,6.11
562,0.00
790,11.96
90,6.10
520,5.88
979,6.00
654,6.04
637,6.16
403,12.02
129,6.17
587,6.08
910,6.13
896,6.22
454,6.25
470,6.20
868,6.13
657,6.24
122,0.00
672,0.00
714,6.25
597,12.51
267,6.25
372,0.00
871,6.25
52,6.39
157,12.56
442,12.57
895,6.46
419,6.33
587,6.35
619,6.35
2,6.43
985,6.44
895,6.58
925,6.48
758,12.21
168,6.68
28,6.49
934,6.39
802,6.48
865,0.00
788,6.53
47,6.57
351,6.61
377,6.84
343,6.68
116,6.69
854,6.60
815,6.61
795,0.00
134,6.61
685,0.00
452,0.00
355,6.61
200,6.48
624,0.00
301,6.32
625,0.00
999,12.09
522,6.41
543,0.00
226,6.30
134,6.36
876,0.00
393,12.41
376,6.35
272,0.00
636,12.29
464,6.27
33,6.48
862,0.00
308,6.40
995,6.39
417,0.00
671,0.00
389,6.32
404,0.00
842,6.20
789,0.00
632,6.29
43,6.34
321,6.41
630,0.00
186,6.33
243,6.24
840,12.29
473,6.16
128,6.13
168,6.13
336,6.04
826,0.00
914,5.95
743,5.96
260,6.00
42,5.94
429,5.97
198,5.94
565,0.00
754,5.89
516,5.97
404,6.03
88,6.06
836,0.00
926,5.92
240,6.04
411,0.00
811,18.57
160,6.10
655,6.00
57,6.05
86,5.96
586,5.94
614,12.49
817,6.05
118,5.93
310,6.00
948,0.00
983,12.57
285,12.59
294,6.16
388,6.01
362,6.19
257,6.10
819,0.00
579,0.00
627,5.89
119,5.95
47,5.89
285,5.89
385,0.00
238,5.95
698,0.00
880,5.79
735,0.00
518,5.75
985,5.83
555,5.88
427,5.96
695,0.00
939,6.06
830,0.00
556,6.15
137,6.08
407,6.09
281,6.10
916,0.00
384,6.06
475,0.00
534,6.09
667,6.10
159,6.18
764,0.00
631,6.02
566,0.00
990,6.07
536,6.15
765,6.17
803,18.61
288,6.30
648,12.45
224,6.33
496,6.26
738,6.28
701,6.39
114,6.32
998,0.00
250,6.21
697,6.26
993,0.00
443,0.00
599,6.35
909,6.40
753,6.42
177,6.49
119,6.49
44,6.35
285,6.29
898,0.00
759,6.30
663,6.42
995,0.00
202,6.46
271,6.40
715,6.38
301,0.00
654,6.48
526,0.00
60,6.46
849,0.00
309,6.42
214,6.46
397,6.34
54,6.28
896,0.00
385,6.28
116,6.12
113,5.95
641,5.95
324,5.96
694,5.84
857,5.91
878,6.05
491,6.04
689,6.04
455,0.00
661,6.10
98,0.00
233,6.26
93,6.31
30,6.18
794,0.00
185,6.12
987,0.00
186,6.11
256,6.02
122,0.00
950,0.00
80,5.93
709,0.00
922,5.91
256,6.10
188,6.10
424,6.10
299,0.00
378,6.01
397,0.00
709,6.02
698,5.99
25,6.03
672,5.90
363,5.86
378,5.78
944,0.00
485,0.00
955,12.16
972,18.36
105,5.81
451,0.00
516,0.00
124,5.69
907,5.63
718,5.70
918,5.71
828,5.77
459,5.79
700,5.77
904,0.00
474,5.84
657,0.00
3,5.77
486,5.75
209,5.85
199,5.89
545,0.00
83,5.73
693,0.00
751,5.61
218,5.68
92,5.68
158,0.00
374,5.73
211,5.54
707,11.88
418,5.59
435,5.55
631,12.06
152,5.67
924,5.64
239,5.68
601,0.00
97,5.79
961,5.75
945,18.26
82,5.93
152,5.73
305,5.80
952,5.86
490,5.94
475,5.95
519,5.82
422,5.86
957,5.76
888,5.87
957,5.67
146,5.89
624,5.84
800,5.94
10,5.74
441,0.00
581,5.70
48,5.92
514,5.82
790,0.00
746,5.76
108,5.76
274,5.85
18,5.76
1000,5.65
347,5.80
338,0.00
66,5.75
426,0.00
617,5.63
792,5.71
241,5.79
815,5.70
184,5.79
840,0.00
731,5.66
263,5.81
988,0.00
981,5.96
876,5.89
771,6.02
781,24.45
288,6.08
628,0.00
556,11.87
976,11.90
621,11.68
20,5.99
103,5.98
650,5.97
220,5.92
423,0.00
723,5.97
783,5.97
572,0.00
963,6.07
976,11.78
235,6.14
578,0.00
648,6.04
369,6.01
352,5.97
396,0.00
437,6.05
160,6.03
360,6.07
210,6.02
543,5.94
457,5.96
709,6.02
95,6.04
686,0.00
113,6.01
745,0.00
926,5.98
341,11.54
921,5.98
561,0.00
386,0.00
386,5.82
400,0.00
104,5.81
876,11.77
907,5.84
941,0.00
339,5.95
365,5.85
40,5.71
979,5.70
95,5.71
360,5.74
290,5.79
4,5.79
653,0.00
106,5.68
839,0.00
44,5.65
176,5.66
444,0.00
860,0.00
721,5.74
434,5.65
976,0.00
528,0.00
175,5.73
848,5.66
427,0.00
593,5.78
794,5.84
15,5.81
625,5.60
291,5.66
558,5.59
983,5.69
888,11.70
625,5.62
144,5.47
413,5.62
420,5.65
955,11.74
348,5.65
157,5.59
469,5.68
468,5.80
394,0.00
49,5.78
754,5.81
736,5.90
409,0.00
264,5.81
493,11.56
248,5.65
483,0.00
827,11.55
400,5.61
135,0.00
904,5.75
35,5.62
457,5.54
369,5.79
183,5.62
529,0.00
496,0.00
90,5.77
741,5.72
845,0.00
535,5.81
171,5.87
944,5.82
85,5.94
52,5.83
249,0.00
115,5.87
849,5.79
754,5.93
139,5.82
882,5.93
536,5.92
972,0.00
549,5.98
721,6.04
522,0.00
364,6.13
284,12.02
790,6.17
501,0.00
648,6.21
95,6.13
844,12.03
757,6.20
813,0.00
222,6.20
152,6.12
640,6.12
485,6.17
576,6.15
621,0.00
172,6.28
138,6.27
943,6.30
836,6.21
355,6.22
201,6.26
195,6.26
488,0.00
781,6.16
188,6.15
826,0.00
714,11.91
726,6.08
706,6.08
561,6.05
204,6.19
981,0.00
30,6.05
831,0.00
384,6.11
820,6.09
230,6.10
666,6.04
513,6.20
78,6.06
120,6.13
414,6.04
690,0.00
534,11.75
902,6.06
373,6.14
738,6.11
953,11.84
953,11.87
637,0.00
58,6.40
150,6.33
721,6.24
63,6.35
889,6.21
113,6.22
303,6.27
557,11.81
438,6.28
675,6.17
85,6.31
306,6.12
88,0.00
406,0.00
748,6.05
638,0.00
277,6.20
616,6.12
531,6.11
529,6.16
164,6.13
948,0.00
295,6.01
171,6.14
517,12.10
511,6.18
233,6.07
496,0.00
939,17.92
978,12.19
301,6.10
897,0.00
202,6.05
645,6.05
228,6.17
834,0.00
222,5.93
933,12.19
135,5.98
613,12.13
748,12.18
308,6.01
615,5.91
851,6.04
72,6.17
26,6.03
445,6.03
616,0.00
482,0.00
814,5.98
122,6.03
740,5.99
885,5.84
273,5.99
718,5.98
750,0.00
665,5.97
37,6.04
527,6.03
594,6.06
460,6.07
526,0.00
993,17.97
720,6.06
542,0.00
927,6.15
963,17.89
434,0.00
580,6.28
726,6.19
242,6.14
101,6.18
869,0.00
367,5.99
647,0.00
481,12.22
459,5.96
765,12.10
770,5.84
279,5.72
542,0.00
788,5.90
646,0.00
54,5.94
652,5.83
6,5.83
666,0.00
343,0.00
223,5.86
455,0.00
565,0.00
611,5.72
496,0.00
447,5.93
405,5.92
85,6.04
14,6.02
286,5.90
523,0.00
730,12.04
614,5.85
54,5.86
934,11.96
975,11.96
308,5.87
788,0.00
613,5.86
446,5.79
984,5.80
8,5.93
946,0.00
423,0.00
685,0.00
800,0.00
77,5.79
283,5.83
31,5.83
592,0.00
371,5.81
13,5.81
913,0.00
402,5.80
106,5.80
540,0.00
905,5.69
435,5.87
227,5.80
754,0.00
848,5.81
33,5.91
11,5.75
306,0.00
190,5.78
253,0.00
914,5.61
771,5.65
311,5.57
530,5.49
524,5.59
218,5.35
421,0.00
941,5.48
72,5.50
539,11.60
348,11.45
716,11.74
606,0.00
884,5.65
503,5.54
407,5.52
301,5.60
371,0.00
646,5.66
923,11.37
560,5.60
279,5.67
295,5.74
368,0.00
654,5.62
297,5.63
264,0.00
192,0.00
815,17.61
938,5.76
86,5.77
972,5.71
332,0.00
592,5.88
138,5.97
733,5.80
200,5.88
271,5.78
520,0.00
196,5.60
795,0.00
880,5.67
758,0.00
188,5.77
479,0.00
481,5.76
480,0.00
969,11.62
957,11.64
246,5.69
856,5.64
490,5.65
126,0.00
499,5.60
976,11.54
799,5.61
323,5.63
972,0.00
120,5.66
194,5.66
696,5.55
79,0.00
778,5.65
731,5.63
54,5.69
46,5.69
397,0.00
650,0.00
395,5.56
305,5.50
31,5.51
538,0.00
142,5.42
333,5.42
677,0.00
424,5.39
49,5.53
171,5.53
748,10.99
113,5.61
270,5.53
950,0.00
869,10.96
178,5.55
657,5.58
327,5.48
556,10.90
632,17.17
382,5.57
329,10.98
93,5.43
290,5.32
855,0.00
867,5.34
79,5.37
608,0.00
823,5.36
254,5.46
364,0.00
569,0.00
957,0.00
233,5.42
51,5.44
863,5.37
458,5.38
348,0.00
186,5.63
599,0.00
250,5.41
27,5.41
911,5.28
33,0.00
110,5.37
303,5.21
776,5.19
224,5.25
52,5.10
962,5.13
696,5.18
549,5.22
557,0.00
510,5.26
808,0.00
992,5.22
410,5.26
249,5.20
730,0.00
716,5.23
826,0.00
824,17.09
984,5.51
413,5.45
369,5.52
626,0.00
426,5.39
684,11.04
537,5.60
421,5.61
969,17.02
807,5.49
896,11.12
364,0.00
534,0.00
948,0.00
246,5.57
265,5.64
256,5.69
799,0.00
279,5.69
891,5.69
235,5.81
248,5.80
690,5.75
127,5.83
914,0.00
245,5.72
552,0.00
949,5.78
337,5.89
627,0.00
676,5.85
679,11.37
637,5.89
813,5.96
53,5.99
563,0.00
110,5.97
182,5.91
269,0.00
573,0.00
593,11.59
912,16.97
795,6.23
20,6.29
57,0.00
297,6.04
75,5.97
90,6.06
115,5.97
298,5.97
362,5.98
29,5.93
366,5.75
904,0.00
871,5.86
217,5.80
113,5.81
5,5.73
881,0.00
602,0.00
825,16.95
709,0.00
376,5.95
821,0.00
596,6.00
470,0.00
541,5.99
152,6.02
709,0.00
347,6.06
688,0.00
374,6.02
103,6.07
643,5.97
920,0.00
835,17.00
684,11.37
534,6.14
81,6.09
900,17.24
14,6.08
553,11.35
176,6.05
194,5.91
911,5.74
783,11.49
13,5.79
901,17.11
819,5.85
58,5.70
989,11.21
554,5.75
158,5.72
877,0.00
153,5.63
136,5.65
854,0.00
61,5.77
398,5.70
306,0.00
981,5.65
558,0.00
173,5.83
843,0.00
420,5.70
666,5.72
3,5.81
21,5.63
605,5.63
936,5.64
213,5.54
300,5.65
659,5.44
584,11.45
67,5.40
122,0.00
978,11.53
260,5.41
187,5.25
541,11.42
955,5.44
484,5.41
787,5.46
539,5.58
196,5.69
176,5.65
296,5.65
380,5.67
511,5.57
924,5.58
639,5.46
640,5.60
697,11.46
665,5.68
164,5.79
410,5.69
632,5.63
652,0.00
595,5.75
86,5.77
402,5.71
35,5.72
161,5.56
651,0.00
562,5.55
648,0.00
257,5.51
981,5.50
33,5.60
722,11.60
673,5.39
793,0.00
216,5.38
821,11.37
266,5.40
511,0.00
699,5.42
550,5.64
510,0.00
91,5.47
976,5.49
290,5.54
3,5.42
507,16.67
87,5.51
957,0.00
779,16.81
923,5.60
252,5.46
992,0.00
362,5.67
682,0.00
684,5.61
217,5.56
273,5.55
818,0.00
579,5.64
694,11.36
742,5.67
839,5.62
913,5.66
356,5.71
63,5.79
343,5.79
975,0.00
665,5.92
489,0.00
820,11.46
770,6.08
122,6.09
679,6.05
344,0.00
151,6.09
25,6.09
823,11.38
256,6.14
437,0.00
691,6.25
714,6.10
764,6.11
373,0.00
155,6.06
598,5.94
710,6.03
821,0.00
236,6.13
515,6.08
395,0.00
635,0.00
865,11.66
594,0.00
139,5.97
159,5.87
436,5.80
282,5.88
332,5.90
804,0.00
830,11.62
752,0.00
244,6.00
635,5.95
695,0.00
835,6.05
806,6.21
298,6.19
490,6.18
921,6.23
51,6.23
941,6.33
513,6.20
497,0.00
848,11.62
754,17.56
75,6.17
989,11.64
896,11.63
139,6.22
657,0.00
98,6.36
98,6.38
59,6.38
856,0.00
726,17.69
760,6.33
990,6.32
799,6.21
36,6.26
970,6.23
302,6.30
46,6.22
171,6.23
548,6.22
649,6.30
720,11.71
610,6.26
46,6.27
883,0.00
724,6.07
557,6.16
86,6.01
590,6.07
214,6.08
553,6.01
550,6.10
812,0.00
357,5.94
90,5.98
556,5.88
272,5.81
780,0.00
119,5.86
699,0.00
685,11.89
779,0.00
577,5.98
848,0.00
879,5.99
797,0.00
221,6.01
385,0.00
234,5.94
84,5.84
591,0.00
599,5.85
738,5.83
528,5.82
558,0.00
877,5.85
339,5.78
270,5.90
916,0.00
396,11.84
413,0.00
845,11.88
320,5.88
333,0.00
586,5.79
484,0.00
545,5.77
923,0.00
876,5.89
542,5.90
518,5.86
130,5.76
199,5.79
653,0.00
519,5.65
339,5.60
751,5.78
424,11.97
207,5.73
107,5.79
540,0.00
878,5.66
855,5.73
256,5.62
919,5.65
220,5.70
271,5.62
453,5.58
787,5.81
880,5.71
491,5.85
603,5.77
610,0.00
708,0.00
782,5.90
55,5.93
569,0.00
413,5.81
323,5.91
419,0.00
889,5.87
732,5.94
473,6.02
667,0.00
776,5.83
83,5.95
260,5.92
632,5.84
594,0.00
641,5.99
965,0.00
924,5.95
364,5.78
866,0.00
924,0.00
474,5.63
15,5.72
726,5.69
595,0.00
907,5.82
628,5.87
441,5.92
603,0.00
809,5.90
864,6.05
755,6.11
251,6.06
692,6.10
477,6.10
889,5.97
56,5.87
246,5.96
156,5.84
504,0.00
648,5.97
460,0.00
690,5.92
659,5.85
371,5.89
639,0.00
488,5.87
462,5.90
333,5.94
249,5.76
919,0.00
3,5.97
71,5.94
712,0.00
899,18.04
551,0.00
927,5.99
373,0.00
933,0.00
822,5.94
809,0.00
886,11.61
464,6.00
592,0.00
747,6.21
945,6.36
173,6.19
929,11.92
63,6.19
118,6.02
113,5.92
180,6.00
376,5.86
703,5.83
801,5.91
199,5.80
132,5.91
961,0.00
436,5.95
592,0.00
885,6.04
312,6.15
802,0.00
358,6.00
846,0.00
699,6.16
977,11.92
68,6.16
458,6.12
251,6.12
728,6.05
898,0.00
461,6.16
423,0.00
974,12.21
632,18.03
481,12.32
708,12.27
708,6.58
905,6.44
850,0.00
182,6.37
920,0.00
954,0.00
47,6.36
373,6.48
611,0.00
953,24.22
235,6.38
821,12.29
395,0.00
7,6.31
906,6.43
230,6.44
689,0.00
74,6.43
57,6.43
944,0.00
486,6.53
101,6.48
129,0.00
598,0.00
361,6.51
819,0.00
872,6.47
365,6.42
270,6.57
504,6.45
681,0.00
35,6.54
834,0.00
940,6.41
632,0.00
775,6.52
998,6.59
166,6.45
471,0.00
420,6.39
396,6.28
765,6.36
652,0.00
878,6.21
57,6.22
45,0.00
509,6.26
789,6.26
933,0.00
548,6.31
622,0.00
972,0.00
624,6.53
340,6.41
82,6.49
156,6.30
873,0.00
53,6.23
134,6.25
895,6.26
821,0.00
414,6.31
494,0.00
857,12.54
557,6.22
938,6.35
574,6.44
973,6.45
86,6.33
5,6.33
994,0.00
745,18.43
280,6.24
281,12.78
758,6.27
507,0.00
556,6.48
842,18.44
381,6.36
560,6.37
566,0.00
900,6.47
994,6.31
13,6.29
652,0.00
84,6.17
559,0.00
335,6.14
650,0.00
314,12.56
66,6.18
764,0.00
78,6.20
757,0.00
384,6.14
58,6.15
507,0.00
381,6.13
378,6.27
704,6.06
971,24.46
995,6.10
151,6.16
667,0.00
554,5.98
245,6.09
419,6.08
303,6.01
932,0.00
572,6.11
864,6.20
485,0.00
482,6.11
199,6.17
436,6.10
667,0.00
901,24.59
396,6.27
559,12.66
241,6.46
614,0.00
526,6.32
51,6.46
896,0.00
966,6.68
645,6.59
492,0.00
662,12.78
279,6.69
996,0.00
389,6.65
15,6.51
902,6.44
403,0.00
865,6.42
326,6.49
846,0.00
533,6.67
664,0.00
379,6.74
241,6.66
199,6.59
735,0.00
824,6.48
951,0.00
125,6.44
149,6.43
310,12.78
712,6.48
62,6.35
614,6.73
946,6.34
624,6.35
489,0.00
150,6.32
779,0.00
28,6.15
577,0.00
921,12.41
926,6.39
3,6.22
511,6.20
185,6.26
562,6.17
343,6.17
706,6.17
772,0.00
450,6.24
470,6.26
702,6.33
905,0.00
463,6.27
820,0.00
10,6.21
599,6.28
502,0.00
827,6.20
36,6.29
675,6.11
603,0.00
94,6.42
59,6.26
269,6.27
596,6.28
739,0.00
780,6.21
169,6.22
175,6.22
405,0.00
91,6.12
22,6.12
120,6.17
207,6.05
909,0.00
16,5.97
391,5.85
629,0.00
921,12.43
188,5.94
902,5.77
316,5.73
372,5.64
776,0.00
857,5.68
967,5.79
775,18.57
438,5.90
503,5.91
868,5.92
862,6.10
346,6.16
981,0.00
807,5.98
162,5.90
17,0.00
156,6.02
310,5.91
451,0.00
867,5.89
2,5.86
819,5.94
746,5.92
39,6.17
912,0.00
44,6.08
325,6.04
600,6.04
536,0.00
268,12.31
853,6.02
629,6.15
427,0.00
218,6.28
982,12.55
714,6.36
886,6.49
50,6.50
536,12.60
111,6.45
278,6.51
611,12.67
986,6.28
498,0.00
360,6.29
559,6.32
794,6.37
179,0.00
625,0.00
194,6.23
935,0.00
693,6.10
981,0.00
780,12.49
289,6.30
528,0.00
116,6.28
958,0.00
937,12.51
368,0.00
958,6.27
273,6.32
157,6.42
423,6.41
351,0.00
3,6.30
18,6.31
975,6.18
217,6.18
111,6.30
658,0.00
414,6.31
633,0.00
571,6.29
810,6.32
252,6.35
731,6.36
152,6.44
973,6.34
540,0.00
961,6.38
137,6.40
2,6.19
119,6.09
667,11.89
484,11.84
405,5.89
560,5.74
545,0.00
549,5.81
266,5.81
692,0.00
44,5.90
646,5.98
946,11.77
741,5.93
369,5.93
405,5.74
707,0.00
328,5.79
597,0.00
848,5.82
358,5.87
289,5.88
127,5.79
771,0.00
692,0.00
400,0.00
747,30.84
88,5.47
76,5.52
55,5.35
988,5.46
23,5.48
483,0.00
110,11.84
435,5.61
700,0.00
539,11.80
624,5.53
287,5.48
318,5.49
817,0.00
498,5.60
459,0.00
939,0.00
84,5.74
794,18.15
800,24.12
435,11.86
295,5.76
488,5.62
367,5.53
119,5.62
908,0.00
78,5.53
933,5.42
579,0.00
163,0.00
445,5.50
926,0.00
683,5.73
97,5.61
465,0.00
363,5.68
566,0.00
715,5.76
764,0.00
702,5.89
697,5.90
375,5.95
574,0.00
559,5.93
453,0.00
363,12.16
105,5.89
615,5.91
972,5.97
473,6.02
738,0.00
931,12.02
844,11.96
102,6.24
657,0.00
647,6.50
157,6.38
227,6.18
583,6.27
445,0.00
418,6.38
260,6.31
575,0.00
450,0.00
216,6.19
283,0.00
608,0.00
210,6.14
909,6.15
615,6.29
90,6.30
856,11.98
223,6.19
296,6.11
134,6.14
878,6.31
108,6.39
431,0.00
715,11.87
281,6.40
7,6.35
147,6.51
823,11.79
59,6.33
550,0.00
598,6.25
988,0.00
313,6.24
373,6.29
802,6.24
978,6.32
29,6.45
410,0.00
756,0.00
838,6.34
325,6.43
347,6.49
695,0.00
931,0.00
336,12.27
283,6.43
689,11.90
862,6.37
988,6.46
975,6.38
596,6.39
869,6.49
715,6.49
886,12.13
220,6.58
639,0.00
965,6.53
947,12.15
840,6.52
237,6.63
570,6.59
653,0.00
210,6.54
544,0.00
212,6.47
532,0.00
807,12.33
948,6.48
372,6.56
275,6.44
979,0.00
150,6.52
35,6.48
140,6.44
543,0.00
684,0.00
454,0.00
225,12.29
9,6.27
937,0.00
417,12.45
367,6.27
947,6.18
46,6.19
95,0.00
460,6.09
433,6.19
598,6.11
95,0.00
807,6.19
836,6.31
602,6.21
231,0.00
936,0.00
657,0.00
431,6.24
716,6.34
168,6.41
262,0.00
370,6.26
271,6.31
566,6.31
723,6.32
325,6.18
199,6.14
459,6.18
115,6.13
297,6.13
873,12.56
13,6.26
903,6.10
140,6.20
690,12.48
120,6.29
474,6.26
315,6.22
915,24.49
245,6.28
291,6.18
492,6.16
850,0.00
398,6.10
60,6.01
216,5.90
530,0.00
443,5.85
94,5.89
858,5.81
902,0.00
964,12.37
839,12.47
231,6.06
322,6.12
910,5.99
578,6.09
571,0.00
555,5.97
989,6.02
96,5.86
335,5.83
554,12.23
617,5.78
9,5.79
236,5.51
601,5.51
364,5.46
838,0.00
23,5.40
786,0.00
866,0.00
174,5.45
881,11.91
77,5.54
625,0.00
820,5.44
87,5.47
100,5.48
926,0.00
245,5.52
435,5.52
961,0.00
627,0.00
565,5.45
380,5.53
325,5.60
690,0.00
708,5.42
453,5.52
933,11.79
312,5.63
161,5.53
195,5.50
404,5.47
649,5.41
213,0.00
290,5.44
260,5.52
447,5.48
464,0.00
933,0.00
246,5.56
689,5.51
508,0.00
422,0.00
34,5.64
272,5.60
187,5.60
878,0.00
21,5.51
864,5.60
454,5.71
271,5.58
606,5.62
740,5.80
344,5.65
46,5.64
480,5.57
549,0.00
734,18.25
941,12.14
650,5.77
144,5.93
399,6.00
214,6.05
351,5.96
281,5.94
918,11.74
179,5.94
376,5.86
149,5.83
478,11.82
277,5.85
619,0.00
355,5.83
354,5.80
169,5.72
839,0.00
544,5.76
264,5.87
218,5.82
728,5.84
168,5.89
788,0.00
162,5.91
579,18.28
894,11.71
906,11.77
812,6.18
430,6.00
957,0.00
90,6.10
914,6.02
584,6.16
648,6.14
619,6.24
395,6.22
639,0.00
235,6.17
311,6.23
65,6.13
707,0.00
996,6.17
458,6.31
151,6.22
541,0.00
944,11.67
29,6.15
223,0.00
587,11.55
470,6.18
576,6.25
797,11.58
270,6.23
155,6.17
80,6.12
515,0.00
858,6.05
525,6.08
109,5.99
561,5.96
824,5.91
252,5.91
35,5.98
369,0.00
857,5.91
150,5.91
243,5.91
516,5.91
413,0.00
651,0.00
220,5.79
181,5.80
1,5.88
948,0.00
268,5.73
533,5.82
492,5.83
181,5.80
836,11.42
27,5.65
840,11.53
328,5.67
229,5.62
654,5.56
738,0.00
308,5.71
631,5.67
77,5.79
324,5.75
585,0.00
302,5.67
113,5.76
441,0.00
912,5.61
983,0.00
574,5.73
902,5.76
187,5.57
283,5.68
829,0.00
181,5.76
628,0.00
900,0.00
113,5.73
492,0.00
441,11.80
465,5.79
898,11.74
105,5.81
752,5.71
535,5.72
543,5.80
985,0.00
576,5.77
225,5.73
879,0.00
565,5.73
565,0.00
461,5.75
465,5.69
725,5.76
274,5.81
929,5.75
653,5.92
587,0.00
913,5.79
14,5.90
744,5.80
937,0.00
802,5.85
303,5.95
58,5.79
190,5.79
62,5.68
44,5.68
441,0.00
688,11.55
674,5.69
765,5.70
123,0.00
840,11.73
562,0.00
201,5.64
535,0.00
762,11.60
748,5.86
554,5.82
359,5.93
999,0.00
557,5.99
316,6.07
410,6.09
251,6.02
481,0.00
302,6.13
947,0.00
776,6.18
55,6.19
812,0.00
663,0.00
773,6.22
809,6.26
212,6.27
469,0.00
677,6.16
786,6.11
744,6.20
601,6.27
596,0.00
387,6.27
404,6.29
779,0.00
884,6.31
998,0.00
257,6.39
670,0.00
344,6.27
320,6.25
342,6.32
882,0.00
874,12.08
425,6.25
333,6.32
16,6.25
113,6.23
491,0.00
133,6.35
717,6.38
391,6.39
596,6.34
333,6.22
579,6.20
754,6.16
882,6.15
160,6.27
188,6.17
939,6.21
77,6.21
17,6.11
145,0.00
763,6.15
470,6.16
338,6.06
803,0.00
767,6.15
483,6.23
781,6.24
592,0.00
729,6.40
593,12.16
917,12.21
228,6.41
94,6.31
354,6.37
674,6.37
458,6.49
559,6.55
393,0.00
570,6.55
489,6.62
430,6.63
806,12.27
20,6.56
956,0.00
602,6.68
126,6.55
944,12.35
26,6.50
779,12.24
281,6.51
554,0.00
955,6.25
206,6.26
417,6.21
89,6.19
844,12.23
45,6.20
467,6.02
799,6.20
222,6.08
300,6.04
816,12.35
369,6.12
305,6.09
456,0.00
414,5.98
301,6.12
207,6.03
909,5.95
609,0.00
647,0.00
856,6.09
719,6.23
355,6.43
495,6.39
932,18.39
615,6.54
634,0.00
474,6.30
670,6.40
503,6.52
862,0.00
683,6.47
226,0.00
115,6.53
215,6.58
453,0.00
255,6.45
836,0.00
184,6.41
605,0.00
610,0.00
189,12.83
438,6.48
676,6.39
127,6.52
822,6.32
299,0.00
626,6.43
739,6.49
349,6.43
295,6.36
894,0.00
445,6.47
569,0.00
860,6.51
687,0.00
69,6.51
102,6.60
891,0.00
129,6.52
336,6.41
239,6.31
700,0.00
253,6.35
177,6.30
948,0.00
194,6.34
836,12.51
77,6.13
914,6.15
844,6.13
321,6.30
267,6.27
567,0.00
809,6.25
234,6.23
167,6.23
51,0.00
846,0.00
268,6.33
336,6.11
824,6.21
274,6.22
263,12.47
577,6.16
437,0.00
540,0.00
667,6.32
968,6.40
80,6.24
173,6.36
983,0.00
466,12.66
912,6.65
268,6.65
525,0.00
555,0.00
316,6.52
727,12.67
593,12.62
12,6.72
186,0.00
57,6.68
310,6.67
943,6.55
129,6.56
369,6.49
507,0.00
289,6.39
120,6.30
162,6.25
317,6.18
664,6.11
597,6.15
628,0.00
767,6.06
487,0.00
16,6.01
103,6.09
205,5.90
331,5.86
978,0.00
685,5.89
103,5.98
148,6.01
661,0.00
235,5.90
205,5.93
719,5.83
181,5.77
474,0.00
912,0.00
420,5.66
427,5.71
429,0.00
124,5.61
371,0.00
682,5.47
516,5.42
19,5.48
135,5.47
281,5.47
981,0.00
926,5.49
103,5.60
42,5.60
963,5.46
862,5.57
995,11.92
923,5.68
328,5.60
929,0.00
960,5.65
258,5.68
954,0.00
684,5.89
512,18.67
141,6.02
491,0.00
518,0.00
388,5.96
795,0.00
158,12.32
451,12.11
995,5.97
881,6.09
324,6.20
259,0.00
195,6.04
631,0.00
37,6.12
1,6.03
314,5.86
939,0.00
449,0.00
98,5.78
55,5.89
52,5.93
883,0.00
597,0.00
557,5.76
325,12.31
10,5.72
948,5.81
40,5.82
877,0.00
777,5.98
445,5.94
50,5.95
259,6.05
799,0.00
99,5.90
530,0.00
812,5.99
132,6.08
912,12.07
66,5.92
370,0.00
706,5.89
125,5.96
499,0.00
940,0.00
438,6.05
614,12.02
785,6.14
353,6.00
290,6.11
434,0.00
435,6.10
994,0.00
607,6.27
929,6.30
195,6.35
716,0.00
937,6.41
731,6.51
340,6.34
355,6.46
410,6.37
809,0.00
550,0.00
850,6.64
582,6.54
466,6.66
133,6.66
251,6.76
933,0.00
590,6.50
995,0.00
59,6.67
945,0.00
663,12.30
922,12.39
380,6.74
233,6.75
192,6.61
71,6.59
182,6.57
133,6.54
857,0.00
723,12.27
708,12.38
243,6.57
744,0.00
463,6.50
200,6.39
349,6.45
543,0.00
980,12.51
131,6.47
109,6.56
797,6.57
744,0.00
428,6.43
568,6.45
289,6.42
74,0.00
340,6.38
659,6.42
645,6.48
995,0.00
27,6.42
39,6.37
165,6.38
782,0.00
735,12.09
508,6.31
432,0.00
397,0.00
896,6.40
304,6.37
660,0.00
984,6.37
731,6.28
719,0.00
693,12.17
404,0.00
244,6.35
426,0.00
850,6.35
367,0.00
345,6.45
215,6.43
28,6.51
472,0.00
538,6.29
711,0.00
722,6.30
623,6.30
831,6.39
731,6.41
890,6.42
92,6.58
41,6.41
517,0.00
241,6.59
956,0.00
31,6.56
196,6.47
317,6.42
636,0.00
561,0.00
892,6.35
969,6.22
606,6.41
687,12.83
447,6.38
231,6.36
203,6.39
592,6.26
969,0.00
1000,6.38
158,6.47
106,6.42
611,0.00
873,6.31
732,6.32
756,0.00
528,18.60
46,6.38
770,0.00
134,6.21
94,6.22
276,0.00
312,6.26
706,0.00
662,0.00
194,6.30
638,6.22
156,0.00
256,6.22
909,6.33
427,6.16
131,0.00
297,6.28
846,12.71
299,6.29
586,0.00
819,6.19
502,6.21
204,6.29
734,6.11
365,0.00
611,6.36
18,6.18
313,0.00
710,6.13
282,6.18
165,6.12
38,6.12
848,6.11
668,0.00
769,6.26
760,6.22
306,6.31
940,6.43
67,6.31
160,6.33
474,6.23
764,0.00
834,6.33
266,6.25
104,6.35
126,12.49
904,6.10
143,6.31
228,6.16
39,6.12
835,6.12
487,0.00
996,12.44
633,6.23
21,6.09
285,6.19
81,6.24
977,0.00
436,6.15
461,0.00
75,6.14
163,6.05
279,5.90
201,5.90
773,5.81
259,5.76
1,5.78
995,5.77
147,0.00
287,0.00
491,5.86
308,5.89
268,5.85
675,0.00
976,12.24
780,5.79
743,5.89
107,5.65
600,5.64
319,5.72
226,5.72
840,0.00
291,5.73
669,0.00
583,5.73
91,5.82
981,0.00
38,5.71
199,5.78
755,0.00
964,12.03
80,5.82
665,0.00
951,5.73
277,5.77
331,5.76
595,0.00
93,5.76
307,5.64
171,5.64
629,0.00
498,5.59
475,5.73
304,5.73
260,5.73
964,0.00
843,0.00
582,5.78
417,5.72
78,5.76
715,0.00
118,5.80
154,5.80
916,5.80
174,0.00
120,0.00
704,5.74
364,5.70
771,0.00
192,5.67
785,0.00
711,5.58
866,5.61
270,5.54
633,5.64
253,5.72
262,5.62
472,5.62
706,5.72
61,5.73
149,0.00
866,0.00
743,5.58
497,5.60
88,5.52
399,0.00
382,5.59
329,5.55
836,0.00
841,5.50
663,5.63
26,5.67
51,5.55
845,5.53
193,5.53
516,0.00
26,5.53
811,5.53
625,0.00
886,5.54
722,0.00
256,11.33
783,5.56
704,5.57
377,5.67
882,5.58
117,5.60
327,5.58
412,5.51
491,0.00
241,5.51
63,5.40
387,0.00
871,5.40
73,5.33
719,11.16
853,11.14
667,5.40
699,5.36
878,5.37
948,11.14
690,11.16
279,5.65
431,0.00
62,5.43
43,5.43
203,5.44
963,0.00
374,5.41
198,11.10
885,5.44
556,5.45
734,0.00
146,5.40
30,5.41
869,5.37
968,0.00
335,5.38
976,5.43
652,5.47
5,5.55
71,5.50
488,0.00
388,5.33
124,5.41
812,5.41
288,5.49
457,10.89
796,5.38
231,5.39
356,5.43
503,0.00
329,5.35
197,5.33
32,5.36
664,0.00
792,5.29
777,0.00
548,5.34
574,0.00
758,11.11
901,5.60
298,5.61
132,5.61
451,0.00
413,0.00
631,5.65
294,5.71
269,5.68
970,11.27
875,11.17
202,5.68
447,5.76
697,5.78
547,5.80
140,5.69
824,5.76
760,0.00
581,5.76
956,5.83
387,5.78
442,5.90
999,5.75
273,5.77
24,5.74
967,5.72
610,5.87
16,5.82
846,5.81
74,5.94
458,5.95
967,5.96
831,11.41
545,5.88
119,5.93
425,5.83
756,5.84
780,5.85
192,5.80
49,5.65
693,5.65
182,5.76
483,5.76
956,5.75
441,5.82
340,5.66
190,5.63
39,0.00
633,5.71
146,5.71
9,5.54
340,5.53
71,5.53
643,0.00
738,10.96
539,0.00
570,11.00
576,5.64
512,5.65
747,0.00
22,5.67
308,5.66
346,0.00
840,0.00
220,5.78
653,5.79
851,0.00
281,5.83
172,5.88
118,5.76
758,0.00
213,5.74
666,0.00
653,5.76
187,5.79
118,5.82
517,0.00
949,5.68
115,5.61
896,0.00
737,5.51
629,5.70
186,5.48
305,5.63
628,0.00
215,5.55
778,0.00
377,0.00
775,11.23
811,5.57
663,11.26
963,0.00
236,5.72
579,11.38
316,5.74
601,5.70
113,5.75
507,0.00
774,11.38
477,5.56
856,0.00
511,5.67
798,5.81
562,5.86
261,5.96
627,0.00
896,0.00
879,5.97
777,6.04
654,6.10
246,6.01
750,0.00
979,6.01
23,5.94
584,6.16
142,6.22
755,11.92
904,11.98
815,0.00
769,6.06
769,6.13
272,6.00
122,6.00
412,5.99
480,0.00
90,11.73
391,6.17
562,6.18
330,6.07
202,6.11
177,6.03
721,6.03
262,6.04
163,0.00
388,6.04
338,6.15
547,6.15
727,6.09
239,6.14
423,0.00
714,6.03
485,0.00
723,5.80
664,5.99
553,0.00
984,5.92
90,6.03
726,0.00
61,5.94
133,5.94
920,0.00
302,0.00
786,6.08
95,6.19
221,6.12
835,0.00
984,6.10
470,6.20
323,6.33
776,6.30
495,0.00
821,17.32
634,11.79
988,6.34
318,6.19
422,6.21
281,6.38
87,6.36
994,6.34
981,6.35
789,6.30
445,0.00
249,6.36
244,6.25
972,0.00
469,6.31
705,0.00
810,0.00
874,6.39
438,0.00
134,6.40
275,6.27
853,0.00
157,6.21
133,6.16
734,0.00
677,6.03
940,0.00
995,6.04
114,6.17
50,6.10
928,0.00
770,6.11
494,6.03
813,12.20
1000,6.13
924,6.31
220,6.25
406,0.00
781,23.52
446,0.00
883,6.35
556,6.53
327,6.18
53,6.33
577,0.00
286,6.33
354,6.33
563,6.41
85,6.45
842,0.00
90,6.29
981,0.00
611,6.42
759,6.46
18,6.51
21,6.51
340,6.52
562,0.00
924,12.35
890,6.44
87,6.44
509,0.00
222,6.48
17,6.33
702,0.00
850,6.34
868,6.31
648,0.00
200,6.28
15,6.26
5,0.00
2,6.28
563,6.19
93,6.20
936,0.00
568,6.07
169,6.14
583,0.00
520,6.04
854,0.00
941,6.22
210,6.33
221,6.30
738,0.00
982,0.00
909,0.00
376,6.38
973,12.75
191,6.41
108,6.14
97,6.14
965,0.00
625,6.19
580,6.12
65,6.29
484,0.00
908,6.14
22,6.24
365,6.04
560,6.02
198,0.00
86,6.08
101,6.07
878,0.00
240,6.10
982,6.21
758,6.22
680,6.28
29,6.39
682,12.22
250,6.25
440,6.06
78,6.20
998,0.00
879,6.24
374,6.32
737,0.00
470,12.37
713,6.12
484,6.12
621,6.07
780,12.36
827,18.70
419,12.38
938,6.23
252,6.00
260,5.92
238,5.88
281,0.00
528,0.00
326,5.84
351,5.98
780,12.29
351,0.00
644,5.88
272,5.86
678,5.92
688,6.01
654,0.00
437,6.01
873,0.00
911,6.15
112,6.07
752,6.07
598,0.00
678,12.49
750,6.22
470,6.35
36,6.24
296,6.18
485,6.16
88,0.00
194,6.27
283,0.00
846,6.28
41,6.33
75,6.24
148,6.25
26,6.23
560,0.00
309,6.13
128,5.99
393,5.99
464,0.00
729,12.46
233,6.14
637,0.00
535,5.91
721,0.00
18,5.94
438,12.20
766,6.02
848,6.09
272,5.88
803,6.04
17,5.87
573,5.84
435,0.00
538,5.96
202,6.03
892,0.00
844,6.18
194,6.03
817,0.00
26,6.09
938,5.92
33,5.93
469,0.00
136,5.90
200,5.88
547,0.00
100,5.94
61,5.81
629,0.00
618,5.63
885,11.76
835,0.00
967,5.71
988,5.78
652,5.92
75,5.78
220,5.79
533,11.95
235,5.72
919,5.59
590,5.65
476,12.03
536,11.79
104,5.91
615,5.73
962,11.95
406,5.87
161,5.71
992,0.00
595,5.77
451,0.00
276,5.81
507,5.72
706,5.75
332,0.00
168,5.54
758,5.54
891,0.00
207,5.51
786,5.50
680,11.60
134,5.49
512,5.39
814,0.00
149,5.39
333,5.39
960,0.00
66,5.53
61,5.56
13,5.41
298,5.44
941,5.43
311,5.56
982,11.52
158,5.29
11,5.36
933,0.00
87,5.45
563,5.37
755,0.00
260,5.45
454,5.48
595,5.56
876,5.48
801,0.00
212,5.29
876,0.00
319,5.30
491,0.00
69,5.26
909,0.00
360,5.37
825,0.00
40,5.24
710,0.00
321,0.00
726,5.36
302,5.45
429,0.00
766,11.24
420,11.06
406,0.00
271,5.51
749,11.18
566,5.47
941,5.47
223,5.39
283,5.38
179,5.52
580,0.00
638,17.24
360,5.40
133,5.30
831,11.07
625,11.21
980,5.57
791,17.64
924,11.43
334,5.56
664,5.69
514,0.00
873,5.54
167,5.68
623,0.00
713,5.79
968,0.00
107,5.83
568,0.00
636,5.92
213,6.01
712,0.00
851,17.65
423,0.00
788,11.27
617,5.85
505,5.94
853,5.92
818,0.00
39,5.80
57,5.79
38,5.76
295,5.78
721,0.00
841,0.00
240,5.80
667,11.31
820,5.98
1000,5.92
30,5.95
369,5.90
363,5.92
305,5.80
611,0.00
881,11.27
206,11.43
532,6.04
485,11.38
529,6.11
321,5.90
747,5.92
719,0.00
891,5.95
357,6.01
273,6.04
322,6.05
940,0.00
974,6.08
856,6.16
58,6.17
764,11.40
718,0.00
330,6.21
982,0.00
916,11.88
701,6.28
182,6.25
104,6.27
829,0.00
559,6.25
322,6.28
83,6.28
708,11.69
725,6.37
320,6.22
159,0.00
632,6.29
565,6.38
321,11.81
980,6.35
894,17.89
651,12.02
176,6.45
616,6.47
344,6.11
382,5.98
629,5.83
287,5.91
959,5.75
980,11.70
376,5.80
853,5.83
346,0.00
771,5.84
998,5.87
6,5.87
995,0.00
557,6.06
79,6.03
879,0.00
993,23.73
988,11.94
284,6.14
412,0.00
493,6.12
450,6.21
266,6.25
715,0.00
258,6.18
358,6.08
782,12.02
818,0.00
215,6.10
949,6.08
113,6.19
474,6.16
467,6.21
126,6.26
846,0.00
20,5.96
865,0.00
899,12.10
108,5.97
395,5.90
365,5.86
596,0.00
642,5.77
954,5.79
972,5.94
280,6.19
813,6.06
415,6.10
980,12.09
817,6.12
223,6.04
357,0.00
487,6.20
176,5.82
910,5.93
653,5.84
729,5.84
548,5.86
158,5.90
774,0.00
158,5.71
375,5.77
890,5.71
588,0.00
704,5.99
780,5.94
790,5.95
516,5.81
15,5.92
145,5.63
478,5.71
192,5.72
993,17.88
860,17.64
889,12.23
219,5.84
450,6.14
921,5.94
940,0.00
443,5.90
274,5.94
731,0.00
182,5.92
969,5.86
295,5.85
917,0.00
155,5.73
524,0.00
766,17.81
758,11.88
947,5.93
1000,5.90
37,5.83
181,5.84
316,5.81
831,5.76
585,11.93
151,5.90
986,0.00
904,6.07
157,5.80
220,5.90
216,5.91
569,0.00
385,5.93
993,0.00
374,5.89
204,6.10
60,6.01
164,0.00
878,6.01
422,6.01
584,6.10
977,6.09
745,0.00
206,6.24
673,0.00
944,5.93
28,6.00
930,0.00
985,11.98
860,5.86
632,6.00
919,6.03
451,6.22
693,0.00
600,0.00
689,11.99
348,6.04
285,6.03
276,5.99
133,6.05
984,0.00
627,6.03
175,6.10
665,6.11
441,0.00
780,0.00
638,6.10
892,6.12
937,6.13
459,6.14
302,0.00
746,11.91
883,6.25
200,6.05
654,18.24
936,6.10
584,12.14
706,6.20
685,12.14
924,12.20
284,6.14
211,6.14
771,6.08
222,0.00
535,6.09
969,0.00
751,6.30
380,6.39
650,0.00
900,6.41
811,0.00
704,12.26
60,6.46
185,12.19
353,12.08
623,6.33
50,6.35
444,6.15
733,6.31
156,6.37
896,0.00
443,6.41
101,6.40
851,6.40
148,6.35
794,0.00
396,6.26
137,6.33
921,0.00
162,6.35
154,6.32
934,0.00
70,6.36
402,6.15
75,6.15
94,6.23
768,0.00
333,0.00
937,12.33
589,0.00
863,6.19
225,6.22
601,6.07
556,0.00
549,6.08
54,6.06
183,6.07
93,6.02
781,0.00
510,11.99
884,6.04
179,6.05
722,5.85
29,5.98
944,12.01
131,6.08
935,0.00
227,6.02
367,5.97
196,6.01
167,5.95
169,5.95
306,5.93
319,5.84
301,0.00
529,5.90
4,5.91
207,5.77
128,5.63
872,17.46
626,11.79
25,5.67
543,5.74
445,11.70
272,5.43
622,5.49
80,5.70
445,0.00
463,5.51
549,17.78
990,11.76
438,5.66
522,5.68
52,5.61
685,5.55
782,5.59
861,0.00
23,5.52
331,5.59
790,0.00
718,5.57
22,5.35
612,0.00
850,5.46
512,5.57
258,5.49
900,0.00
969,5.45
619,5.52
114,5.57
744,0.00
604,5.70
200,5.74
115,5.63
775,5.55
434,0.00
960,5.45
899,0.00
960,5.58
291,5.68
46,5.54
953,0.00
446,0.00
586,5.55
404,0.00
646,0.00
376,5.60
362,5.61
656,5.70
61,5.80
965,0.00
347,5.69
791,0.00
515,5.61
459,5.65
139,5.71
537,5.72
162,0.00
61,5.67
280,5.61
844,5.63
41,5.68
404,0.00
683,0.00
292,5.43
51,5.27
779,5.27
48,5.38
761,5.32
105,0.00
549,5.34
180,5.48
603,0.00
897,5.52
140,5.66
964,0.00
744,11.09
74,5.67
567,0.00
769,11.42
879,11.55
704,5.72
525,5.84
100,5.83
826,0.00
81,5.78
272,11.32
485,11.39
336,5.93
123,0.00
223,5.80
553,5.68
688,0.00
664,11.43
250,5.83
189,5.82
525,5.84
379,5.88
878,5.72
82,5.73
536,5.64
937,0.00
27,5.63
302,5.53
854,0.00
658,0.00
357,5.58
691,5.48
122,5.49
952,17.54
292,5.55
273,5.42
410,5.45
780,5.51
110,5.63
964,0.00
960,17.58
587,11.18
622,5.74
197,5.63
922,5.53
51,5.71
674,5.65
242,5.71
365,5.54
933,11.22
64,5.64
517,0.00
276,5.66
206,5.70
297,5.59
402,5.55
565,0.00
940,5.47
518,0.00
933,0.00
889,0.00
386,5.64
276,5.64
597,0.00
689,5.67
101,5.71
853,5.68
831,5.80
957,5.89
348,5.90
28,0.00
769,0.00
370,0.00
749,6.02
446,6.13
7,6.12
388,0.00
347,0.00
512,6.00
85,6.09
921,0.00
9,5.89
373,5.90
412,11.59
366,5.95
24,5.82
972,0.00
957,6.01
604,5.93
227,5.93
96,5.90
939,17.23
644,5.95
715,5.96
731,5.86
856,0.00
15,6.04
630,5.96
620,0.00
662,6.01
870,0.00
349,6.08
630,0.00
746,6.06
302,6.20
611,6.22
526,6.35
222,6.23
712,0.00
972,11.98
769,6.35
330,6.34
584,6.46
39,6.52
90,6.41
451,0.00
290,6.32
484,6.38
780,6.14
842,6.27
131,6.33
461,6.23
368,6.11
205,6.28
428,0.00
198,6.16
143,6.08
492,6.04
542,0.00
605,6.23
516,0.00
356,6.09
13,6.07
460,0.00
577,6.01
534,0.00
934,0.00
942,0.00
937,6.12
778,6.26
694,6.18
29,6.37
996,0.00
525,6.25
278,6.26
737,0.00
253,6.22
62,6.29
35,6.30
94,6.23
392,6.26
255,6.27
646,6.12
634,6.17
24,6.07
186,6.03
913,0.00
837,5.86
215,5.86
73,0.00
795,5.95
152,6.08
318,5.98
786,6.03
536,6.03
560,0.00
264,6.12
730,6.06
178,6.06
342,0.00
395,6.14
483,0.00
440,0.00
232,6.02
624,0.00
464,11.73
105,5.89
344,5.88
189,5.65
548,5.82
942,5.78
284,5.68
389,5.62
517,5.71
434,5.64
775,0.00
944,0.00
278,5.67
867,0.00
617,0.00
807,5.47
149,5.49
874,0.00
960,5.67
475,5.69
689,11.95
387,5.81
862,12.05
751,5.74
460,5.75
897,5.90
10,5.98
275,5.81
793,0.00
68,5.84
537,5.90
646,0.00
839,6.00
322,5.85
343,5.93
448,5.91
903,5.98
660,5.97
826,12.16
165,6.14
420,0.00
851,6.03
677,0.00
482,0.00
1000,17.76
185,6.12
862,0.00
579,6.07
641,6.18
371,6.02
424,0.00
138,6.24
636,6.16
592,6.21
973,0.00
353,0.00
372,6.43
518,12.38
358,6.40
311,0.00
421,6.32
922,6.32
859,6.44
49,6.60
304,6.57
117,6.45
209,6.46
928,0.00
611,6.44
897,0.00
467,6.59
513,6.57
708,6.69
654,6.75
834,6.76
606,6.80
220,6.68
208,6.78
166,6.75
950,12.65
754,0.00
604,12.77
171,6.78
669,6.90
306,6.83
951,12.63
187,6.85
420,6.85
467,6.91
664,6.92
908,6.85
75,6.95
377,6.81
936,12.42
389,6.99
265,6.84
172,6.89
396,0.00
917,6.96
539,0.00
123,6.87
493,0.00
732,6.81
889,0.00
889,6.84
887,6.89
144,6.90
168,6.86
15,6.84
206,6.91
848,0.00
142,6.63
53,6.77
230,6.69
684,6.63
258,6.68
893,12.47
813,6.66
708,6.71
769,6.72
181,6.72
272,6.64
595,6.65
657,6.76
390,6.66
842,0.00
866,6.70
512,6.63
185,6.51
570,12.44
485,6.52
351,6.43
848,6.32
368,0.00
189,6.41
719,6.61
428,6.59
58,6.63
173,6.61
650,0.00
834,6.53
458,6.63
869,6.73
640,6.81
929,6.94
509,6.94
943,6.96
717,0.00
362,7.00
210,7.11
857,7.12
173,7.28
366,7.16
312,7.03
333,6.98
458,0.00
151,7.03
315,7.01
281,7.03
97,6.91
93,0.00
481,0.00
928,13.56
445,7.02
365,6.94
65,6.91
872,19.65
921,13.77
208,6.82
591,0.00
221,6.86
538,0.00
954,0.00
507,0.00
302,13.85
89,7.06
786,0.00
413,0.00
428,0.00
780,6.89
954,0.00
324,6.91
670,0.00
10,6.97
275,0.00
581,0.00
586,6.89
35,7.07
66,6.94
525,0.00
658,6.96
483,0.00
822,7.02
244,6.94
74,7.03
834,13.62
180,7.00
503,0.00
446,7.06
611,0.00
395,7.03
875,7.05
245,6.85
502,6.89
861,6.98
130,7.07
961,6.98
249,7.07
368,6.89
740,0.00
207,6.87
100,6.87
152,6.93
747,6.93
596,6.99
486,6.85
552,0.00
564,13.02
878,6.64
313,6.43
774,6.47
356,0.00
271,6.47
333,6.45
608,0.00
824,0.00
485,0.00
98,6.28
763,6.29
443,6.33
93,5.98
229,5.93
623,0.00
412,5.81
589,0.00
295,5.83
767,0.00
670,0.00
525,5.78
960,5.85
110,5.86
965,19.71
475,6.05
934,0.00
442,6.06
901,19.77
330,13.17
469,6.30
920,25.53
466,13.09
131,13.09
378,6.19
45,6.19
232,6.09
159,5.99
720,5.86
585,5.95
899,13.05
457,6.02
608,6.05
320,6.01
861,5.98
177,0.00
25,5.93
121,5.93
455,0.00
835,0.00
6,5.74
761,5.73
278,5.80
12,5.73
709,0.00
212,5.64
98,5.73
534,5.63
401,5.69
419,5.73
656,5.53
552,0.00
922,5.61
43,5.65
861,12.72
638,5.71
48,5.55
120,5.52
332,0.00
971,5.47
408,5.48
851,5.55
819,5.72
280,5.71
696,0.00
649,5.81
344,5.75
253,5.91
510,0.00
260,5.94
844,0.00
838,5.98
476,6.07
146,6.02
369,5.91
261,5.94
993,0.00
270,5.77
87,5.97
277,5.87
280,5.86
436,5.75
847,5.77
517,5.78
684,11.95
196,5.87
772,5.80
687,0.00
128,5.91
519,0.00
926,5.88
7,5.91
31,5.94
732,0.00
340,5.75
577,5.79
820,5.81
608,0.00
617,5.65
782,5.62
493,5.73
828,0.00
160,12.00
871,18.76
597,11.89
871,5.62
308,5.46
811,12.04
407,5.62
685,0.00
932,12.12
427,5.89
650,5.89
377,5.92
90,5.67
309,5.93
531,5.79
263,0.00
414,0.00
41,5.85
243,5.84
385,5.91
682,5.89
590,5.93
877,5.97
382,6.09
12,6.01
804,0.00
438,0.00
714,6.21
684,6.30
119,6.55
834,0.00
530,6.41
855,12.31
141,6.68
657,6.75
669,6.77
73,6.80
851,0.00
184,6.91
20,6.97
231,6.89
766,0.00
5,6.70
806,0.00
186,6.67
941,6.59
237,6.82
100,6.62
183,6.59
668,6.53
531,6.52
428,6.59
586,0.00
659,6.56
555,6.57
562,0.00
91,6.45
177,6.48
733,6.50
400,6.54
560,6.57
923,6.58
104,0.00
476,0.00
57,6.40
910,6.40
608,0.00
468,6.61
175,6.60
223,6.68
572,0.00
519,6.72
79,6.76
891,6.74
94,6.81
576,6.66
296,6.74
762,12.27
353,6.72
700,0.00
185,6.59
311,6.60
667,12.34
46,6.70
422,0.00
936,12.29
928,12.40
822,12.44
334,6.68
720,12.43
486,6.64
425,6.65
131,6.67
59,6.65
40,0.00
896,12.33
377,6.74
739,6.47
152,6.71
331,6.52
184,6.53
574,0.00
703,6.50
992,6.51
872,0.00
403,6.69
840,0.00
510,6.74
832,0.00
425,6.67
116,6.74
251,6.66
265,0.00
408,6.42
561,0.00
426,6.38
819,0.00
817,6.29
211,6.30
549,6.32
72,6.13
59,0.00
891,13.31
552,6.18
844,6.24
61,6.39
577,6.30
162,6.37
425,0.00
230,6.28
246,6.20
969,0.00
134,6.26
956,6.28
512,6.29
19,6.31
940,0.00
101,6.42
849,0.00
491,6.37
550,0.00
600,6.52
999,0.00
735,6.67
911,0.00
903,6.72
448,13.23
305,6.87
354,6.78
521,0.00
732,0.00
72,6.75
967,6.64
646,0.00
751,0.00
238,6.70
327,6.66
25,6.71
549,6.64
940,0.00
458,6.61
425,13.27
614,0.00
520,0.00
891,6.68
444,0.00
590,13.46
676,6.93
253,13.56
657,6.81
923,13.47
43,6.66
573,13.20
738,6.81
921,0.00
119,6.77
694,0.00
970,13.33
369,6.75
50,6.83
645,0.00
783,6.73
242,6.81
440,6.74
129,6.64
79,6.62
389,6.42
634,6.45
921,6.47
83,6.40
266,6.40
304,6.38
417,6.40
512,6.42
689,6.44
341,6.40
470,6.46
385,6.62
282,6.46
343,6.46
404,6.55
785,6.58
518,6.21
445,6.35
438,6.29
268,0.00
659,0.00
286,6.37
270,6.36
343,6.29
581,6.40
232,6.36
872,12.62
7,6.38
423,6.22
456,6.15
572,6.28
195,6.36
122,6.18
166,0.00
574,6.04
724,6.06
689,6.07
439,5.99
539,12.78
381,0.00
104,6.06
287,5.92
59,5.99
835,0.00
914,5.84
323,5.76
731,0.00
719,12.62
922,0.00
945,6.12
209,6.29
506,0.00
929,6.37
972,6.54
396,6.53
245,6.54
399,6.48
310,6.51
132,6.46
442,6.41
994,6.38
856,6.43
64,6.30
771,13.23
102,6.47
816,13.44
705,6.74
747,13.27
858,6.81
456,0.00
538,0.00
849,13.46
424,6.72
136,6.66
563,6.57
113,6.64
231,6.60
70,6.59
999,0.00
622,0.00
830,0.00
732,6.67
244,6.65
873,6.65
399,6.72
537,0.00
524,0.00
923,0.00
109,6.73
941,0.00
259,0.00
296,6.75
551,6.79
559,13.23
593,6.86
890,6.91
403,7.07
790,6.84
489,0.00
806,6.83
913,6.88
327,6.82
527,6.80
972,0.00
222,7.02
77,7.06
23,6.94
284,6.87
425,6.86
134,6.93
464,6.86
987,6.89
34,6.98
908,0.00
237,6.88
768,13.03
990,12.83
223,7.00
170,6.96
424,7.02
991,0.00
766,7.07
531,7.25
942,19.61
130,7.14
428,6.93
212,6.91
73,6.83
771,6.64
501,0.00
804,0.00
811,13.03
164,6.65
354,6.45
627,0.00
164,6.42
819,0.00
362,6.36
470,6.47
598,6.60
874,6.49
31,6.50
436,13.01
668,6.47
240,6.24
900,6.18
300,6.12
353,6.04
634,12.79
649,6.24
980,12.85
452,6.34
339,0.00
604,0.00
985,6.46
302,6.64
625,6.61
215,6.79
694,0.00
869,6.78
566,0.00
607,0.00
263,6.74
270,6.68
62,6.69
454,6.56
623,0.00
480,6.35
738,6.36
84,0.00
562,0.00
244,6.33
149,6.43
47,6.40
458,6.29
853,6.37
740,13.21
727,6.48
387,6.59
887,0.00
164,6.56
542,13.40
787,13.42
142,6.59
222,6.51
104,6.43
562,0.00
361,6.29
417,6.31
779,0.00
860,6.61
820,0.00
538,6.71
218,6.81
237,6.73
2,6.78
652,0.00
893,0.00
388,6.59
242,13.54
219,6.79
66,6.63
217,6.50
317,0.00
93,0.00
714,0.00
963,6.51
387,6.51
975,6.58
134,6.66
9,6.56
328,6.53
587,0.00
80,6.66
211,6.54
358,6.46
749,6.44
987,6.45
19,6.45
728,12.95
93,6.57
121,0.00
151,6.47
145,0.00
564,6.56
872,0.00
68,6.43
668,0.00
696,6.36
807,12.73
45,6.34
732,12.56
199,6.38
890,19.28
628,6.58
30,6.55
330,6.43
835,6.35
637,6.36
584,0.00
919,6.06
258,6.14
809,6.01
625,0.00
694,12.82
387,6.24
108,6.26
597,0.00
540,6.30
159,6.30
217,6.28
845,6.24
470,6.35
163,6.55
3,6.66
908,0.00
136,6.63
763,0.00
866,6.72
673,13.16
704,0.00
59,6.78
429,6.70
714,0.00
896,6.76
125,6.90
535,0.00
835,13.45
504,6.99
11,7.03
605,0.00
580,13.27
620,7.02
151,6.92
554,6.89
699,6.97
482,6.83
464,0.00
279,6.76
780,0.00
514,6.75
870,6.90
599,0.00
534,0.00
408,7.07
593,7.05
80,7.15
755,6.96
875,7.10
843,7.05
407,7.09
505,7.06
257,7.14
219,7.09
235,7.08
355,7.08
676,7.06
938,13.62
478,7.17
588,7.02
774,7.15
236,7.14
376,13.71
725,7.15
487,0.00
922,0.00
708,20.13
521,13.82
602,0.00
351,7.24
460,13.85
935,13.87
393,7.28
610,7.38
434,13.75
765,7.39
314,0.00
184,7.35
816,13.24
684,7.37
282,7.24
194,7.40
324,0.00
98,7.05
591,0.00
414,7.05
87,7.05
829,0.00
698,7.18
314,7.15
104,6.94
448,6.80
489,0.00
789,6.70
485,0.00
847,6.71
648,6.85
172,6.71
387,0.00
238,6.76
242,6.58
937,0.00
869,6.78
40,6.72
191,6.58
545,0.00
43,6.62
577,0.00
893,13.53
736,6.59
696,0.00
295,6.49
347,6.47
459,6.42
168,6.49
830,6.35
127,6.43
84,6.44
159,6.29
676,6.12
33,6.16
138,6.07
892,13.04
789,6.07
799,6.09
89,0.00
348,6.11
545,0.00
135,5.96
536,0.00
687,12.95
147,5.93
554,0.00
193,0.00
627,5.81
326,5.97
797,0.00
139,6.21
324,6.10
885,0.00
637,6.18
194,6.22
806,13.39
12,6.26
143,6.12
234,6.12
224,5.98
241,5.82
926,5.74
715,25.94
466,5.81
600,13.31
679,6.04
756,6.01
171,5.94
175,0.00
828,5.94
933,6.02
556,6.03
51,0.00
666,6.11
671,13.55
207,6.18
472,6.07
527,6.20
555,6.20
933,0.00
813,6.21
74,6.33
738,0.00
199,6.23
128,6.31
594,0.00
852,0.00
258,6.31
193,0.00
792,6.20
368,6.26
830,0.00
901,6.17
398,6.26
533,0.00
981,12.74
243,6.20
893,0.00
279,5.97
46,6.04
804,0.00
947,5.96
81,5.98
639,5.91
574,5.96
468,6.03
450,0.00
738,0.00
737,6.13
590,0.00
193,6.12
688,6.19
452,6.25
443,0.00
964,6.17
954,0.00
932,12.35
423,6.22
280,6.28
52,6.36
221,6.51
641,6.41
920,6.42
472,12.34
148,6.51
443,6.56
562,6.46
76,6.49
649,0.00
979,19.79
587,12.71
656,12.75
261,6.66
992,6.61
741,6.79
592,6.92
826,7.02
846,7.09
633,7.11
192,7.14
439,0.00
921,13.13
489,0.00
712,13.19
158,7.12
426,13.02
457,7.09
574,6.90
417,6.91
509,0.00
412,0.00
243,6.94
838,0.00
989,20.48
173,13.10
787,6.95
860,6.96
253,6.88
46,6.91
16,6.83
487,0.00
348,6.83
944,13.21
98,7.07
606,7.00
794,0.00
544,7.18
77,7.25
674,7.09
907,0.00
580,7.17
456,0.00
505,7.15
714,13.41
714,7.38
548,7.26
137,0.00
960,13.34
628,13.52
165,7.39
447,7.50
930,7.49
708,7.50
152,7.41
255,7.32
346,7.47
639,0.00
988,7.38
729,0.00
759,7.43
757,0.00
463,7.47
23,7.61
287,7.57
102,7.61
954,19.82
178,7.47
198,0.00
867,0.00
990,7.34
449,7.41
886,7.44
800,7.39
434,7.28
646,0.00
534,7.17
802,0.00
692,7.35
709,0.00
515,7.41
504,0.00
264,7.47
225,7.33
525,7.34
633,7.35
876,0.00
806,7.13
202,7.14
656,7.07
790,7.08
128,6.93
749,7.21
362,7.10
732,14.03
759,6.99
655,7.03
27,6.84
218,6.94
642,0.00
569,6.86
691,13.68
850,6.88
25,6.98
620,0.00
31,6.81
860,13.56
170,6.85
478,0.00
186,6.80
302,6.91
614,0.00
709,6.70
177,6.60
167,6.78
590,0.00
13,6.63
140,6.69
923,6.48
517,13.61
39,6.62
579,0.00
571,0.00
972,6.40
710,6.50
408,6.55
750,0.00
963,13.94
401,6.33
247,6.33
668,6.43
654,6.40
831,6.33
147,6.39
550,6.33
352,6.34
634,6.14
393,6.25
37,6.28
586,0.00
625,0.00
893,0.00
77,6.34
438,6.31
461,6.32
949,6.30
457,6.24
219,6.33
817,0.00
902,13.66
665,0.00
924,6.36
182,6.26
186,6.17
686,0.00
374,6.06
164,5.98
503,0.00
600,0.00
139,5.99
535,6.02
522,0.00
962,5.95
371,5.93
204,5.88
35,5.96
675,0.00
415,6.02
6,5.94
796,12.84
116,12.88
593,5.95
146,0.00
682,12.81
991,12.81
119,6.04
503,0.00
791,25.96
814,13.18
326,6.00
365,6.04
429,6.04
266,6.10
654,0.00
309,5.97
737,5.96
903,12.68
788,5.94
6,6.20
216,6.18
425,0.00
135,0.00
310,6.09
357,6.12
736,0.00
606,6.10
347,0.00
915,6.32
197,6.22
255,6.23
382,6.28
377,0.00
974,0.00
32,6.35
29,6.33
702,0.00
996,0.00
496,6.36
766,12.75
463,0.00
563,20.15
908,12.98
401,6.62
434,6.63
437,6.51
783,6.53
606,6.72
904,6.72
662,6.69
687,6.74
263,6.81
315,6.69
897,0.00
151,6.86
84,6.64
33,6.65
119,6.64
812,12.98
463,6.64
924,6.73
748,6.63
603,6.49
534,6.55
881,6.63
936,6.65
458,6.68
748,0.00
450,0.00
972,6.74
434,6.83
441,0.00
964,6.82
295,6.79
29,0.00
192,6.90
167,6.76
545,0.00
575,6.66
59,6.78
628,0.00
160,6.79
788,0.00
907,6.81
877,12.78
78,6.75
445,6.80
128,6.81
883,6.71
894,12.75
891,6.93
715,6.91
901,6.89
573,0.00
90,6.99
772,0.00
755,7.07
190,7.12
961,7.15
227,7.29
839,7.21
234,7.28
815,6.96
538,6.96
712,0.00
411,7.11
494,0.00
87,7.19
478,0.00
110,7.00
422,0.00
247,6.98
26,6.98
967,0.00
946,6.74
32,6.73
475,6.79
920,19.48
160,6.83
183,0.00
984,6.74
48,6.65
337,6.66
221,6.57
410,0.00
114,0.00
514,6.63
801,0.00
822,6.54
455,0.00
652,6.48
157,6.57
540,0.00
56,6.48
855,0.00
376,6.41
550,6.41
485,0.00
349,6.57
785,0.00
409,6.53
943,13.01
424,6.76
607,6.53
800,6.57
728,0.00
301,6.42
180,6.41
841,0.00
496,6.24
784,0.00
400,6.22
820,6.33
24,6.43
581,0.00
648,6.30
516,6.37
256,6.41
32,6.51
11,6.41
32,6.41
542,6.30
936,0.00
740,6.33
510,6.45
548,0.00
532,6.35
844,6.25
425,6.21
659,6.13
263,6.05
647,6.12
591,0.00
161,0.00
743,0.00
581,0.00
834,5.81
531,5.84
968,5.89
27,5.75
289,5.67
989,5.62
159,5.67
104,5.71
410,5.71
451,5.76
633,0.00
679,12.56
685,5.88
844,12.63
77,5.88
304,0.00
572,5.87
538,5.92
963,0.00
218,5.96
394,5.96
289,5.88
984,6.00
244,6.20
794,5.96
491,6.09
570,5.91
75,5.93
709,5.94
399,6.07
272,5.97
388,5.83
792,0.00
976,5.93
472,5.98
552,6.08
137,6.21
268,6.14
445,6.07
973,0.00
656,0.00
956,12.73
890,12.70
902,6.20
398,6.23
990,19.17
53,6.27
852,6.40
414,6.22
407,6.35
521,0.00
476,6.19
748,0.00
579,0.00
126,6.36
648,6.43
798,0.00
881,6.60
552,0.00
923,13.07
318,6.69
995,13.03
139,6.80
586,13.11
841,13.22
426,19.84
74,6.80
712,12.86
504,6.90
494,0.00
575,6.81
59,6.86
449,0.00
979,6.85
368,6.89
191,7.02
761,12.76
144,7.08
797,12.90
146,6.95
329,7.07
845,0.00
166,6.90
510,0.00
942,6.84
339,6.96
239,7.03
168,6.89
114,6.81
760,6.73
1,6.73
273,6.64
878,0.00
392,6.64
338,6.72
253,6.73
969,12.52
450,6.67
862,12.58
769,6.72
209,6.63
673,6.89
338,6.65
281,6.60
712,6.60
497,6.57
8,6.58
579,0.00
430,6.35
494,6.35
173,6.35
476,0.00
937,6.38
880,6.31
782,6.39
131,6.54
250,6.41
474,6.30
487,6.37
985,12.60
603,6.45
346,6.34
475,12.61
962,6.46
382,6.56
980,6.34
912,6.35
37,6.17
271,6.32
845,6.33
328,6.36
632,6.16
851,6.19
67,6.26
792,0.00
408,6.18
460,0.00
644,0.00
812,12.80
566,0.00
976,12.78
141,5.94
179,12.89
655,5.87
833,19.09
523,5.70
254,12.73
94,5.77
37,5.69
3,5.66
37,5.77
647,0.00
822,12.57
37,5.66
914,5.58
134,5.59
941,12.55
660,5.59
62,5.57
882,5.48
119,5.61
321,5.49
675,5.43
159,5.50
632,0.00
863,5.55
146,5.56
17,5.62
297,5.59
885,0.00
92,5.62
299,5.56
945,5.59
405,5.60
141,0.00
85,5.48
451,12.13
593,0.00
160,5.39
144,5.34
386,0.00
151,5.44
651,5.49
134,5.60
236,5.45
587,0.00
283,5.46
837,5.44
381,5.53
156,5.53
180,5.59
736,5.50
969,5.53
170,5.41
145,5.35
594,0.00
265,5.31
194,5.24
399,0.00
282,5.25
250,5.23
875,0.00
273,5.24
902,11.65
21,5.28
112,5.23
761,0.00
720,5.31
369,5.31
324,5.36
286,5.17
170,5.11
975,0.00
259,5.00
118,5.10
367,4.99
591,0.00
485,4.97
461,5.05
152,5.07
860,0.00
520,5.14
811,11.11
758,11.13
892,11.17
848,5.26
407,0.00
406,5.22
928,5.30
61,5.31
175,5.31
756,10.82
912,5.39
404,5.41
213,5.30
524,0.00
404,5.43
645,0.00
994,5.47
284,5.51
421,5.50
307,5.63
788,0.00
627,5.74
977,5.59
580,5.71
950,11.24
349,5.70
741,5.82
640,0.00
928,5.95
390,6.08
972,18.17
255,6.12
105,0.00
85,6.08
302,6.05
805,5.96
730,6.10
844,6.12
725,6.41
752,6.31
167,6.40
933,0.00
266,6.52
700,0.00
829,6.68
554,6.73
978,6.81
806,0.00
87,6.80
967,6.80
689,0.00
697,6.85
185,0.00
854,6.99
172,6.84
163,6.93
90,6.83
380,6.94
662,0.00
987,12.22
108,6.87
982,0.00
814,0.00
498,6.90
97,7.12
579,0.00
752,7.03
809,7.07
747,7.11
722,7.19
612,0.00
517,6.99
55,7.18
524,7.07
586,0.00
695,12.36
393,7.10
423,0.00
217,6.97
679,7.26
506,7.16
340,6.99
646,7.24
557,7.04
831,0.00
55,7.14
915,7.11
978,7.12
16,0.00
98,7.02
94,6.86
165,6.91
532,0.00
540,0.00
982,6.86
421,6.86
965,0.00
454,6.88
378,6.90
84,6.95
612,6.83
727,6.83
666,12.58
363,6.84
644,0.00
839,6.85
748,6.88
916,0.00
913,0.00
792,12.84
591,6.94
394,6.98
52,6.90
968,18.40
759,13.14
136,7.15
163,6.97
364,7.12
646,0.00
659,0.00
132,6.94
402,0.00
106,6.70
339,0.00
254,6.60
608,0.00
128,6.57
246,6.51
378,13.05
997,6.49
354,6.39
639,6.35
100,6.29
73,6.20
197,6.17
979,18.27
498,6.15
218,0.00
296,6.06
17,6.21
177,6.12
888,6.02
97,6.09
796,0.00
516,0.00
151,6.28
627,6.05
497,0.00
533,6.12
39,6.16
950,0.00
992,6.19
292,6.33
425,6.35
537,0.00
940,0.00
383,6.41
402,6.39
769,0.00
567,6.51
43,0.00
797,18.82
317,6.60
711,13.51
576,13.81
209,0.00
631,6.54
477,0.00
439,6.50
482,0.00
35,6.53
845,6.51
410,0.00
591,13.79
293,6.63
948,31.77
205,6.60
575,6.60
183,0.00
185,6.67
567,6.57
258,6.54
245,6.47
955,6.42
527,0.00
418,6.42
422,6.40
297,6.36
247,6.37
488,0.00
331,6.14
790,6.15
50,5.98
63,5.99
111,5.85
361,0.00
613,12.81
592,0.00
492,5.91
871,5.91
966,12.97
28,5.86
49,0.00
778,0.00
75,5.92
136,6.06
685,6.04
996,0.00
292,6.11
614,6.12
473,19.22
336,6.17
222,12.40
287,6.14
508,0.00
790,12.64
842,6.15
992,6.36
220,6.27
577,6.33
804,6.38
727,12.58
15,6.33
459,6.35
107,6.35
595,0.00
663,6.17
326,0.00
9,6.18
817,0.00
500,6.20
99,6.06
216,5.97
201,6.03
352,6.02
618,0.00
111,5.83
540,0.00
4,5.83
28,5.84
734,0.00
134,5.75
652,0.00
366,12.49
750,5.95
945,37.77
426,6.12
616,6.08
432,6.12
174,6.23
567,6.09
451,6.10
602,0.00
417,6.14
996,12.95
623,13.15
321,6.49
592,6.42
821,6.58
987,6.49
599,6.57
709,6.67
296,6.78
610,0.00
778,13.32
592,6.78
800,6.89
260,0.00
882,6.79
550,6.85
217,7.07
57,7.02
389,7.02
652,7.02
861,7.09
77,0.00
715,7.06
305,7.17
84,7.00
894,7.02
254,7.14
605,6.92
479,6.93
88,7.01
310,6.87
534,6.81
654,0.00
912,6.72
490,6.78
600,0.00
416,0.00
317,6.93
139,6.93
303,0.00
377,7.01
803,0.00
977,13.04
218,6.94
794,0.00
988,13.10
332,6.84
345,13.22
127,6.80
751,13.07
416,6.79
631,6.73
61,6.74
164,0.00
245,6.68
169,6.74
962,0.00
12,6.61
709,0.00
467,0.00
518,6.66
335,6.79
587,0.00
121,6.62
691,6.61
366,0.00
325,6.69
429,6.83
427,0.00
919,12.55
500,6.82
754,6.83
193,6.55
419,6.64
623,6.65
581,0.00
48,6.50
706,0.00
416,0.00
843,12.61
535,12.66
367,0.00
771,12.55
92,6.23
437,12.50
688,6.19
959,0.00
252,5.89
542,5.90
465,0.00
908,12.68
190,5.95
390,0.00
302,5.91
672,0.00
406,5.89
78,5.98
555,0.00
374,5.79
101,5.89
540,0.00
19,5.90
852,0.00
892,18.85
231,5.89
78,5.92
819,0.00
764,5.84
960,5.95
96,5.93
353,5.93
243,6.09
51,6.04
710,0.00
809,6.03
466,6.11
826,6.05
815,0.00
385,6.16
442,6.20
936,0.00
696,6.16
923,12.97
518,6.12
785,6.19
973,6.37
806,13.16
36,6.39
221,6.37
512,13.17
888,6.49
270,6.51
915,6.55
922,6.59
65,6.60
782,6.62
117,6.70
430,6.62
411,6.68
266,6.57
747,0.00
594,6.54
592,6.52
587,6.59
177,6.66
708,6.51
634,0.00
425,0.00
803,6.46
49,0.00
799,6.56
911,25.96
747,19.20
631,6.55
211,6.55
882,13.04
718,6.66
400,6.69
56,6.72
433,6.71
356,6.75
955,13.04
471,0.00
60,6.75
487,6.79
734,6.83
906,12.99
619,6.84
912,6.94
156,6.83
291,6.89
84,6.98
521,6.96
852,6.88
551,0.00
327,6.91
314,6.96
837,6.81
777,0.00
3,6.86
65,6.95
865,6.87
611,0.00
675,19.87
523,7.06
569,7.14
592,7.15
557,0.00
611,0.00
650,13.10
741,13.19
148,7.11
737,0.00
65,7.33
779,7.29
330,7.40
693,7.28
68,0.00
191,7.43
951,13.56
703,7.42
302,7.60
337,7.57
225,7.72
865,7.67
255,7.79
358,7.62
150,7.65
970,40.01
145,7.59
933,13.88
540,13.78
147,7.42
30,7.37
198,7.22
459,0.00
879,0.00
914,13.83
316,7.22
726,0.00
374,7.25
287,7.13
762,7.16
383,7.25
908,7.13
137,7.22
273,7.06
893,7.06
229,7.23
231,7.10
472,7.01
310,7.01
580,0.00
902,13.74
106,7.03
664,7.09
731,7.09
65,6.86
466,0.00
500,0.00
65,6.87
866,6.87
749,13.70
277,6.97
171,0.00
398,0.00
864,0.00
927,0.00
644,7.03
58,7.09
856,13.94
116,7.10
938,6.90
511,0.00
939,7.01
757,0.00
569,6.99
916,7.19
222,7.18
857,0.00
734,7.21
50,7.35
16,0.00
155,7.21
322,7.20
131,7.20
775,0.00
310,7.29
870,0.00
661,14.11
943,7.25
284,7.26
14,7.17
797,6.97
689,14.31
73,7.04
206,6.74
975,6.65
658,6.71
990,0.00
267,6.79
244,0.00
431,0.00
346,6.54
599,0.00
781,6.50
72,6.59
971,0.00
35,6.53
315,6.51
752,6.53
755,0.00
499,14.06
310,6.59
186,13.97
346,13.88
21,6.47
740,6.53
313,6.50
289,6.57
270,6.67
611,0.00
411,6.51
564,0.00
872,13.76
437,6.62
108,6.57
316,6.64
943,0.00
265,6.58
625,0.00
807,6.66
128,6.57
15,6.56
906,6.55
497,6.68
373,0.00
175,6.60
527,0.00
503,0.00
804,6.65
834,13.57
770,6.72
150,6.66
151,6.57
728,6.52
756,6.52
137,6.63
35,6.51
356,6.52
250,6.39
388,6.34
837,6.33
916,6.41
615,13.40
458,6.48
122,6.37
801,6.33
788,0.00
197,6.27
900,6.09
639,0.00
559,0.00
567,5.97
741,0.00
565,6.17
138,6.18
558,0.00
774,13.20
470,0.00
485,6.13
986,6.03
257,6.01
878,6.06
51,6.15
942,6.14
88,6.24
867,6.08
585,6.18
178,6.14
410,6.04
710,0.00
129,0.00
44,6.04
341,6.07
819,0.00
420,5.93
527,0.00
812,0.00
764,6.01
132,5.94
280,5.97
988,12.54
26,5.97
799,6.01
549,6.01
983,5.88
296,5.81
697,0.00
822,19.63
146,5.98
485,0.00
825,5.95
962,5.93
297,5.86
907,0.00
367,6.02
562,6.01
272,6.16
907,6.04
791,12.71
89,6.18
36,6.01
474,6.04
893,12.77
328,6.17
236,12.70
825,6.17
699,6.21
99,6.36
615,0.00
898,6.25
254,6.42
575,0.00
728,0.00
856,0.00
769,0.00
843,0.00
893,13.13
63,6.61
235,6.68
549,6.54
752,6.52
80,6.53
177,6.54
568,12.53
833,6.54
24,6.48
171,6.51
731,0.00
392,6.36
165,6.39
63,6.33
568,0.00
472,6.36
935,6.21
252,12.38
105,6.34
474,0.00
780,6.44
475,6.43
722,0.00
800,12.60
374,6.52
937,0.00
977,6.52
608,6.69
310,0.00
417,6.52
604,0.00
332,6.50
242,6.49
863,0.00
701,6.50
707,0.00
745,6.61
636,0.00
629,0.00
546,6.72
950,6.81
893,19.40
333,7.01
334,6.93
96,6.90
625,0.00
993,6.85
443,6.87
354,6.90
538,6.74
46,6.83
897,0.00
388,6.89
653,0.00
74,6.66
529,0.00
974,0.00
942,6.69
680,6.73
926,6.74
234,6.62
505,6.57
739,12.85
33,6.68
383,6.57
469,6.43
92,6.44
410,6.38
830,6.33
866,6.55
165,6.48
841,0.00
974,6.34
201,6.48
553,0.00
469,6.55
592,0.00
912,13.02
26,6.50
325,6.35
856,6.52
166,6.48
419,6.42
722,0.00
989,6.61
272,6.72
472,6.76
333,6.62
448,6.69
672,0.00
531,6.66
602,0.00
346,6.81
85,6.82
670,6.69
944,6.75
272,6.76
408,6.86
615,6.65
309,0.00
703,0.00
850,6.71
124,6.72
468,6.64
690,6.48
456,0.00
853,13.07
806,6.71
277,6.72
44,6.70
812,6.67
669,0.00
747,6.70
140,6.81
539,6.66
288,6.67
139,6.53
105,6.56
981,19.18
508,13.19
462,6.56
409,6.37
715,13.22
179,6.42
905,13.32
246,6.42
681,0.00
530,6.49
913,0.00
199,6.60
851,6.63
561,6.73
932,6.70
362,6.67
62,6.76
971,6.67
685,6.81
479,0.00
479,6.88
476,0.00
204,6.83
480,6.90
993,6.96
537,0.00
938,0.00
566,6.84
121,6.97
867,0.00
900,6.91
602,6.79
684,0.00
988,6.69
925,6.60
269,6.58
845,0.00
692,13.14
25,6.68
252,6.65
368,0.00
731,0.00
849,6.41
540,0.00
867,6.53
203,6.63
772,6.49
145,0.00
814,6.53
723,6.43
142,6.44
715,0.00
151,6.49
978,6.39
358,6.41
646,6.47
209,6.43
55,6.33
758,6.40
830,6.50
665,6.40
891,0.00
924,19.64
5,6.68
992,13.16
35,6.67
70,6.60
865,6.60
559,0.00
265,6.63
864,6.54
751,6.77
316,6.79
403,0.00
332,6.79
399,0.00
673,6.92
945,26.27
776,20.33
32,6.96
83,7.06
66,7.03
867,0.00
376,6.88
672,0.00
667,6.73
462,6.74
291,6.69
742,6.66
903,6.74
664,0.00
68,6.56
85,6.38
677,0.00
314,6.42
888,6.48
15,6.58
396,0.00
948,13.30
987,6.48
867,13.39
41,6.43
953,13.37
855,6.61
369,6.64
781,0.00
505,6.54
663,6.66
4,6.75
878,6.61
549,6.63
684,6.75
839,6.84
803,0.00
550,6.63
212,6.75
873,0.00
545,6.90
131,6.97
183,6.88
424,6.81
188,6.82
994,6.73
439,6.82
250,6.89
664,0.00
804,20.06
479,6.96
657,6.78
200,6.93
927,6.90
641,6.93
252,6.86
489,6.99
450,0.00
973,6.89
64,7.03
168,7.04
680,0.00
586,6.93
723,6.91
127,0.00
24,6.83
532,0.00
461,13.23
470,6.68
620,6.44
497,6.57
970,6.62
55,6.63
850,0.00
654,6.54
706,0.00
399,6.56
293,6.45
633,0.00
397,13.44
880,6.45
648,6.26
342,13.42
189,6.26
34,6.29
28,6.33
779,0.00
488,6.30
850,6.26
55,6.35
504,6.23
977,12.98
978,6.36
748,0.00
16,6.39
508,0.00
1000,13.11
880,6.53
225,6.54
537,6.64
710,0.00
428,6.43
124,6.50
272,6.56
736,0.00
43,6.50
535,13.13
934,6.56
846,0.00
431,0.00
474,6.44
119,6.30
997,6.22
577,13.04
213,6.43
40,6.43
347,6.31
907,6.23
528,0.00
718,6.11
889,0.00
294,6.11
184,6.11
734,0.00
723,6.12
64,6.16
825,6.09
33,0.00
989,0.00
677,0.00
695,6.19
459,6.12
223,6.13
310,5.98
291,6.08
269,5.96
132,5.90
231,5.81
71,5.82
947,5.75
593,5.88
106,5.96
21,5.77
285,5.80
902,5.76
752,5.83
694,5.71
487,5.88
200,5.67
240,5.74
694,5.67
619,0.00
767,12.22
391,5.79
903,5.84
26,5.78
238,5.83
349,5.76
540,5.84
460,5.85
692,0.00
181,5.89
774,5.84
977,19.15
331,5.98
272,6.08
214,6.02
686,6.06
889,6.13
473,0.00
682,12.40
17,6.03
338,5.88
479,6.02
308,5.86
725,0.00
713,12.39
788,12.47
601,6.00
142,6.07
688,5.82
974,5.96
705,6.00
184,5.98
388,5.84
97,6.06
664,0.00
27,5.95
725,12.50
499,6.05
515,6.06
10,5.95
765,12.37
942,18.97
665,0.00
421,6.00
472,0.00
118,6.13
991,6.13
852,12.47
777,6.39
691,6.37
718,0.00
838,6.32
82,6.46
217,6.42
963,6.32
584,6.38
718,6.43
501,6.47
153,6.37
961,0.00
656,6.35
521,12.43
820,6.70
687,0.00
680,6.66
455,6.56
753,0.00
186,6.80
929,6.79
129,6.92
75,6.97
764,0.00
856,0.00
506,6.89
797,6.92
621,6.93
780,7.10
721,7.11
169,7.10
65,6.94
165,7.06
466,6.99
54,0.00
718,7.05
270,7.16
143,7.11
18,6.97
412,12.76
507,6.92
298,6.98
641,6.82
741,0.00
999,6.94
850,19.08
72,7.01
562,6.95
299,7.03
270,6.97
234,6.85
351,6.74
435,6.81
348,6.75
15,0.00
76,6.82
30,6.68
755,6.68
14,6.85
414,6.71
565,6.67
562,0.00
171,6.74
211,6.76
171,6.66
303,0.00
128,6.66
910,0.00
501,6.73
502,6.79
761,6.80
11,6.73
254,6.52
91,6.63
382,6.59
8,6.66
543,0.00
580,6.58
898,6.56
191,6.56
510,12.38
383,6.52
974,6.38
10,6.40
141,6.42
483,0.00
378,6.40
179,6.40
713,12.58
954,6.34
913,6.35
163,6.36
58,6.19
115,6.07
999,0.00
463,6.12
676,0.00
575,0.00
107,6.14
604,6.10
196,6.16
48,6.03
980,0.00
589,12.43
236,5.82
805,5.88
192,5.71
86,5.74
161,5.67
374,5.50
571,0.00
300,5.65
116,5.61
310,5.68
763,0.00
688,5.59
8,5.70
897,0.00
360,0.00
630,5.65
887,0.00
438,5.67
705,5.74
699,0.00
825,0.00
369,5.75
517,5.79
13,5.86
323,5.89
780,0.00
798,0.00
921,5.92
581,12.86
23,6.03
235,5.89
321,12.69
861,5.91
909,0.00
104,5.77
661,0.00
788,5.97
682,6.01
198,6.13
184,6.07
964,6.17
654,12.98
841,6.37
659,6.15
490,0.00
161,6.28
104,0.00
159,6.51
121,6.39
853,6.30
400,6.30
763,6.47
971,0.00
976,13.02
425,6.36
53,6.43
996,6.36
10,6.44
174,6.45
649,6.44
800,6.54
782,6.59
453,0.00
93,6.44
161,6.33
141,6.44
353,6.29
747,6.32
806,6.41
340,6.37
370,0.00
765,12.84
386,6.33
608,6.47
54,6.61
857,6.38
97,6.50
949,0.00
570,0.00
553,6.51
226,6.69
201,6.64
198,6.57
657,0.00
146,6.61
882,6.61
291,6.69
679,6.71
346,6.71
916,0.00
586,6.74
961,6.86
54,6.87
663,6.64
602,6.74
147,6.75
956,0.00
967,6.77
273,6.91
603,0.00
68,6.81
971,0.00
977,6.81
713,6.91
617,6.71
511,0.00
775,6.75
655,0.00
117,7.04
218,7.04
255,7.00
765,6.98
854,6.99
995,12.99
403,7.25
658,0.00
672,7.07
396,7.32
297,7.32
734,7.40
598,7.39
552,7.44
45,7.39
647,0.00
20,7.24
573,0.00
855,7.17
583,0.00
925,7.12
23,7.12
798,6.99
498,0.00
238,6.97
476,0.00
585,7.05
780,7.07
736,7.04
767,7.18
146,7.06
867,7.17
37,7.03
626,0.00
878,13.60
657,0.00
70,7.21
890,0.00
446,7.27
999,0.00
59,7.27
593,7.35
483,7.43
824,7.15
145,7.32
892,0.00
557,19.88
602,7.35
70,7.11
97,7.16
264,7.04
30,7.14
534,0.00
338,7.06
469,0.00
909,6.88
127,6.97
406,6.97
895,6.97
701,7.07
651,0.00
908,7.02
620,7.12
187,6.87
420,6.98
814,6.90
71,6.85
265,0.00
653,6.97
823,0.00
6,6.84
626,6.76
35,6.88
347,0.00
616,6.69
173,6.69
55,6.63
615,0.00
813,0.00
487,6.32
459,6.31
931,6.40
456,6.41
246,6.36
239,6.09
643,0.00
623,0.00
404,6.01
663,6.09
786,6.11
505,6.08
806,5.93
789,5.96
494,0.00
715,5.96
534,6.12
530,5.88
52,5.99
842,0.00
702,0.00
994,5.95
672,6.03
641,0.00
901,13.06
169,5.83
532,5.86
540,5.93
453,5.96
844,5.93
154,5.83
359,5.79
482,0.00
981,5.78
307,5.88
648,0.00
430,5.71
659,5.72
940,5.82
856,5.83
66,5.78
864,5.89
450,6.02
524,6.00
262,6.06
784,0.00
883,6.07
240,6.07
234,0.00
467,6.09
836,0.00
670,6.02
465,0.00
783,13.19
346,6.19
73,6.11
892,13.02
235,6.16
749,6.11
464,0.00
767,6.10
681,0.00
781,6.12
502,0.00
233,6.10
584,0.00
831,0.00
992,12.98
155,6.29
342,6.19
407,6.25
473,6.27
316,6.24
924,0.00
892,6.23
551,0.00
825,6.36
664,6.41
389,6.44
750,0.00
341,6.27
710,0.00
537,6.57
415,12.48
624,6.63
511,6.45
737,6.46
902,0.00
685,6.56
427,6.53
792,0.00
573,6.49
778,6.60
441,6.65
609,0.00
518,19.63
855,6.70
332,6.63
780,6.67
923,6.55
919,6.69
811,6.69
946,6.80
432,0.00
334,6.88
531,0.00
922,7.10
179,7.21
439,0.00
562,7.05
466,7.06
556,7.21
616,7.19
679,0.00
511,7.05
58,7.08
52,7.03
636,7.03
906,0.00
804,6.99
667,0.00
252,7.20
906,0.00
823,13.34
230,7.40
306,7.23
661,0.00
275,7.33
146,7.35
879,13.48
179,7.38
880,13.45
135,7.33
273,7.33
660,7.66
446,7.52
208,7.39
143,7.46
175,7.28
212,7.31
153,7.26
199,7.14
527,0.00
301,7.14
375,7.21
649,7.22
938,7.08
565,0.00
870,7.29
189,7.42
874,7.37
156,7.41
631,7.32
676,7.37
343,7.21
77,7.33
474,7.28
705,19.71
555,19.56
693,19.52
286,7.03
438,6.92
331,0.00
679,13.39
601,6.99
822,6.97
445,0.00
304,6.98
846,0.00
211,6.89
513,0.00
539,19.43
565,13.49
670,6.88
640,6.89
615,6.83
989,13.62
695,13.47
34,6.64
327,6.68
611,6.40
70,6.55
459,0.00
645,6.31
877,0.00
858,13.47
381,6.40
172,6.25
836,13.67
579,6.47
456,0.00
791,6.67
406,6.51
661,0.00
261,6.51
968,0.00
999,6.69
224,6.63
279,6.41
774,0.00
197,6.32
331,6.24
366,6.26
658,6.29
255,6.20
32,6.33
218,6.25
170,6.27
600,0.00
377,6.23
781,6.14
162,6.08
563,6.08
128,6.07
156,6.07
639,0.00
228,6.10
678,0.00
807,6.15
305,6.06
428,5.94
728,0.00
488,5.92
431,0.00
45,6.00
45,5.98
213,5.86
585,0.00
872,5.77
992,0.00
153,13.37
447,13.15
410,6.09
652,6.10
483,0.00
820,19.88
946,13.18
838,13.26
381,13.12
635,13.13
969,6.18
114,6.04
774,5.98
548,0.00
985,5.99
389,6.16
156,0.00
946,6.11
547,0.00
451,12.88
777,19.49
515,13.08
981,6.35
225,13.04
651,13.18
318,6.38
136,6.45
469,6.30
312,6.38
771,0.00
866,6.36
463,6.38
595,6.39
596,6.44
334,6.30
269,6.25
694,0.00
330,6.19
397,6.13
177,6.13
995,6.11
370,6.03
563,0.00
835,6.09
286,6.00
40,6.15
745,0.00
623,6.03
70,6.11
455,0.00
717,0.00
621,6.11
134,6.17
809,6.14
356,6.22
711,12.44
501,6.33
800,6.39
418,6.17
353,6.30
816,0.00
125,6.38
199,0.00
876,6.50
389,12.63
657,12.64
433,6.56
777,12.78
718,6.57
539,6.69
561,0.00
693,6.54
50,6.64
198,6.63
791,6.60
674,6.76
199,6.86
256,6.81
824,0.00
172,6.79
778,0.00
401,0.00
922,13.03
474,6.81
329,13.05
562,6.86
15,6.88
437,0.00
871,13.20
575,6.88
72,6.97
444,0.00
756,13.22
813,7.18
97,7.17
906,13.16
614,7.27
794,0.00
665,13.31
358,7.20
25,7.29
852,0.00
116,7.26
560,13.39
709,7.14
656,13.40
140,7.18
173,7.31
303,7.22
105,13.53
965,7.30
600,7.22
486,7.23
819,0.00
418,0.00
692,7.11
507,7.11
799,7.06
945,7.07
131,7.18
951,7.18
544,7.31
419,7.13
473,7.20
362,7.12
770,7.08
775,0.00
65,7.13
815,7.13
25,7.00
315,6.94
828,6.96
109,7.07
440,0.00
263,6.87
160,6.89
609,6.90
262,6.79
459,6.66
286,0.00
443,6.58
883,6.64
455,0.00
513,6.86
457,6.86
638,0.00
536,13.45
352,6.91
391,6.69
28,6.77
895,0.00
441,0.00
195,6.66
966,0.00
542,6.69
523,0.00
189,6.56
530,6.47
714,13.23
654,6.51
419,6.49
618,6.50
191,6.42
970,6.33
193,6.33
518,0.00
449,6.30
67,6.18
303,6.21
444,6.20
915,0.00
90,6.13
973,0.00
351,13.44
330,6.11
307,6.03
193,6.00
937,13.10
739,5.94
686,0.00
735,0.00
75,5.75
73,5.87
91,5.72
674,0.00
239,5.68
369,12.77
804,5.69
363,5.71
314,5.60
358,0.00
836,12.80
851,5.80
532,5.75
559,5.76
110,5.69
968,5.57
745,5.50
832,0.00
168,5.63
794,5.66
980,5.77
58,5.93
388,5.82
810,0.00
435,5.77
657,5.72
933,5.85
34,5.82
286,5.90
605,0.00
657,5.85
889,0.00
416,5.93
601,5.86
780,5.97
766,5.99
784,12.63
506,6.04
342,6.05
37,6.03
606,0.00
46,6.03
629,0.00
225,5.92
384,5.93
532,5.84
772,5.87
222,5.89
766,5.89
656,0.00
40,5.83
998,12.32
640,5.85
72,5.94
895,0.00
919,19.16
21,6.02
558,5.91
492,0.00
385,12.37
289,6.06
429,0.00
578,6.01
81,6.01
862,0.00
288,6.12
193,6.17
954,5.99
210,0.00
509,0.00
418,0.00
580,5.97
384,0.00
939,11.93
553,6.09
916,6.09
306,6.10
174,5.98
895,6.04
248,5.96
286,6.08
758,6.05
415,6.06
780,6.20
714,6.02
806,6.06
994,11.75
28,6.13
423,0.00
835,11.99
721,11.86
969,6.30
329,6.26
463,6.27
624,0.00
885,6.15
602,0.00
611,6.19
288,6.21
392,0.00
291,6.29
717,0.00
984,6.26
869,0.00
65,6.49
985,0.00
653,6.47
113,6.54
357,6.62
123,6.63
956,0.00
917,6.76
289,6.83
277,6.82
707,12.90
581,6.79
7,0.00
615,0.00
891,6.69
209,6.66
587,0.00
872,6.79
304,6.75
995,6.85
804,6.95
921,0.00
248,6.93
863,7.01
73,7.13
11,6.99
398,12.87
995,6.95
948,0.00
715,7.03
552,0.00
886,19.62
89,6.97
759,7.07
66,7.08
169,7.07
94,7.00
489,0.00
769,13.06
10,7.00
263,0.00
155,6.70
330,6.71
395,6.79
905,0.00
477,6.82
514,0.00
957,0.00
695,7.07
176,7.12
650,0.00
622,0.00
631,13.30
319,13.09
528,7.11
595,6.99
13,7.06
858,0.00
372,7.12
183,6.98
770,0.00
463,7.02
202,7.02
734,0.00
964,13.13
446,6.94
206,6.86
682,0.00
304,6.97
44,6.88
845,13.11
385,6.84
669,0.00
676,6.72
211,6.77
232,0.00
737,6.74
227,0.00
583,6.71
50,6.72
763,0.00
494,6.61
86,6.56
830,6.45
736,0.00
30,6.56
583,0.00
163,6.37
965,0.00
335,6.27
751,0.00
623,6.28
657,6.37
36,6.38
632,13.05
893,6.40
154,6.56
203,6.28
529,0.00
122,6.23
660,0.00
819,13.17
266,6.21
733,0.00
731,6.02
346,6.11
339,6.07
21,6.16
982,12.89
155,6.04
389,5.85
448,0.00
218,5.84
723,0.00
152,5.83
972,12.78
489,5.88
133,5.81
876,5.94
880,12.85
446,6.12
122,6.16
693,6.07
199,0.00
318,6.04
486,12.80
285,6.08
579,0.00
376,5.90
982,5.78
177,5.96
916,0.00
416,6.02
768,5.97
647,6.12
553,6.13
758,6.14
189,0.00
412,5.99
646,6.06
473,0.00
911,5.99
115,6.03
480,6.04
5,5.97
122,0.00
549,12.77
248,6.03
304,6.01
864,0.00
846,19.16
237,5.98
751,0.00
829,12.93
4,5.92
769,12.90
565,5.92
877,5.90
496,5.94
29,5.89
988,0.00
340,5.89
244,5.95
879,6.03
989,6.06
415,6.15
659,6.00
784,6.04
800,6.16
887,6.20
836,6.16
544,0.00
88,6.25
575,0.00
815,6.23
834,0.00
248,6.21
162,6.22
504,0.00
452,6.17
885,6.14
328,6.16
545,0.00
359,12.33
673,6.30
300,6.21
586,6.11
809,0.00
581,6.20
653,0.00
464,0.00
677,6.40
375,6.32
969,12.16
542,6.44
599,0.00
810,12.38
755,6.44
573,6.50
912,19.29
32,6.51
76,6.41
46,6.41
121,0.00
234,6.45
688,6.51
944,0.00
788,6.69
165,6.71
974,6.65
622,0.00
943,6.70
933,6.70
122,6.72
273,0.00
710,19.94
15,6.87
779,12.96
95,6.70
988,20.15
218,6.92
112,6.84
894,6.87
715,12.93
719,6.94
444,6.98
385,6.89
173,0.00
519,0.00
814,6.85
400,6.86
654,7.00
856,0.00
763,6.96
563,7.04
778,6.97
201,7.07
409,7.08
540,0.00
719,6.85
284,6.87
329,6.78
587,6.88
668,0.00
600,6.77
202,6.86
854,0.00
97,6.71
903,0.00
761,6.69
708,6.77
226,6.83
515,6.81
650,6.65
991,19.34
915,6.84
877,6.95
554,6.89
715,6.99
564,0.00
688,0.00
337,7.14
624,0.00
781,7.16
86,7.11
179,7.07
910,13.33
255,7.07
988,7.04
412,7.10
381,7.02
288,6.93
793,6.90
809,6.92
119,6.97
545,6.63
198,0.00
751,6.60
3,6.60
510,0.00
429,6.46
70,6.49
389,6.33
381,6.20
427,0.00
26,6.13
686,12.66
562,6.15
535,5.99
33,5.94
979,18.81
252,5.77
760,6.01
143,5.73
643,0.00
408,5.88
456,5.78
559,0.00
685,5.81
563,5.90
470,5.79
807,5.87
576,12.58
409,5.83
844,0.00
340,5.87
617,0.00
26,5.73
559,5.80
250,5.77
825,0.00
264,5.80
312,5.82
914,12.61
502,0.00
457,5.73
218,5.77
616,5.68
280,0.00
27,5.78
161,5.60
716,0.00
566,0.00
974,5.61
462,5.75
485,5.58
801,5.69
641,5.70
1000,5.71
522,5.73
185,5.67
63,5.44
703,5.34
82,5.46
796,5.36
768,5.40
161,5.49
23,5.48
723,0.00
971,5.54
437,5.52
981,18.80
747,5.64
387,5.65
835,5.61
24,5.59
838,0.00
558,5.89
604,12.76
861,12.86
64,6.12
606,0.00
960,6.18
691,0.00
58,6.13
12,6.14
727,0.00
65,6.17
464,0.00
712,6.12
380,6.03
407,0.00
876,6.07
835,6.30
786,6.36
833,6.33
475,12.23
649,6.45
694,12.41
660,6.44
6,6.48
535,0.00
16,6.38
393,0.00
498,12.12
471,6.32
357,0.00
712,18.96
498,12.17
605,12.26
578,12.04
265,6.31
519,6.25
142,6.33
906,6.18
682,0.00
463,6.41
282,6.41
163,6.38
741,0.00
245,6.40
768,0.00
44,6.43
749,0.00
599,12.22
546,6.46
469,0.00
868,6.57
584,0.00
141,6.71
639,6.71
487,6.80
941,12.31
595,0.00
336,6.83
758,6.90
292,6.87
815,6.90
529,6.66
923,6.83
891,12.49
290,7.19
964,7.11
436,7.22
838,7.31
189,7.44
617,0.00
93,7.25
163,7.25
683,0.00
146,7.28
999,0.00
76,7.25
176,7.15
885,7.24
496,7.33
850,7.17
207,7.16
307,7.13
342,7.08
456,7.07
371,7.04
998,0.00
850,19.71
8,7.04
593,6.87
709,6.98
122,7.18
19,7.11
889,0.00
896,7.17
828,7.32
334,7.31
843,0.00
466,7.35
298,7.20
888,13.41
833,19.47
226,7.27
370,7.22
819,13.70
488,7.32
531,0.00
177,7.23
644,7.23
719,7.35
688,7.39
705,7.45
185,7.50
623,0.00
446,0.00
884,19.63
393,7.57
369,0.00
879,14.01
464,13.99
284,7.62
815,7.38
908,0.00
251,7.48
618,7.48
674,0.00
530,7.43
901,7.46
484,0.00
598,7.48
315,7.59
41,7.35
794,0.00
174,7.20
911,7.27
507,7.28
419,14.00
419,7.34
343,7.35
18,7.20
45,7.15
965,0.00
58,7.15
137,7.17
833,0.00
747,0.00
570,0.00
990,6.63
494,0.00
24,6.66
669,6.67
683,6.61
264,6.70
148,6.79
427,6.69
103,6.73
216,6.61
794,0.00
519,0.00
820,6.67
102,6.74
850,0.00
974,14.03
478,6.67
92,6.73
395,6.77
235,6.69
830,6.69
131,0.00
748,19.78
2,6.70
770,6.76
530,6.51
539,6.53
509,0.00
437,6.62
105,6.55
304,6.48
91,6.59
738,0.00
765,0.00
486,13.68
820,13.62
635,6.55
914,6.43
17,6.53
680,0.00
225,6.32
142,6.38
601,6.34
961,6.46
105,6.48
632,0.00
262,6.33
954,6.29
380,6.36
280,6.31
987,6.17
239,0.00
490,13.74
166,6.13
500,6.17
329,6.26
703,13.65
36,6.15
987,0.00
470,0.00
914,6.21
635,6.28
70,6.28
873,0.00
439,6.23
83,6.34
347,6.26
972,0.00
248,6.16
406,6.35
525,0.00
333,6.30
240,6.41
66,6.24
313,0.00
961,6.12
94,6.26
523,6.21
932,0.00
342,6.23
79,6.20
106,6.20
712,6.17
536,6.12
14,6.18
99,6.05
136,6.07
601,0.00
287,5.97
994,0.00
538,6.03
970,6.12
91,6.11
230,5.94
776,0.00
330,5.98
746,0.00
693,5.94
992,25.97
621,0.00
914,25.84
878,6.15
850,6.27
295,6.38
566,6.24
741,0.00
184,6.28
397,6.35
13,6.27
43,6.28
953,0.00
232,6.17
440,12.59
202,6.24
981,0.00
74,6.05
58,6.19
745,0.00
990,20.06
800,0.00
471,6.45
662,6.33
188,6.45
207,6.39
79,6.42
958,0.00
28,6.46
786,0.00
121,6.49
203,6.54
811,6.45
289,6.48
543,0.00
797,12.80
21,6.47
154,6.59
699,0.00
949,6.52
705,6.75
32,6.57
850,12.90
375,6.75
199,6.55
22,6.52
316,6.52
593,6.59
770,6.40
500,12.79
610,6.65
137,0.00
297,6.50
150,6.51
537,0.00
830,0.00
283,6.57
327,6.57
471,0.00
53,0.00
112,6.58
835,6.65
687,12.83
190,6.72
67,6.82
145,6.72
468,6.72
954,6.57
964,0.00
168,6.80
810,6.85
616,6.91
807,0.00
847,6.96
947,6.92
477,6.93
963,7.07
137,7.14
314,7.05
939,12.90
732,7.07
11,7.09
996,6.91
693,13.03
107,7.10
457,6.85
690,12.93
398,6.96
922,6.89
38,6.90
369,6.83
403,0.00
550,6.74
379,6.82
559,6.85
310,6.91
336,6.86
253,6.85
68,0.00
529,0.00
587,0.00
525,19.63
544,6.86
156,6.77
13,0.00
481,0.00
853,13.03
115,6.66
256,6.68
346,6.56
98,0.00
774,0.00
78,6.64
769,0.00
850,13.09
799,6.61
485,0.00
861,6.77
132,6.76
41,6.68
169,6.78
916,0.00
540,6.77
444,0.00
942,19.72
94,6.89
636,0.00
16,6.58
740,6.58
90,6.63
333,6.54
472,6.45
685,6.45
471,6.57
331,6.66
540,0.00
852,0.00
883,6.59
417,6.64
815,6.54
372,6.59
339,6.58
376,6.58
6,0.00
800,0.00
139,6.62
532,0.00
763,13.29
297,6.67
284,0.00
162,6.62
162,6.59
607,0.00
888,6.66
188,6.61
891,6.52
319,6.62
669,0.00
246,6.46
633,0.00
550,13.46
878,6.50
317,6.51
396,6.48
728,0.00
736,13.61
459,6.49
947,0.00
93,6.57
439,6.46
441,0.00
936,19.60
182,6.46
953,26.34
620,13.33
345,6.40
690,13.33
460,6.54
496,6.44
883,6.51
386,6.66
904,0.00
605,6.70
120,6.62
903,6.57
747,6.65
55,6.66
277,6.71
538,0.00
698,13.48
213,6.77
244,6.52
409,6.62
782,6.58
737,6.64
301,0.00
712,6.64
235,0.00
73,6.68
865,6.68
282,6.74
395,0.00
350,0.00
899,6.57
208,6.61
341,6.43
669,0.00
793,13.23
296,6.58
77,6.59
68,6.47
292,6.48
418,0.00
1,6.39
600,6.38
9,6.49
223,6.37
600,6.28
377,6.28
522,0.00
869,0.00
908,12.95
551,12.83
189,6.29
735,6.19
907,6.24
517,6.22
467,6.40
676,6.31
193,0.00
305,6.43
186,6.48
704,0.00
293,6.48
683,0.00
722,0.00
732,6.53
491,0.00
140,6.78
153,6.85
525,6.70
20,6.77
505,0.00
164,6.65
695,0.00
948,13.26
514,6.60
256,0.00
551,13.35
239,6.77
834,6.78
958,6.81
481,6.93
314,7.04
836,13.48
783,6.92
691,7.14
184,7.00
216,7.04
856,13.36
431,7.03
447,7.00
486,0.00
88,7.05
256,7.01
881,0.00
162,6.99
709,0.00
422,7.02
721,13.64
992,7.28
346,7.36
807,0.00
503,7.30
439,0.00
923,14.02
284,7.27
647,7.31
27,7.40
964,0.00
472,7.26
682,13.86
312,7.49
254,7.33
611,7.32
226,7.35
899,13.69
22,7.37
128,7.19
993,0.00
9,7.39
51,7.43
836,0.00
901,7.46
463,7.43
741,7.56
399,7.53
514,0.00
831,7.60
821,20.47
33,7.70
204,0.00
232,7.75
983,13.76
588,7.72
698,7.82
135,7.84
48,7.59
717,7.58
843,0.00
868,7.74
973,0.00
493,7.57
270,7.62
987,0.00
14,7.55
485,0.00
57,7.35
88,7.29
808,0.00
57,7.23
61,7.22
81,7.27
947,7.10
748,7.08
607,0.00
817,7.17
680,6.98
477,6.91
9,6.93
620,0.00
32,6.85
613,0.00
961,13.78
687,20.40
54,6.85
565,6.76
532,6.82
629,6.93
163,6.80
405,6.69
622,6.66
878,13.71
814,6.78
719,13.78
139,6.71
463,6.72
156,6.61
123,6.54
890,0.00
730,6.56
138,6.41
506,0.00
208,13.66
5,6.18
474,0.00
417,6.08
435,6.01
46,6.01
24,6.16
308,5.98
489,6.03
181,5.94
400,0.00
979,13.23
443,5.91
430,0.00
129,5.96
438,0.00
512,5.84
725,13.46
957,13.51
51,5.96
181,5.83
337,0.00
741,5.77
75,5.81
924,0.00
389,5.83
711,0.00
32,5.60
734,5.60
288,5.62
137,5.63
248,5.48
759,0.00
985,12.99
356,5.40
753,0.00
443,5.33
246,5.43
268,5.43
175,5.44
204,5.37
15,5.38
476,0.00
35,5.45
733,5.33
213,5.42
847,5.34
982,12.27
726,12.41
886,5.47
483,0.00
885,5.44
131,5.56
254,5.51
704,0.00
826,12.28
413,5.52
596,0.00
261,5.34
63,5.51
884,12.19
917,12.11
69,5.51
512,5.37
652,0.00
543,5.38
484,5.57
772,12.25
169,5.47
479,5.36
110,5.40
194,5.55
342,5.64
90,5.45
547,5.46
702,0.00
904,12.06
588,12.12
610,5.78
726,12.00
121,5.95
743,5.86
634,6.11
211,6.16
955,12.27
624,6.37
196,6.23
529,0.00
399,0.00
418,6.46
847,6.39
281,6.50
974,6.37
966,6.55
719,0.00
313,6.77
172,6.65
271,6.66
41,6.67
777,0.00
220,6.71
821,6.76
141,6.83
447,6.67
778,0.00
493,6.70
949,6.90
105,6.90
83,6.84
505,0.00
749,6.85
764,12.42
332,6.96
103,0.00
496,6.79
442,7.10
977,6.96
153,7.02
30,6.81
297,6.87
79,6.87
313,6.93
646,12.28
448,6.97
537,6.83
624,0.00
82,7.05
745,12.42
138,6.96
475,6.77
879,12.40
504,0.00
969,6.75
374,0.00
595,12.41
393,6.79
510,6.77
84,6.80
176,6.82
612,12.06
932,6.76
722,0.00
518,6.68
342,6.79
466,6.80
673,6.84
627,19.14
626,12.30
773,6.60
18,6.55
686,0.00
281,6.46
187,6.39
872,0.00
436,6.39
544,6.40
875,12.33
236,6.32
679,6.08
810,0.00
41,6.26
34,6.18
994,12.46
103,6.26
966,6.12
529,0.00
972,0.00
647,6.26
225,6.14
663,0.00
475,0.00
516,6.13
360,6.16
867,6.15
1000,12.78
268,6.32
288,6.07
551,0.00
930,6.06
842,6.15
384,6.17
279,5.99
10,6.04
562,6.00
516,6.01
94,6.09
931,5.94
682,5.99
478,0.00
215,5.89
494,0.00
587,0.00
111,5.81
517,0.00
39,6.06
715,6.03
203,6.08
315,6.08
761,12.87
434,6.08
143,5.86
226,5.94
956,5.94
573,6.02
414,6.03
647,6.11
263,12.77
461,6.07
110,6.10
369,5.88
673,0.00
647,12.89
706,6.08
317,6.14
456,0.00
599,0.00
510,6.04
156,6.15
302,6.12
385,6.18
621,6.21
742,6.22
857,0.00
174,6.11
693,12.92
355,0.00
812,12.99
596,6.34
800,6.24
758,6.40
659,6.27
444,0.00
911,6.28
256,6.43
783,0.00
316,6.41
264,6.34
242,0.00
980,6.39
343,6.42
812,0.00
369,6.32
351,6.34
430,0.00
610,0.00
280,6.26
645,0.00
573,6.14
371,6.18
750,0.00
185,6.11
89,5.96
52,5.89
952,0.00
934,12.22
420,6.18
291,6.03
400,6.07
843,6.06
323,6.17
179,6.01
740,6.04
249,6.11
781,6.11
787,6.20
312,6.00
126,6.04
500,6.03
84,6.03
514,5.99
283,5.94
998,11.96
156,6.21
231,6.03
71,0.00
216,6.03
711,0.00
147,6.13
511,0.00
873,11.99
41,5.94
518,0.00
863,6.12
175,6.45
750,6.36
903,12.41
227,6.48
261,0.00
765,6.61
209,6.48
517,0.00
103,6.64
993,6.64
84,6.83
678,0.00
584,0.00
276,6.67
907,0.00
733,0.00
542,0.00
299,6.75
21,6.73
570,6.82
343,6.88
480,0.00
903,6.68
866,6.78
359,13.00
73,6.93
847,13.02
220,6.82
683,0.00
882,13.07
550,13.10
978,13.27
454,6.86
452,6.69
442,6.77
356,7.00
544,6.85
106,0.00
946,6.82
276,0.00
807,13.37
198,6.98
330,6.87
77,7.06
119,6.90
484,6.83
617,0.00
464,6.89
691,0.00
969,6.93
567,7.03
449,13.02
774,7.13
454,6.95
745,7.12
519,0.00
110,7.05
901,0.00
250,7.10
928,0.00
204,7.01
674,0.00
202,7.17
645,7.19
76,7.25
163,7.12
532,0.00
457,7.08
206,7.05
460,7.00
103,0.00
191,7.14
105,7.08
49,7.08
343,7.12
710,19.07
317,7.15
699,6.90
626,7.05
289,6.96
364,7.00
801,12.98
874,0.00
513,6.88
343,6.67
285,6.76
663,6.65
524,6.67
466,6.75
933,13.03
241,6.63
541,0.00
532,0.00
521,6.47
327,6.46
722,13.01
345,6.33
86,6.36
643,6.19
882,0.00
613,6.24
510,6.12
774,0.00
6,6.12
258,6.07
756,0.00
711,6.03
909,12.81
291,6.04
974,25.59
324,5.91
692,5.86
53,5.87
285,5.94
711,5.72
639,0.00
810,5.92
287,5.79
503,0.00
950,5.77
112,5.93
466,5.74
519,5.89
912,0.00
866,6.03
128,6.02
134,6.05
727,6.07
640,6.14
788,6.21
534,5.97
92,6.10
905,6.03
945,5.92
116,6.11
774,6.00
78,6.09
923,5.90
694,5.93
43,5.92
397,0.00
318,0.00
1,5.89
235,5.82
531,0.00
673,5.80
91,5.88
924,0.00
582,5.91
646,5.93
672,6.04
369,6.18
733,6.13
974,13.11
578,6.30
992,6.31
438,13.27
403,6.38
286,0.00
971,13.36
795,13.46
395,6.45
590,0.00
314,6.34
381,6.24
52,6.32
662,19.37
317,6.28
239,0.00
963,6.31
771,6.24
223,6.09
160,6.26
495,0.00
872,6.24
199,6.25
235,6.36
582,6.40
153,6.44
415,6.29
597,6.29
61,6.30
29,6.27
728,6.28
404,6.35
392,6.26
682,0.00
893,6.25
488,12.42
521,12.34
915,6.52
32,6.54
340,6.29
764,0.00
630,12.23
228,6.49
433,6.43
368,6.48
232,6.48
187,6.57
537,0.00
789,6.39
202,6.52
148,6.34
944,0.00
236,6.37
932,6.37
234,6.20
61,6.47
298,6.37
111,6.32
410,6.29
661,0.00
831,0.00
153,6.30
799,0.00
776,12.38
797,6.48
70,6.41
227,6.43
81,6.37
959,0.00
563,6.44
795,6.57
185,6.75
58,6.76
323,6.77
955,0.00
447,6.82
934,0.00
573,6.87
716,6.99
234,6.85
805,6.76
875,6.83
663,0.00
162,6.86
760,13.18
658,6.89
437,6.72
187,6.64
411,6.54
725,0.00
496,6.59
622,6.57
665,0.00
624,6.72
941,6.80
332,13.16
371,6.85
618,6.71
861,13.04
617,13.11
256,12.96
256,6.73
289,0.00
14,6.74
834,0.00
789,6.70
851,6.73
332,6.73
253,6.77
46,6.75
683,0.00
880,6.69
697,6.76
338,6.85
452,6.77
25,6.60
103,6.60
381,6.57
981,6.61
19,6.77
860,0.00
352,6.59
419,6.72
488,19.02
998,6.83
41,6.66
491,6.76
930,0.00
642,6.82
20,6.88
725,6.85
843,6.86
164,6.70
550,6.52
628,0.00
575,6.60
6,6.71
186,6.72
644,6.61
849,0.00
172,12.89
442,6.43
211,6.47
335,6.22
932,0.00
519,6.49
359,6.49
685,0.00
860,12.93
668,6.45
817,6.56
81,6.31
885,6.30
891,6.16
708,0.00
749,0.00
696,6.27
147,6.28
211,6.17
505,0.00
200,6.03
222,6.02
588,12.70
730,6.04
921,12.89
413,6.20
384,6.28
90,0.00
616,0.00
773,6.16
657,6.22
117,6.35
87,6.26
478,6.13
838,6.10
346,6.19
211,6.05
596,0.00
949,6.12
254,12.74
754,6.03
444,6.21
134,5.99
424,5.94
486,6.12
750,6.10
193,6.26
316,6.04
471,6.13
238,6.15
636,0.00
908,6.07
103,6.18
98,6.17
680,0.00
697,6.20
396,6.21
764,6.06
294,6.16
443,6.08
118,6.13
40,6.08
857,12.93
709,6.11
985,6.12
980,5.97
327,5.96
110,6.06
704,6.10
143,6.17
769,6.17
979,6.20
642,6.12
172,6.11
826,0.00
487,6.18
642,0.00
722,6.16
430,6.25
390,0.00
245,6.30
153,6.27
396,6.28
20,6.20
790,5.99
986,6.08
171,6.11
556,6.04
974,12.19
977,6.07
15,6.16
751,6.07
822,6.12
124,6.00
354,5.91
610,0.00
935,12.02
661,6.12
654,5.91
328,5.97
855,0.00
36,6.18
949,0.00
658,6.03
508,6.03
68,6.19
998,25.49
586,6.24
600,19.22
408,6.32
701,6.19
516,6.28
163,6.35
93,6.31
531,0.00
916,6.23
353,12.46
317,12.47
174,6.43
620,0.00
448,6.57
954,12.66
16,6.53
40,6.35
640,6.53
150,6.70
237,6.55
988,0.00
553,12.64
328,6.66
161,0.00
851,6.63
361,6.64
268,6.79
827,6.65
461,6.74
781,0.00
750,6.77
881,6.82
329,6.85
532,0.00
702,0.00
307,12.76
579,6.91
233,6.81
465,6.79
713,6.72
249,6.83
902,6.90
883,7.04
288,6.97
164,7.00
556,6.83
64,6.94
825,0.00
306,6.88
937,0.00
135,6.89
632,0.00
765,7.03
394,6.96
599,7.04
917,0.00
406,13.00
929,12.94
465,7.07
374,6.92
51,7.04
376,7.00
870,6.96
132,7.05
471,6.93
328,7.01
464,0.00
510,0.00
990,0.00
501,12.94
832,7.03
849,6.89
360,7.00
103,7.04
829,6.88
676,0.00
274,6.83
985,6.90
486,6.96
364,0.00
385,6.70
251,6.70
723,6.77
194,6.84
145,6.65
848,6.65
390,6.75
429,0.00
161,6.61
79,6.56
389,19.13
11,6.57
987,0.00
408,6.55
991,6.38
669,6.50
852,6.46
502,6.42
921,13.08
203,6.65
674,0.00
509,6.48
779,6.40
173,6.50
713,13.31
935,6.46
110,6.31
563,13.18
526,6.48
261,0.00
606,6.40
121,6.45
519,13.30
695,13.33
57,6.50
280,6.23
385,6.27
280,6.34
127,6.32
882,0.00
121,6.24
457,0.00
639,13.18
692,6.22
356,6.23
598,0.00
596,6.09
137,6.14
148,6.19
753,0.00
813,6.15
449,6.17
997,0.00
398,0.00
783,6.15
167,6.21
126,6.17
936,6.12
140,6.13
370,0.00
386,6.22
591,6.10
332,0.00
373,6.29
419,6.22
335,0.00
354,6.33
288,6.26
58,6.33
967,6.33
725,0.00
768,6.19
66,6.26
990,6.05
293,6.20
277,6.03
270,5.98
66,6.12
476,0.00
581,6.21
49,6.08
818,0.00
253,6.08
899,6.09
842,12.77
270,6.25
402,6.30
264,6.23
819,0.00
432,6.21
366,6.29
172,6.28
655,0.00
69,6.30
759,0.00
903,6.34
436,19.48
250,6.56
707,6.45
804,6.46
636,6.47
971,6.65
29,6.54
967,6.51
35,6.52
300,6.65
291,6.51
672,6.43
694,12.92
889,6.43
652,0.00
416,6.41
249,6.41
429,6.40
517,6.45
190,6.48
920,6.30
244,0.00
143,6.41
561,0.00
78,6.37
251,6.35
149,6.40
731,12.84
318,6.35
630,6.31
486,6.44
990,6.34
179,6.39
631,0.00
186,6.35
664,12.44
238,6.53
734,0.00
287,6.42
397,6.36
16,6.42
853,6.35
144,6.50
628,6.34
341,0.00
791,6.39
692,0.00
715,0.00
412,0.00
521,6.55
764,6.60
917,6.55
258,6.66
531,6.53
578,0.00
581,6.57
39,6.63
62,6.55
920,13.03
841,6.76
753,0.00
24,6.93
958,6.86
79,6.90
424,6.89
835,0.00
564,6.93
518,0.00
582,7.01
502,0.00
680,0.00
323,0.00
518,7.43
43,7.46
835,7.28
374,7.34
600,0.00
477,0.00
692,7.26
25,7.18
652,0.00
866,7.22
63,7.11
819,0.00
166,7.14
840,0.00
289,7.00
157,6.96
186,0.00
272,7.06
427,0.00
469,0.00
656,6.95
75,7.07
948,0.00
636,6.95
66,7.11
632,0.00
513,7.03
922,0.00
612,0.00
691,0.00
652,0.00
80,7.21
630,7.05
224,7.11
708,0.00
37,7.17
155,7.17
269,7.17
189,7.20
536,7.08
85,7.09
353,6.99
938,13.27
548,7.18
721,6.96
180,7.03
881,13.40
672,7.14
217,7.16
256,7.12
696,7.01
370,7.08
817,7.01
747,7.02
78,7.09
970,6.96
946,6.99
290,7.04
824,6.92
725,6.89
777,6.81
495,0.00
576,0.00
238,6.86
148,6.86
641,0.00
722,13.51
172,6.75
222,0.00
152,6.76
536,6.52
852,0.00
374,6.53
254,6.49
9,0.00
244,6.43
55,6.37
629,6.12
54,6.26
330,5.95
916,5.79
799,0.00
838,0.00
771,6.07
786,0.00
578,6.14
389,6.23
293,6.22
48,6.31
973,0.00
821,13.53
178,6.20
959,6.24
982,6.19
298,6.15
891,6.14
370,6.37
727,0.00
786,6.24
486,0.00
267,6.10
191,6.15
189,6.04
493,6.07
493,5.98
301,6.06
819,5.98
965,6.04
753,6.03
43,6.04
711,0.00
770,6.09
810,6.22
520,0.00
568,0.00
224,6.40
229,6.44
202,6.35
290,6.27
602,0.00
274,6.24
793,0.00
459,0.00
391,13.25
631,6.33
935,0.00
448,0.00
585,6.34
997,6.40
338,0.00
760,6.40
252,6.49
256,6.34
392,0.00
739,6.24
187,6.26
869,0.00
644,13.26
985,13.13
359,6.31
140,0.00
441,6.33
895,13.17
423,6.33
126,6.25
157,6.39
169,6.46
889,6.35
156,0.00
341,0.00
311,6.38
482,6.45
784,6.52
863,6.62
452,6.73
836,13.09
524,6.61
70,6.68
842,0.00
350,6.64
397,6.52
749,0.00
718,6.48
729,0.00
89,6.23
714,12.53
562,6.36
239,0.00
540,12.59
479,6.33
904,12.57
635,6.54
997,12.54
808,6.56
241,6.44
87,6.42
6,6.47
882,0.00
566,6.42
292,6.48
264,6.45
271,0.00
263,0.00
740,6.55
932,6.67
823,6.89
531,0.00
188,7.01
54,6.93
46,0.00
769,12.90
2,7.00
501,0.00
262,6.87
412,0.00
554,6.76
133,6.87
805,0.00
302,6.75
805,6.86
463,0.00
641,6.97
598,7.07
652,7.08
170,7.08
905,13.40
250,7.08
708,13.27
212,7.11
823,0.00
576,6.92
267,6.99
588,6.98
592,0.00
979,0.00
306,7.14
167,7.09
900,7.10
693,6.97
379,6.71
891,0.00
272,6.86
989,6.83
445,0.00
701,6.86
941,0.00
996,6.82
41,7.03
959,0.00
472,0.00
848,6.98
970,13.50
243,7.04
688,0.00
521,7.07
194,7.22
554,7.19
449,0.00
715,13.64
886,7.34
119,7.35
595,0.00
560,0.00
596,13.64
196,7.33
248,0.00
96,7.20
236,0.00
261,7.28
308,7.29
395,0.00
537,13.60
972,13.56
204,7.12
321,6.98
728,7.06
295,6.96
465,7.02
567,7.09
432,7.17
747,6.92
396,0.00
723,0.00
869,6.86
650,0.00
480,6.79
329,6.66
258,6.76
558,6.54
863,6.66
681,6.73
239,6.62
293,6.56
242,6.45
402,0.00
700,6.70
232,0.00
461,6.59
132,6.68
675,0.00
336,6.67
642,6.61
746,6.68
975,6.70
726,6.63
346,6.71
120,6.87
473,6.71
622,6.75
635,6.58
434,6.81
41,6.72
254,6.74
896,13.62
29,6.78
349,0.00
973,0.00
393,6.64
947,6.75
537,6.76
960,6.91
866,13.92
342,7.10
166,7.05
794,0.00
991,7.33
822,13.89
985,7.20
256,7.21
110,7.29
104,7.25
739,0.00
160,0.00
866,7.01
739,7.04
610,0.00
970,7.11
308,7.27
572,0.00
760,14.17
546,7.27
113,7.27
523,7.17
3,7.01
119,7.01
246,7.07
783,0.00
694,6.89
104,6.80
908,0.00
667,6.90
134,7.11
660,6.88
210,6.99
670,0.00
554,14.27
987,7.08
32,7.15
491,0.00
694,20.65
86,7.09
504,14.07
105,7.01
367,7.11
143,6.96
296,7.00
356,7.00
211,6.93
928,6.92
380,7.07
300,6.86
396,0.00
56,6.79
605,0.00
826,6.73
619,6.85
794,6.86
179,6.87
712,13.53
851,6.79
138,6.78
119,6.83
626,6.84
216,6.75
169,6.76
650,0.00
347,6.65
840,0.00
54,6.66
287,6.59
202,0.00
234,6.63
255,6.51
71,6.36
245,6.38
404,0.00
976,13.19
365,6.52
17,6.40
504,6.39
249,6.45
82,6.50
19,6.46
156,6.50
885,0.00
345,6.32
810,6.38
313,0.00
970,6.26
44,6.27
947,6.19
252,0.00
352,6.23
530,6.01
238,0.00
882,6.13
353,6.13
526,6.10
181,6.06
985,5.91
127,6.08
282,0.00
850,0.00
749,5.97
71,6.06
659,0.00
670,0.00
340,6.25
160,6.30
23,6.28
181,6.31
325,6.21
572,13.01
998,13.23
580,6.53
362,0.00
212,6.43
982,0.00
312,6.60
756,13.64
241,6.61
1,6.45
484,0.00
742,0.00
126,6.52
383,6.62
354,6.51
248,6.67
168,6.56
815,0.00
932,20.44
456,6.47
185,6.54
492,0.00
122,6.59
1000,0.00
745,13.38
218,6.54
153,6.46
557,0.00
758,6.57
857,6.72
122,6.63
675,0.00
960,6.77
896,6.96
476,6.78
698,0.00
941,6.89
134,7.01
794,6.87
936,7.01
145,7.00
578,13.44
896,7.05
910,13.27
121,6.93
997,0.00
998,0.00
315,7.23
202,7.34
930,7.29
133,7.30
897,7.24
254,7.35
28,7.26
333,13.29
837,7.13
456,0.00
739,13.34
958,6.94
885,6.99
563,7.09
663,0.00
748,13.27
403,7.21
327,7.16
104,0.00
722,7.19
621,7.13
47,7.13
309,0.00
628,0.00
98,6.95
891,6.98
769,7.00
172,6.96
436,0.00
912,6.92
930,6.89
76,7.11
196,6.89
943,6.71
383,0.00
12,6.74
271,6.42
862,0.00
893,6.58
870,6.74
282,6.75
935,13.36
440,6.81
579,6.65
675,6.62
72,6.85
975,13.45
602,6.97
667,6.98
378,13.51
108,7.07
690,0.00
690,13.55
741,6.98
163,7.02
476,7.07
92,6.96
294,6.93
714,6.99
801,7.04
450,6.83
599,0.00
765,6.57
302,6.58
834,0.00
872,0.00
425,6.41
893,6.45
451,6.51
442,6.49
527,13.49
394,6.50
308,6.57
400,6.51
188,6.32
243,6.23
283,6.11
758,0.00
135,6.23
881,6.16
402,0.00
319,6.20
256,6.15
546,6.20
324,6.20
957,33.63
949,6.29
258,6.31
593,0.00
662,6.07
202,6.09
870,5.98
530,0.00
839,13.37
68,6.07
284,6.06
790,5.94
983,6.13
904,0.00
651,6.08
234,6.17
602,0.00
248,6.24
917,13.13
37,6.39
380,6.15
300,0.00
631,6.27
565,13.05
835,12.92
626,6.49
393,6.55
326,6.51
310,0.00
321,13.21
314,6.49
981,0.00
667,6.46
753,6.60
614,6.63
132,6.49
816,6.82
427,0.00
815,6.60
766,0.00
494,0.00
801,6.53
518,6.62
445,6.57
176,6.66
932,0.00
572,0.00
933,13.81
878,6.97
501,13.87
258,7.07
251,0.00
337,13.83
572,13.86
545,7.24
576,13.72
565,7.31
652,7.33
526,0.00
841,0.00
261,7.39
843,7.32
157,7.38
113,7.26
218,0.00
21,7.37
175,7.23
988,0.00
275,7.30
266,7.32
603,0.00
561,7.26
163,7.31
131,7.24
119,7.19
883,0.00
518,7.25
996,7.28
84,7.28
122,7.37
317,7.24
941,7.13
343,7.21
476,7.29
892,13.41
169,7.24
267,7.22
583,0.00
586,7.29
65,7.10
903,20.33
985,7.09
474,7.09
863,13.31
299,7.32
603,7.14
23,7.25
99,7.09
71,7.04
517,0.00
269,6.86
311,0.00
715,6.82
287,0.00
286,6.78
7,6.72
572,0.00
354,6.61
274,0.00
547,6.58
776,6.47
153,6.58
405,0.00
979,6.30
601,6.27
156,0.00
537,6.17
988,6.21
478,6.22
540,12.67
789,6.25
493,6.33
932,0.00
336,6.14
218,6.20
78,6.10
147,0.00
195,6.10
344,6.04
127,5.93
557,0.00
868,5.78
51,5.85
411,5.77
752,0.00
499,12.87
361,12.79
605,5.62
59,5.59
630,5.57
750,12.71
716,5.62
409,5.45
529,0.00
762,0.00
800,5.51
193,0.00
685,5.55
627,0.00
721,5.69
779,0.00
524,5.77
520,5.74
445,5.70
547,5.69
611,5.83
508,0.00
316,5.93
959,0.00
648,6.04
978,5.87
395,6.04
794,6.15
599,6.22
189,6.15
849,13.47
69,6.14
88,6.12
750,6.04
219,6.13
168,6.09
241,6.10
755,0.00
914,13.33
947,6.02
779,6.01
79,6.06
231,6.01
405,0.00
123,6.17
49,6.16
663,0.00
637,6.08
318,6.18
553,0.00
854,6.20
380,6.29
155,6.21
344,0.00
989,0.00
604,0.00
74,6.36
207,6.37
685,6.27
981,19.29
291,12.71
341,6.46
733,6.51
457,12.84
401,6.38
4,6.29
99,6.34
212,6.35
984,12.44
372,6.37
386,6.38
116,6.21
403,6.22
554,6.21
557,0.00
136,6.26
511,6.18
383,6.23
222,6.31
805,6.23
730,6.24
634,0.00
877,6.31
346,6.23
500,6.38
187,6.47
837,6.27
940,11.65
486,6.36
792,6.26
17,6.24
472,11.84
607,6.29
525,6.11
560,0.00
523,0.00
396,0.00
87,6.18
52,6.07
200,5.88
422,5.94
953,0.00
989,6.00
439,5.97
74,5.96
879,5.92
463,6.13
382,6.13
325,6.22
944,0.00
619,6.37
963,0.00
898,6.34
276,6.43
671,6.71
936,6.80
650,12.81
355,6.83
656,0.00
652,12.93
201,6.97
961,13.05
125,7.05
189,6.92
878,7.05
387,7.17
241,7.19
785,0.00
561,7.20
94,7.30
709,7.27
710,7.33
347,13.58
291,7.42
336,7.39
35,7.20
558,7.23
900,0.00
902,0.00
86,7.54
19,7.50
742,0.00
609,14.05
415,7.62
262,7.57
305,7.54
70,0.00
610,0.00
62,7.59
828,0.00
928,7.77
866,13.87
462,7.93
983,8.01
775,0.00
111,7.99
287,8.12
73,7.99
790,0.00
98,8.05
236,8.05
579,0.00
695,7.98
282,7.94
382,7.99
908,7.98
293,8.17
684,0.00
883,0.00
155,8.15
994,8.07
348,7.97
858,8.15
27,8.06
928,8.09
742,8.22
660,0.00
856,20.15
320,8.41
684,0.00
436,0.00
215,8.41
26,8.41
654,0.00
681,8.23
267,8.30
312,8.12
277,8.19
168,7.91
368,7.81
640,7.86
409,7.94
10,7.77
728,0.00
528,0.00
597,7.35
920,7.39
670,0.00
525,14.25
715,7.32
755,7.32
163,7.08
36,7.09
234,7.04
378,0.00
266,7.04
232,7.05
800,0.00
747,6.91
318,6.86
912,0.00
19,7.07
746,0.00
294,7.02
914,14.31
240,7.00
728,0.00
211,6.89
492,0.00
159,6.95
137,6.88
972,0.00
518,6.77
807,6.79
895,6.77
572,0.00
973,14.39
19,6.78
688,6.67
140,6.82
334,0.00
510,6.72
167,6.92
71,6.68
354,6.62
747,6.65
481,14.34
356,6.50
297,6.42
495,6.44
153,6.43
233,6.43
834,0.00
590,6.47
436,6.49
335,6.59
151,6.55
383,6.44
526,6.34
479,6.42
211,6.35
394,0.00
990,0.00
922,14.54
810,14.62
819,14.51
6,6.43
519,6.20
468,6.35
848,0.00
890,14.48
683,6.10
768,14.56
146,6.19
55,6.26
491,0.00
589,0.00
25,6.22
771,6.23
660,6.27
372,6.30
331,6.31
154,6.35
388,6.28
239,6.25
60,6.32
665,0.00
600,6.29
411,6.28
671,6.25
6,6.24
916,0.00
605,6.38
743,6.39
310,6.43
863,6.29
176,0.00
527,6.44
42,6.53
941,0.00
51,6.47
687,0.00
819,6.21
35,6.50
706,6.37
248,0.00
319,6.49
711,0.00
277,6.50
110,6.54
935,6.45
853,6.49
892,0.00
820,13.25
996,6.71
28,6.74
675,6.57
381,6.77
232,6.59
262,6.52
19,6.66
196,6.73
742,6.52
542,6.60
423,0.00
37,6.69
118,6.65
287,6.68
734,0.00
697,0.00
102,6.57
870,0.00
736,6.47
825,6.52
591,0.00
116,6.66
725,0.00
225,6.65
144,6.76
128,6.74
453,0.00
764,20.99
363,13.11
619,12.94
593,6.68
24,6.45
95,6.59
292,6.55
835,0.00
402,0.00
698,12.68
970,6.67
459,6.59
955,12.69
294,6.54
244,6.66
430,6.63
355,6.57
906,6.53
728,6.54
261,6.49
159,6.54
695,0.00
972,6.58
405,6.69
182,6.62
911,6.68
715,6.76
470,0.00
455,6.67
358,6.75
361,0.00
583,13.01
824,12.94
388,6.70
167,0.00
932,12.90
920,6.62
283,6.63
153,6.56
123,6.63
358,0.00
667,6.28
122,6.26
647,0.00
416,12.76
524,6.44
415,6.32
131,6.29
708,0.00
48,6.27
738,0.00
827,6.23
37,6.21
2,6.14
183,6.13
847,5.93
682,5.94
553,6.06
763,12.80
93,6.05
890,0.00
128,6.17
239,6.13
84,6.08
57,6.08
686,6.04
651,0.00
900,6.16
982,12.73
732,6.34
789,6.38
22,6.34
760,12.83
478,6.28
395,6.18
90,6.10
49,6.14
517,0.00
495,6.09
689,0.00
409,6.12
671,0.00
520,6.25
71,6.17
654,6.22
174,6.32
132,6.23
534,6.12
653,0.00
113,6.16
654,0.00
16,6.16
976,12.74
420,6.16
19,0.00
550,12.71
123,6.11
961,6.21
200,6.15
230,6.16
875,6.18
927,0.00
951,6.28
564,0.00
529,6.35
772,6.47
66,6.66
322,6.61
819,0.00
974,6.56
3,6.66
603,0.00
579,6.56
300,6.64
846,0.00
218,6.55
918,0.00
22,6.66
723,6.57
848,13.15
788,6.75
34,6.81
337,6.58
116,6.48
344,6.62
968,6.58
358,6.64
202,6.54
83,6.69
324,6.54
178,6.47
412,6.38
466,6.46
459,6.38
572,6.37
79,0.00
322,6.39
470,0.00
450,6.32
585,0.00
175,6.57
839,6.58
77,0.00
302,12.47
182,6.49
662,6.33
7,6.45
366,6.27
343,6.26
36,6.38
162,6.37
592,0.00
749,6.41
417,6.30
891,0.00
854,25.50
941,12.72
234,6.32
475,0.00
994,13.10
75,6.42
985,6.78
415,6.53
857,12.57
634,0.00
777,6.53
394,6.47
119,6.55
125,6.57
480,0.00
255,6.59
652,6.55
96,6.65
474,6.62
470,6.53
683,0.00
980,6.59
339,0.00
831,6.67
883,0.00
469,6.68
47,6.59
766,0.00
275,6.51
320,0.00
501,6.49
293,6.51
741,6.29
611,6.38
910,6.46
529,0.00
59,6.40
40,6.42
242,6.41
77,6.33
937,0.00
514,6.33
42,0.00
166,6.22
638,0.00
28,6.23
11,6.15
506,12.89
58,6.12
290,6.09
673,6.14
850,19.15
471,6.26
659,6.24
106,6.32
555,0.00
94,6.22
177,6.30
432,6.16
89,6.22
563,0.00
129,6.24
25,6.23
972,6.22
858,6.35
886,6.48
192,6.37
103,6.38
598,12.74
49,6.43
54,0.00
263,0.00
806,6.20
310,6.27
91,6.24
867,6.27
313,6.41
495,0.00
503,0.00
538,6.25
627,6.34
773,6.42
195,6.50
234,6.31
862,0.00
321,12.56
827,12.30
153,6.08
102,6.09
89,6.07
493,0.00
453,5.92
743,12.48
90,6.18
800,12.43
454,6.02
424,6.09
251,6.09
375,0.00
558,0.00
157,5.88
303,6.00
692,0.00
143,6.04
81,6.03
217,5.94
555,5.99
816,6.00
177,6.09
993,5.96
222,5.97
217,5.90
840,5.96
284,5.97
544,5.77
321,5.89
380,5.91
411,5.85
254,5.86
705,0.00
356,5.89
927,0.00
837,5.89
663,5.90
869,5.90
481,5.92
106,5.94
159,5.94
576,5.91
529,0.00
953,6.02
370,5.90
924,6.01
875,0.00
894,6.07
218,6.15
599,0.00
740,6.13
415,6.16
766,18.73
498,6.22
185,6.22
116,6.11
581,0.00
938,6.13
91,6.06
258,6.18
336,6.17
398,6.09
356,6.19
316,6.15
644,0.00
359,5.99
752,0.00
828,6.07
909,0.00
861,0.00
499,0.00
925,12.53
864,12.75
254,6.15
962,6.29
284,6.30
59,6.29
843,6.25
538,0.00
356,6.35
820,6.40
974,0.00
933,6.47
573,12.85
579,6.68
63,6.61
367,6.68
92,6.68
641,12.69
267,6.70
280,0.00
93,6.56
513,0.00
326,6.56
543,6.44
519,6.51
377,6.50
211,6.45
360,6.44
659,6.30
974,6.34
385,6.49
287,6.45
26,6.46
357,6.36
382,6.40
855,0.00
528,0.00
56,6.43
698,6.46
332,6.48
91,6.41
524,6.36
487,0.00
350,6.51
609,0.00
299,6.50
909,0.00
778,6.52
362,6.33
86,6.33
808,6.37
938,6.44
759,0.00
577,6.63
753,6.63
765,0.00
895,0.00
257,6.51
421,6.67
651,0.00
468,6.65
918,6.67
532,6.43
200,6.59
637,6.58
627,6.67
352,6.54
993,6.67
339,6.64
104,6.59
524,6.59
735,6.54
700,12.66
601,6.60
557,6.56
3,6.61
326,6.78
597,0.00
742,12.84
869,6.71
639,0.00
798,7.08
375,13.25
287,7.01
887,0.00
401,0.00
1000,7.11
322,7.20
234,7.15
773,0.00
794,0.00
823,7.07
49,7.10
906,13.73
873,7.20
196,7.21
92,7.19
223,7.26
144,7.18
346,7.29
96,7.30
501,7.23
674,0.00
908,0.00
992,13.70
407,7.44
992,13.66
66,7.46
797,7.48
716,0.00
220,7.61
846,0.00
288,7.67
313,7.63
358,0.00
325,7.76
167,7.76
776,0.00
127,7.73
763,0.00
707,7.60
788,7.49
899,7.74
531,7.58
571,0.00
896,14.18
178,7.71
759,7.66
545,7.77
879,0.00
650,7.60
646,0.00
981,14.10
990,14.33
509,7.77
987,14.27
526,14.17
302,0.00
828,7.62
922,0.00
391,7.70
54,7.82
826,7.66
690,7.60
140,7.66
416,0.00
679,7.60
658,0.00
139,7.71
164,7.69
344,7.74
466,0.00
956,7.69
33,7.69
333,14.38
478,7.77
401,7.78
236,7.66
394,0.00
821,7.51
185,0.00
103,7.54
674,7.35
602,7.36
393,7.25
419,7.18
489,0.00
158,6.90
2,6.89
393,6.90
405,6.78
906,0.00
281,6.76
228,6.64
943,6.69
583,0.00
21,6.58
914,6.47
693,6.64
113,6.81
900,0.00
121,6.80
343,6.74
451,6.70
103,6.56
435,6.57
219,6.56
477,6.43
186,6.39
630,13.92
977,6.45
837,6.41
702,6.35
977,6.44
577,6.50
122,6.54
957,6.54
48,6.56
341,0.00
118,6.34
939,0.00
783,6.35
922,0.00
203,6.34
71,6.35
165,6.21
748,0.00
679,6.27
770,6.22
783,6.31
99,6.13
103,13.82
849,6.12
352,6.06
246,5.93
14,5.92
738,0.00
881,13.62
645,5.81
544,5.95
892,13.80
552,6.10
74,6.05
300,6.02
125,6.09
26,6.16
277,5.94
830,0.00
430,5.89
111,6.00
897,5.98
265,5.89
777,6.00
460,6.01
88,5.98
207,5.89
755,0.00
290,0.00
591,5.84
18,5.94
274,6.02
401,6.08
722,6.09
581,6.14
703,6.15
914,6.03
349,6.18
443,0.00
659,0.00
612,6.17
829,6.21
875,6.15
485,6.23
779,0.00
736,12.91
686,6.21
164,0.00
589,0.00
968,12.79
630,0.00
851,6.02
491,6.17
382,6.22
416,6.13
571,0.00
990,6.20
17,6.21
971,6.14
898,6.18
531,6.19
959,6.17
93,6.30
515,0.00
569,6.31
373,6.45
958,6.46
363,6.46
622,0.00
470,6.53
204,6.50
183,6.41
690,6.48
320,0.00
529,0.00
727,0.00
775,6.52
731,6.58
166,6.42
119,6.53
727,12.64
352,12.51
671,6.57
6,0.00
283,6.51
73,6.47
400,0.00
84,6.46
220,6.46
463,0.00
688,6.35
313,6.29
236,6.38
925,12.34
256,6.37
195,0.00
271,6.35
679,6.43
796,0.00
547,6.42
470,0.00
420,0.00
626,0.00
679,12.40
468,6.54
87,0.00
110,6.22
103,6.16
783,0.00
858,19.29
850,12.24
427,6.41
187,6.21
297,6.29
982,12.31
19,6.40
907,6.34
447,0.00
482,0.00
733,6.36
422,0.00
106,6.35
377,6.35
169,6.41
890,0.00
948,12.71
977,12.71
549,12.72
742,12.58
845,6.64
201,6.63
896,0.00
779,6.59
563,6.65
171,6.59
872,0.00
365,6.72
943,0.00
697,12.71
905,12.68
153,6.65
107,12.70
234,6.37
408,12.50
246,6.40
1,6.18
874,6.22
329,6.36
378,0.00
632,6.11
311,6.19
257,0.00
472,6.12
48,6.08
232,6.07
841,0.00
284,6.07
93,6.07
646,0.00
807,5.99
201,6.07
390,6.04
678,0.00
339,6.09
639,6.07
116,6.10
717,26.31
503,5.88
416,6.00
745,0.00
266,6.10
728,6.11
756,6.12
359,6.01
144,6.12
511,0.00
90,5.89
721,0.00
999,6.03
843,6.14
16,6.13
826,6.04
577,6.27
394,0.00
172,6.15
932,12.61
136,6.21
355,0.00
837,12.72
928,6.36
740,0.00
741,6.46
165,6.68
370,12.72
579,6.59
365,6.53
534,0.00
375,12.76
920,6.46
927,0.00
116,6.46
263,6.39
46,6.34
10,6.27
375,6.29
257,6.19
223,6.19
303,6.13
548,0.00
809,0.00
741,0.00
290,6.09
986,5.93
151,0.00
459,6.00
83,5.85
592,5.81
498,12.54
414,5.82
827,12.44
340,6.04
326,5.97
408,5.92
862,0.00
800,12.51
311,6.02
507,0.00
57,6.00
85,6.06
15,5.90
592,0.00
738,5.92
829,6.00
312,0.00
600,0.00
673,6.07
440,6.15
406,6.20
334,6.12
984,6.11
316,6.35
461,0.00
754,6.13
271,6.19
557,0.00
544,6.14
672,0.00
237,6.16
627,12.26
705,12.17
813,6.35
365,0.00
545,0.00
370,6.15
743,12.12
327,6.14
153,6.00
777,18.48
1,6.14
701,6.05
57,5.88
855,5.80
379,5.82
161,5.89
314,5.87
215,5.87
726,5.78
762,0.00
545,12.16
58,5.71
215,5.56
152,5.66
271,5.68
506,0.00
564,12.06
418,5.68
151,5.68
348,5.53
804,5.48
237,5.42
238,5.38
919,0.00
64,5.51
589,5.49
149,5.63
506,0.00
867,5.75
8,5.77
152,5.75
570,5.73
902,5.72
491,0.00
751,5.96
947,5.94
372,6.06
712,0.00
111,5.96
655,0.00
190,5.85
506,5.85
65,0.00
644,0.00
982,24.81
872,6.00
588,6.12
946,5.96
620,6.06
458,0.00
357,0.00
13,6.25
107,6.12
45,0.00
58,6.17
159,5.95
938,0.00
191,5.94
101,5.89
291,5.89
683,5.94
348,5.71
451,5.74
596,5.71
516,5.70
284,5.70
146,5.79
584,0.00
818,0.00
886,11.96
804,11.95
961,18.33
986,5.98
348,6.03
188,6.03
908,6.06
650,6.19
360,12.20
54,6.10
511,0.00
778,6.00
233,6.09
947,6.21
383,6.43
308,6.31
267,6.34
11,6.30
770,6.25
164,6.34
164,6.35
115,6.35
412,6.26
854,12.17
327,6.25
265,6.24
311,6.16
698,6.20
595,6.29
169,6.30
183,6.21
34,6.21
447,6.21
351,0.00
657,0.00
372,6.05
930,0.00
927,6.09
618,6.17
920,6.26
205,6.20
171,6.26
681,6.08
269,6.09
973,0.00
652,11.99
970,12.13
113,6.21
208,6.28
697,6.07
90,6.17
846,6.08
950,0.00
634,12.10
236,6.09
706,6.19
110,6.08
158,6.04
95,6.02
783,11.98
287,5.97
281,6.03
408,5.88
956,0.00
186,6.06
565,0.00
299,6.02
311,6.03
938,0.00
176,6.18
695,0.00
695,6.17
992,0.00
616,6.20
584,6.25
711,6.32
357,6.38
267,6.50
229,6.51
248,12.17
848,12.07
540,6.48
538,6.57
207,6.39
891,12.45
466,6.38
401,6.52
466,0.00
427,6.43
314,6.44
595,0.00
85,6.32
453,6.29
118,6.27
596,0.00
236,6.08
204,6.04
137,5.96
460,5.97
191,5.97
641,0.00
304,5.94
413,5.99
815,0.00
913,12.34
576,6.07
982,6.17
3,6.25
610,0.00
747,12.46
624,6.25
923,6.22
36,0.00
306,6.45
206,6.38
100,0.00
472,6.38
192,0.00
288,6.47
432,6.52
322,0.00
572,6.51
997,6.52
626,12.59
948,0.00
929,6.44
554,0.00
952,0.00
92,6.41
240,6.47
700,0.00
52,6.46
975,0.00
819,12.47
484,0.00
433,0.00
378,6.41
357,12.41
819,6.35
92,6.47
757,0.00
490,6.28
231,6.22
293,6.33
264,6.31
180,6.26
100,6.31
478,6.13
225,6.13
626,0.00
514,6.12
17,6.03
382,6.11
45,6.02
212,6.03
336,5.96
307,5.88
315,5.89
133,5.82
521,0.00
911,5.69
292,5.79
984,5.67
23,5.84
8,5.68
700,5.59
39,5.62
413,0.00
269,5.62
549,0.00
226,5.58
227,5.65
415,11.94
828,5.52
282,5.53
873,11.69
504,5.43
295,5.53
635,0.00
385,11.84
301,5.56
848,5.54
590,5.55
935,5.51
145,5.54
95,5.54
27,5.55
566,0.00
584,5.54
108,5.65
550,0.00
560,5.58
42,5.68
378,5.64
763,11.67
582,5.60
207,5.58
417,0.00
862,5.47
184,5.60
734,5.38
9,5.59
587,0.00
398,5.57
399,0.00
405,5.63
995,5.63
120,5.76
837,5.61
397,5.62
269,5.47
498,5.52
399,5.46
949,0.00
623,5.48
170,5.52
721,5.56
607,5.56
191,5.74
687,0.00
284,0.00
579,5.62
497,0.00
607,0.00
827,5.62
643,0.00
952,5.71
423,5.72
326,5.88
581,0.00
895,5.85
430,5.90
146,5.90
101,6.07
681,0.00
884,6.00
116,5.97
112,6.03
897,0.00
480,0.00
898,6.05
364,6.21
138,6.18
718,0.00
50,6.23
763,6.16
343,6.23
875,0.00
668,6.25
809,0.00
957,6.37
425,0.00
52,6.50
591,0.00
125,11.80
847,6.43
963,6.35
406,6.34
32,6.39
990,0.00
640,6.46
718,6.44
149,6.61
633,0.00
590,6.40
79,6.52
137,6.52
130,6.60
53,6.41
984,0.00
15,6.50
488,6.39
172,0.00
770,6.42
966,0.00
607,6.59
632,12.07
676,6.61
158,6.62
687,0.00
57,6.56
522,0.00
613,11.85
316,6.47
339,6.26
187,6.31
114,6.26
284,6.28
133,6.21
978,0.00
392,6.27
874,6.28
827,6.35
1,6.23
436,6.29
261,6.32
72,6.22
801,0.00
421,0.00
499,6.11
915,0.00
654,6.08
208,6.09
440,0.00
503,6.11
524,0.00
471,6.09
102,6.18
233,5.93
620,0.00
937,11.68
482,5.80
303,0.00
749,11.71
878,5.85
379,5.69
304,5.91
173,5.85
75,5.81
874,5.75
51,5.86
309,5.81
138,5.78
277,5.62
402,0.00
712,5.62
609,5.76
525,0.00
511,5.71
365,5.68
265,5.70
64,5.60
365,5.51
825,5.49
926,5.46
575,5.57
552,5.45
393,5.52
446,0.00
818,5.64
886,12.20
942,5.78
13,5.70
225,5.70
951,5.58
492,5.59
18,5.65
397,5.55
520,0.00
908,0.00
893,0.00
707,5.57
689,5.63
904,5.75
429,12.23
78,5.93
709,5.78
409,0.00
257,5.90
627,0.00
149,5.75
57,5.71
495,5.71
44,0.00
895,24.19
188,5.87
496,5.78
32,5.87
491,5.82
542,0.00
195,5.88
217,5.85
654,0.00
403,5.76
538,0.00
346,5.77
605,0.00
935,12.15
926,12.10
165,5.82
799,0.00
266,5.97
262,5.94
34,5.95
264,5.87
671,5.81
261,0.00
297,5.85
2,5.84
984,11.82
441,5.86
498,0.00
292,5.68
939,5.76
451,0.00
751,11.75
389,5.95
87,0.00
936,6.07
13,5.92
882,5.88
701,0.00
472,0.00
768,12.04
176,6.13
779,6.13
274,6.25
579,6.17
591,6.18
862,6.27
613,6.22
850,18.17
229,6.16
778,6.19
402,6.37
963,0.00
639,6.53
692,0.00
161,6.60
602,6.60
747,6.60
35,6.48
521,6.52
692,6.60
581,0.00
421,6.50
786,12.25
513,6.53
318,6.36
334,6.50
918,0.00
302,6.46
207,6.58
381,6.56
656,0.00
426,6.36
416,0.00
85,6.31
726,0.00
963,0.00
165,6.28
9,6.36
87,6.18
700,0.00
927,6.20
364,6.14
232,0.00
915,6.19
201,6.09
873,6.05
414,0.00
807,6.25
796,6.20
566,0.00
30,6.26
697,0.00
999,0.00
639,18.40
614,0.00
785,0.00
758,6.15
802,6.29
919,0.00
946,6.40
488,0.00
827,12.29
323,6.65
580,0.00
146,6.69
428,6.43
251,6.37
555,0.00
187,6.42
52,6.34
878,0.00
998,12.35
731,6.23
790,6.17
514,0.00
900,0.00
403,6.39
732,6.38
879,0.00
995,0.00
118,12.70
966,0.00
693,6.54
371,6.37
699,0.00
186,6.30
677,0.00
676,6.24
116,6.27
679,0.00
329,6.33
419,0.00
268,6.23
282,6.15
556,0.00
225,6.00
991,0.00
517,6.22
219,0.00
708,12.85
453,6.29
516,0.00
669,12.88
309,12.72
539,6.43
692,6.22
737,6.31
374,6.43
292,6.48
777,0.00
469,0.00
568,6.35
85,6.47
190,6.39
122,6.39
275,0.00
305,0.00
623,12.62
672,6.49
312,6.43
292,6.51
783,12.50
13,6.46
829,12.63
90,6.45
443,0.00
579,6.47
649,6.48
253,6.34
671,0.00
626,6.38
222,6.43
117,6.37
371,0.00
883,12.52
376,6.42
996,12.53
280,6.49
449,6.40
758,6.44
337,6.39
29,6.29
727,6.21
458,6.22
559,12.83
602,6.31
753,12.76
309,6.07
944,6.14
466,6.15
433,6.19
136,6.13
615,6.16
717,6.19
95,5.98
318,6.08
426,6.07
623,5.89
914,5.94
328,5.98
404,0.00
965,5.87
170,6.05
642,0.00
929,5.93
751,6.11
590,5.92
40,5.96
654,0.00
263,5.94
516,5.96
698,5.91
121,6.02
342,6.02
75,6.02
713,12.08
386,6.06
222,6.10
176,6.09
829,5.88
364,0.00
292,0.00
68,5.94
681,5.80
9,5.87
877,0.00
419,5.84
980,12.10
376,5.86
675,5.87
69,5.77
849,5.81
957,5.80
50,5.83
639,0.00
386,5.87
887,5.94
543,5.94
32,5.99
445,0.00
919,5.79
641,5.87
8,5.88
906,5.75
33,5.95
879,5.75
646,5.76
96,5.77
672,5.76
280,0.00
739,18.73
928,5.82
533,0.00
730,24.58
550,6.07
214,6.14
844,0.00
57,5.86
49,5.92
749,0.00
682,5.82
123,5.94
157,5.83
966,11.93
737,5.81
216,5.82
342,11.89
655,5.81
736,5.88
629,5.89
113,5.67
707,5.86
603,0.00
262,5.95
639,5.95
4,5.98
696,0.00
725,5.84
943,0.00
496,6.05
965,0.00
491,6.01
273,6.14
803,6.15
221,6.33
575,6.17
777,0.00
734,12.09
588,6.26
912,6.27
563,0.00
715,6.29
281,6.35
640,6.32
611,0.00
106,6.35
738,0.00
928,6.38
618,0.00
504,6.46
29,6.42
835,6.42
762,6.42
337,6.50
664,6.46
746,6.47
289,0.00
691,0.00
990,12.47
479,6.62
401,6.63
424,0.00
841,12.65
53,6.74
177,6.66
790,0.00
257,6.62
134,6.62
982,6.56
199,6.67
291,6.53
691,0.00
995,6.54
441,6.62
685,6.64
906,6.63
823,12.44
275,6.67
110,6.58
755,0.00
625,6.43
332,6.49
8,6.42
132,6.27
699,0.00
739,12.37
324,6.23
294,6.40
154,6.34
259,6.23
902,0.00
931,18.75
465,6.24
755,0.00
370,12.28
800,12.17
195,6.52
146,6.37
297,6.32
720,0.00
182,6.41
894,12.23
402,0.00
440,6.22
50,6.16
238,6.03
484,0.00
315,5.96
643,0.00
745,5.82
366,5.76
119,0.00
994,5.86
440,0.00
303,5.85
611,5.85
593,5.79
480,5.85
680,5.68
182,5.84
887,0.00
305,5.80
366,5.86
65,5.77
830,0.00
303,5.78
435,0.00
269,5.66
488,5.68
50,5.78
795,0.00
837,5.64
870,5.75
245,5.76
466,5.88
321,5.86
762,0.00
116,5.64
290,5.63
227,5.75
856,0.00
433,5.60
1,5.56
884,5.60
384,0.00
766,5.53
53,5.52
406,5.53
727,5.62
989,0.00
742,5.51
167,5.54
802,12.36
551,5.71
51,5.76
958,0.00
319,5.57
530,5.71
852,0.00
23,5.74
730,5.73
406,5.73
198,5.78
975,5.61
465,0.00
628,5.72
23,5.88
928,5.69
708,5.77
902,5.81
499,5.89
615,5.87
75,5.93
263,5.85
878,5.80
258,5.86
554,0.00
747,5.82
435,5.94
219,12.46
670,12.37
801,6.00
686,6.02
984,6.10
246,6.20
34,6.03
476,0.00
895,6.14
402,6.19
793,6.22
624,6.27
916,6.42
359,6.35
120,6.25
819,6.28
130,6.35
257,6.18
570,0.00
560,6.22
754,6.05
896,0.00
62,6.28
389,6.22
273,6.30
504,0.00
719,6.27
582,0.00
990,0.00
81,6.33
835,0.00
214,6.23
602,6.06
795,0.00
55,6.18
507,0.00
58,6.15
714,0.00
939,6.18
810,6.16
165,6.24
608,0.00
576,11.74
288,6.37
774,6.40
210,6.36
551,0.00
320,6.29
692,11.82
275,6.36
490,0.00
502,0.00
268,6.08
379,6.08
954,11.88
795,6.15
594,6.01
774,6.11
725,0.00
477,6.22
364,0.00
410,6.17
348,6.27
84,6.17
281,0.00
353,6.09
478,0.00
323,6.10
209,6.02
589,0.00
733,18.15
252,5.92
695,0.00
765,5.88
649,5.99
686,6.04
109,5.94
210,5.93
985,5.90
217,5.76
730,0.00
488,11.78
276,11.88
947,5.99
65,5.91
550,0.00
226,5.85
538,5.85
331,6.01
577,0.00
581,5.76
190,5.78
497,0.00
974,5.49
277,5.52
173,5.52
28,5.55
52,5.49
777,5.48
124,5.55
324,5.46
782,5.47
680,5.26
46,5.31
400,0.00
356,5.25
881,0.00
776,5.23
962,11.59
433,5.32
907,0.00
669,5.40
23,5.38
675,0.00
182,5.37
333,0.00
872,11.47
820,11.37
895,0.00
175,5.33
227,5.21
932,0.00
229,0.00
496,5.17
963,5.29
818,5.36
833,5.39
159,5.49
571,0.00
917,5.60
406,0.00
922,17.38
515,11.67
109,5.72
543,0.00
415,5.78
186,5.57
110,5.55
392,5.55
820,0.00
822,5.56
498,5.60
170,5.66
773,0.00
329,5.68
831,0.00
443,5.61
591,5.65
823,0.00
846,5.60
619,5.67
927,5.70
986,11.53
116,5.59
201,5.50
47,5.57
980,5.46
180,5.45
895,0.00
668,5.38
739,11.27
867,5.53
102,5.39
458,0.00
332,5.56
126,5.50
859,5.49
853,0.00
281,5.65
66,5.65
713,5.69
745,5.70
549,0.00
928,5.76
175,5.86
317,5.90
36,5.90
728,5.81
597,5.87
281,11.12
300,5.84
299,0.00
30,5.71
475,0.00
531,5.67
217,5.72
398,5.51
592,0.00
823,11.21
453,5.93
965,11.18
347,5.77
591,11.21
309,11.10
409,11.11
91,6.05
600,0.00
441,5.82
131,5.87
806,5.89
670,5.97
112,6.07
172,6.01
724,5.91
240,5.94
156,5.86
848,0.00
10,5.73
26,5.74
739,5.62
122,0.00
223,5.67
953,0.00
831,5.56
703,0.00
663,5.67
722,17.69
572,5.75
85,5.76
447,5.59
519,5.72
402,0.00
714,5.79
326,5.75
278,5.67
781,0.00
916,5.68
504,5.76
542,0.00
958,5.82
800,5.83
304,5.82
649,5.87
391,5.93
615,5.94
102,6.04
718,11.54
644,11.50
844,6.05
316,5.86
811,11.82
34,5.99
921,6.07
278,6.00
708,6.07
442,6.17
620,0.00
678,0.00
671,6.17
603,11.63
804,6.30
362,6.41
861,0.00
751,6.45
693,0.00
841,6.48
14,6.38
579,0.00
992,6.44
693,0.00
786,12.13
276,6.39
346,6.28
172,6.44
139,6.42
472,0.00
739,6.35
293,0.00
415,6.37
305,6.48
805,6.41
533,6.41
578,6.50
216,12.17
379,6.31
382,12.08
747,6.22
27,6.41
890,0.00
590,0.00
367,6.15
31,6.29
499,6.14
792,0.00
800,0.00
516,0.00
689,0.00
688,0.00
75,6.18
682,6.09
768,6.26
556,0.00
483,6.44
420,6.34
27,6.35
986,6.27
406,6.38
266,6.33
342,6.21
860,0.00
353,6.20
398,6.21
557,0.00
977,6.28
264,6.26
924,6.30
434,6.44
217,6.50
788,0.00
693,6.46
521,6.49
427,0.00
614,0.00
51,6.58
643,6.50
974,6.51
966,0.00
789,6.61
774,0.00
921,0.00
399,0.00
458,6.72
840,12.87
662,12.79
671,12.92
546,6.85
23,6.98
668,0.00
72,6.78
112,6.69
525,0.00
118,6.69
500,0.00
844,6.66
637,6.46
364,6.38
933,6.31
389,6.47
336,6.47
560,6.42
67,6.46
421,6.47
918,0.00
981,6.41
265,6.41
74,6.25
26,6.34
988,0.00
322,6.33
446,0.00
999,0.00
133,6.56
192,6.46
867,6.46
808,6.46
930,6.52
988,6.66
321,6.66
320,6.69
201,6.67
226,6.65
6,6.65
824,12.79
637,6.66
262,6.64
741,6.52
87,6.52
361,6.41
290,6.38
804,0.00
823,12.69
672,0.00
863,6.69
445,6.50
385,0.00
722,6.51
297,6.46
564,0.00
519,0.00
168,6.57
442,6.57
394,6.58
279,6.42
636,6.74
474,6.69
864,0.00
683,6.38
401,6.49
98,6.34
12,6.26
27,6.29
695,0.00
26,6.17
45,6.17
191,6.17
497,0.00
61,5.93
999,0.00
505,5.78
854,5.72
500,5.85
346,5.74
515,5.81
57,12.54
672,5.87
418,5.88
385,0.00
920,6.07
104,5.90
678,0.00
508,5.84
591,0.00
25,5.85
343,5.95
599,0.00
464,6.00
553,0.00
428,6.05
33,5.93
584,0.00
90,6.02
563,0.00
752,5.93
308,5.96
705,0.00
907,5.91
828,12.39
701,12.43
527,0.00
654,0.00
643,6.08
600,0.00
13,6.16
343,6.23
722,0.00
267,5.98
653,12.45
663,5.99
593,12.52
373,5.97
113,5.88
99,5.88
278,5.82
345,5.79
145,5.88
76,5.84
421,0.00
925,12.40
73,5.88
119,5.77
806,12.33
624,5.94
188,5.94
560,0.00
473,6.06
913,0.00
238,6.02
29,6.05
25,5.86
367,5.86
965,5.88
51,5.76
420,5.70
358,5.77
434,0.00
960,5.78
589,0.00
111,5.78
967,5.85
825,0.00
139,5.92
829,5.83
760,5.85
901,5.84
507,0.00
27,5.95
140,5.99
624,5.96
765,0.00
778,5.93
433,6.10
276,6.22
576,6.20
616,0.00
772,0.00
371,0.00
554,6.24
544,6.24
511,6.10
206,6.24
384,6.25
258,0.00
186,6.11
118,6.00
355,0.00
418,6.05
595,5.92
858,0.00
80,6.06
544,0.00
560,6.01
88,6.13
562,0.00
673,12.08
477,5.97
722,12.23
895,6.00
71,6.20
293,6.14
665,6.13
186,6.19
88,5.95
717,11.93
221,5.93
245,5.80
62,5.84
241,5.84
848,0.00
297,5.82
509,0.00
402,5.84
170,5.89
771,5.89
781,5.97
11,5.97
299,0.00
299,0.00
977,11.79
22,5.85
759,5.77
425,0.00
222,5.98
256,5.95
355,5.95
972,5.97
915,11.84
691,6.09
280,6.09
866,6.10
223,5.99
1,5.94
60,6.06
29,5.89
261,5.87
750,5.87
62,5.96
378,0.00
951,5.93
185,5.86
322,5.71
537,5.62
501,0.00
892,11.69
120,5.77
310,11.61
530,5.78
179,5.79
856,0.00
334,5.73
786,0.00
960,5.66
662,5.79
613,5.87
558,0.00
570,5.62
135,5.71
71,5.75
38,5.71
179,5.58
551,0.00
432,11.82
315,5.58
424,0.00
731,5.65
824,5.48
648,5.69
435,5.60
782,5.72
136,5.48
821,0.00
833,5.45
508,0.00
81,5.58
745,5.59
99,5.59
413,0.00
910,5.51
612,5.68
869,0.00
467,5.59
359,5.67
825,5.61
417,5.70
280,0.00
477,0.00
87,5.79
106,5.65
12,0.00
683,0.00
869,11.36
251,5.62
28,5.57
277,5.57
512,5.52
594,5.55
503,0.00
924,5.58
489,0.00
741,0.00
905,0.00
29,5.61
655,0.00
804,5.76
273,5.71
825,5.75
883,0.00
667,5.73
192,5.74
247,0.00
479,0.00
641,5.68
957,5.76
109,5.78
475,0.00
996,5.78
52,5.90
778,5.94
700,11.69
576,6.05
645,6.11
716,6.09
639,5.77
373,5.72
73,5.79
104,5.83
52,5.69
793,0.00
961,5.73
578,0.00
875,5.71
282,5.72
211,5.64
881,5.78
275,5.70
302,5.73
149,5.73
616,5.70
518,0.00
791,5.78
385,0.00
5,5.88
710,5.83
22,5.90
745,0.00
965,11.34
499,5.87
930,0.00
757,11.52
775,5.94
68,5.92
726,0.00
591,5.80
18,5.80
879,5.80
93,5.83
896,11.09
148,5.68
196,0.00
270,5.67
552,0.00
369,5.68
855,0.00
485,5.65
905,5.65
535,5.71
85,5.79
339,5.79
260,5.79
365,5.67
436,5.63
85,5.62
693,0.00
386,5.56
542,0.00
733,5.57
925,11.33
571,5.63
883,5.45
582,0.00
417,0.00
396,5.56
137,5.59
557,5.44
417,0.00
695,5.55
411,0.00
844,5.46
494,0.00
837,5.47
80,5.57
729,0.00
634,0.00
625,0.00
385,0.00
992,11.38
724,5.57
78,5.58
980,5.50
952,5.64
196,5.71
42,5.73
769,5.68
148,0.00
713,5.61
795,0.00
550,5.68
260,5.74
920,5.67
587,5.84
526,11.52
78,5.69
134,5.68
211,5.59
62,5.69
564,0.00
963,11.50
852,5.79
747,5.85
747,5.94
160,5.84
993,5.78
395,0.00
136,5.72
421,0.00
794,11.58
190,5.78
899,11.67
562,5.78
594,5.80
655,5.84
136,5.84
699,5.92
283,5.98
729,5.76
508,5.83
370,5.87
663,0.00
677,5.85
923,0.00
708,5.86
715,5.98
867,6.13
663,11.82
687,6.12
361,6.07
291,6.21
234,6.18
934,0.00
436,6.30
253,6.36
780,0.00
433,6.42
714,0.00
403,6.43
712,6.44
713,6.35
103,11.88
533,6.49
991,17.53
574,6.54
165,6.46
805,0.00
96,6.42
762,6.38
494,0.00
24,6.53
675,6.49
400,0.00
801,6.54
399,6.45
655,0.00
959,0.00
362,6.52
145,6.61
348,6.49
700,0.00
304,6.47
23,6.39
512,6.47
36,6.48
366,0.00
191,0.00
836,0.00
826,12.03
346,6.41
545,6.42
963,6.54
15,6.65
307,6.48
673,0.00
75,6.25
399,0.00
878,6.32
252,6.32
309,6.37
859,6.23
232,6.36
645,0.00
866,6.16
617,6.17
314,0.00
369,6.22
959,6.19
987,6.27
662,0.00
540,6.36
958,6.41
956,12.33
476,0.00
695,6.28
255,6.40
443,0.00
833,6.47
735,6.43
55,6.44
512,6.26
464,6.32
773,0.00
825,0.00
399,6.25
967,6.15
428,12.29
223,6.17
706,6.02
209,6.18
891,0.00
964,6.16
301,6.29
258,6.38
319,6.24
994,0.00
697,6.25
913,0.00
389,6.44
256,6.43
90,6.43
889,13.01
880,6.49
326,6.50
706,6.41
475,0.00
678,6.47
776,6.65
875,0.00
385,6.55
11,6.72
153,6.65
133,6.65
875,0.00
180,0.00
471,6.59
788,13.07
307,6.69
461,0.00
313,6.60
804,0.00
284,0.00
757,6.65
572,6.65
93,6.81
923,0.00
653,12.94
471,6.69
120,0.00
966,6.78
66,6.50
980,0.00
318,6.79
10,6.78
390,6.79
602,0.00
533,6.72
991,6.73
288,6.75
209,6.62
218,6.71
485,6.69
364,0.00
779,6.76
966,6.83
193,6.92
752,7.00
653,6.96
43,7.03
779,13.23
555,6.90
55,7.02
897,0.00
968,13.29
448,6.87
433,6.96
520,6.88
1,6.80
493,6.67
454,0.00
262,6.74
517,6.76
483,6.77
343,0.00
813,13.22
419,6.97
991,7.03
975,6.93
462,0.00
411,0.00
821,6.96
14,6.98
894,13.14
146,7.08
670,0.00
490,0.00
549,6.87
41,6.91
639,0.00
359,6.72
960,0.00
162,6.74
851,0.00
849,0.00
202,6.51
360,0.00
489,12.83
214,6.54
524,6.36
81,6.51
572,6.33
629,6.35
341,6.17
119,6.21
440,0.00
747,6.06
596,6.06
208,6.12
815,5.99
48,0.00
505,5.98
778,5.92
392,5.89
738,5.88
945,0.00
625,6.20
340,6.07
724,6.09
525,6.13
442,6.09
323,6.14
133,6.12
781,6.00
58,6.08
262,6.06
826,0.00
216,6.07
836,0.00
808,12.90
733,6.25
535,0.00
277,6.19
597,0.00
297,6.29
402,6.15
139,6.07
562,12.81
447,6.11
920,0.00
22,5.97
808,19.18
846,6.09
210,5.83
114,6.04
276,5.96
70,0.00
73,5.97
480,12.73
142,5.90
945,5.90
7,5.90
611,5.99
140,5.82
394,5.81
748,5.84
530,0.00
635,12.50
428,5.75
103,5.76
939,0.00
339,5.58
173,5.76
845,0.00
807,0.00
487,0.00
486,5.62
539,5.62
510,0.00
839,12.68
414,5.83
972,5.93
464,5.76
720,5.86
740,0.00
891,5.90
875,5.89
505,12.56
632,6.09
66,5.94
653,0.00
414,0.00
613,0.00
607,6.16
563,0.00
202,6.15
716,6.15
792,6.23
943,6.17
23,6.22
763,6.23
120,6.27
822,6.27
653,12.40
319,0.00
723,6.45
87,6.46
101,6.29
463,6.35
442,0.00
204,6.22
947,6.26
714,6.35
930,0.00
967,12.47
124,6.34
383,0.00
372,6.34
57,6.32
615,0.00
127,6.19
271,6.19
473,0.00
653,6.19
358,6.24
971,0.00
200,6.20
379,6.11
976,0.00
70,6.07
533,6.06
595,0.00
162,6.05
261,6.09
943,0.00
497,6.00
870,0.00
206,6.05
637,5.92
717,6.05
91,6.05
51,6.03
434,0.00
87,6.10
307,6.01
655,6.17
226,6.04
543,0.00
118,6.01
405,0.00
870,6.07
80,6.16
697,0.00
724,6.30
33,6.21
862,0.00
501,6.13
183,6.20
184,6.12
205,6.09
406,6.09
618,0.00
988,0.00
755,0.00
364,11.72
418,6.06
982,6.12
122,5.98
30,5.90
526,5.83
712,5.84
99,5.93
246,5.81
462,5.71
999,0.00
597,5.82
6,5.80
771,0.00
828,5.74
24,5.86
602,5.83
414,0.00
374,0.00
25,5.88
669,5.87
529,5.88
496,0.00
343,5.94
915,0.00
976,5.93
879,12.39
385,6.01
986,6.01
610,0.00
98,6.04
517,0.00
140,5.98
309,5.91
733,5.81
212,18.26
558,12.22
238,5.94
456,0.00
146,5.77
855,0.00
899,0.00
174,5.86
363,6.00
606,5.88
651,5.91
251,5.95
814,5.91
399,5.86
230,5.94
7,5.80
34,5.81
492,0.00
736,5.75
107,5.96
996,5.92
169,5.95
220,5.88
623,5.84
288,5.95
674,0.00
823,5.82
489,0.00
352,5.95
887,5.99
360,6.01
676,0.00
782,12.21
862,17.93
425,6.20
435,0.00
585,6.21
136,6.24
681,0.00
328,6.19
56,6.09
823,0.00
727,0.00
235,6.04
819,0.00
183,6.11
767,6.08
559,6.09
830,6.25
308,6.14
888,0.00
734,6.23
583,0.00
11,6.21
808,6.30
189,6.32
255,6.31
520,0.00
321,6.32
621,6.32
808,6.34
775,6.39
10,6.24
66,6.17
732,0.00
800,6.15
47,6.13
131,6.20
59,6.14
267,0.00
709,6.01
632,0.00
602,0.00
422,11.93
501,5.95
130,5.87
441,5.76
559,0.00
176,11.90
780,11.94
551,6.01
496,6.02
350,6.09
552,0.00
915,5.93
136,5.94
770,0.00
789,5.89
19,5.95
262,5.83
47,5.90
78,5.77
962,0.00
875,5.83
982,0.00
927,5.97
743,5.99
838,6.04
864,6.16
555,0.00
491,6.13
861,6.23
286,6.36
700,6.23
324,6.22
140,6.18
691,0.00
962,12.07
898,6.18
546,6.05
182,0.00
560,0.00
872,6.00
34,6.06
770,5.91
520,0.00
241,5.96
382,5.92
887,6.03
802,0.00
700,6.20
616,6.17
58,6.26
942,0.00
320,6.13
682,6.20
888,6.28
102,6.21
614,6.16
386,6.22
377,6.04
91,6.12
343,6.08
289,5.98
471,5.96
680,12.15
820,6.12
247,6.05
868,0.00
708,6.16
302,6.23
843,0.00
935,18.26
370,6.22
555,0.00
543,6.47
788,6.35
644,0.00
796,6.40
392,0.00
518,6.40
93,6.51
227,6.48
554,0.00
596,6.34
193,6.30
108,6.30
97,6.35
680,0.00
74,6.25
602,6.23
484,0.00
869,6.24
952,0.00
508,6.34
575,0.00
515,6.48
184,6.43
804,6.47
718,6.51
844,0.00
536,6.61
522,12.43
601,6.47
173,6.48
910,6.39
275,6.50
350,6.41
38,6.28
53,0.00
869,6.44
146,6.34
501,0.00
496,0.00
936,6.17
45,0.00
972,6.29
364,6.40
117,6.37
92,6.37
778,0.00
461,6.29
559,6.42
985,0.00
424,0.00
266,6.32
86,6.41
342,6.28
645,6.34
405,6.35
244,0.00
130,6.26
274,6.35
833,6.21
966,12.24
152,6.36
589,0.00
413,6.24
88,6.14
526,0.00
895,0.00
952,6.12
514,6.12
351,6.22
293,6.20
581,0.00
47,6.29
619,0.00
853,6.09
554,0.00
722,6.09
935,0.00
349,6.11
382,0.00
623,6.00
902,6.01
257,5.95
534,0.00
539,12.23
592,12.31
675,5.89
608,5.93
410,5.96
531,5.96
593,6.08
545,0.00
470,0.00
615,6.02
194,5.96
315,6.01
645,0.00
579,5.89
278,5.97
30,5.84
683,5.84
355,5.90
882,0.00
850,12.38
653,6.01
568,0.00
758,0.00
857,5.89
538,5.87
350,5.71
521,5.95
212,0.00
895,5.77
230,5.86
779,5.81
466,0.00
748,5.90
942,5.79
659,0.00
112,5.95
472,0.00
745,12.26
649,5.97
55,6.00
31,5.86
77,5.77
622,0.00
161,5.74
757,5.77
970,0.00
764,0.00
408,5.82
706,5.69
785,0.00
890,5.78
481,5.87
654,5.93
201,5.86
443,5.80
406,5.84
509,11.83
937,5.95
586,0.00
955,5.80
446,5.87
897,0.00
329,6.05
16,5.89
147,5.82
535,0.00
600,5.71
252,5.70
569,0.00
530,5.71
746,5.91
959,11.91
368,6.01
233,0.00
648,5.90
984,18.23
580,5.99
416,0.00
559,5.93
151,5.93
719,5.91
373,0.00
287,5.93
852,11.86
189,5.96
868,0.00
768,5.92
647,5.95
710,5.92
435,0.00
331,5.99
398,0.00
364,6.05
151,6.10
302,6.08
730,0.00
513,12.00
739,6.02
760,6.02
831,11.80
873,6.15
253,6.30
28,6.27
504,0.00
500,6.25
447,6.25
856,6.29
278,6.41
177,6.18
731,0.00
184,6.17
616,6.16
985,0.00
830,6.15
723,6.20
719,12.10
16,6.37
459,6.15
221,6.10
346,6.29
919,12.21
52,6.33
483,6.22
276,6.34
35,6.34
515,0.00
648,6.38
240,6.47
853,6.40
276,6.55
952,6.35
657,6.41
147,6.44
720,6.57
514,0.00
957,6.42
358,6.43
934,0.00
381,6.64
555,0.00
856,6.60
720,0.00
68,6.70
466,0.00
573,6.71
297,6.80
881,6.60
106,6.60
285,6.81
967,0.00
357,6.68
920,6.67
101,6.75
176,6.69
600,0.00
484,6.72
669,0.00
842,6.64
500,12.54
557,6.79
363,6.80
810,0.00
728,12.68
524,6.80
786,0.00
721,6.72
910,6.86
865,0.00
23,6.85
707,6.98
516,0.00
362,6.98
726,0.00
273,6.93
895,0.00
114,6.91
922,12.83
614,6.98
687,0.00
322,6.87
586,0.00
245,7.00
712,0.00
334,6.82
208,6.69
63,6.70
792,0.00
819,6.71
287,6.74
762,0.00
569,0.00
757,6.64
282,6.72
292,6.73
993,6.62
90,6.78
31,0.00
261,6.59
115,6.49
571,6.49
73,0.00
358,6.61
331,6.44
732,6.42
201,6.48
796,6.49
909,6.45
763,6.51
232,6.51
63,6.50
948,0.00
668,6.53
190,6.54
300,6.52
188,6.47
37,6.44
359,6.32
448,0.00
240,6.26
853,0.00
431,6.28
46,6.33
768,6.15
638,0.00
905,0.00
644,6.09
446,0.00
329,6.13
673,0.00
952,6.26
294,6.10
82,6.16
445,0.00
916,0.00
189,6.16
415,12.85
587,6.16
533,6.28
239,6.19
664,6.07
438,0.00
843,0.00
397,6.08
128,6.08
117,0.00
354,0.00
906,12.84
282,12.79
500,6.18
446,6.19
708,6.13
413,6.22
471,5.95
384,0.00
229,6.11
742,12.99
56,6.01
28,5.99
572,5.96
739,0.00
631,5.99
905,0.00
107,6.05
677,0.00
843,6.10
3,6.10
380,0.00
454,5.96
757,5.88
233,0.00
382,0.00
995,6.06
470,6.02
699,6.06
151,6.19
809,0.00
528,0.00
413,6.26
201,6.26
927,12.98
107,6.48
159,6.30
696,6.21
45,6.31
622,6.27
620,6.28
786,6.41
928,12.75
282,6.33
228,0.00
412,6.42
169,6.34
377,6.36
68,6.34
27,6.34
173,6.26
852,6.22
880,6.24
181,6.12
694,6.10
341,6.14
461,0.00
215,6.23
693,6.20
767,6.27
255,6.38
365,6.42
931,6.31
509,0.00
309,0.00
528,6.33
990,6.37
70,6.44
300,6.28
633,0.00
512,6.22
329,6.29
566,0.00
796,0.00
53,6.22
81,6.22
465,0.00
886,0.00
355,6.11
714,0.00
918,6.36
418,6.35
199,6.35
502,6.29
292,6.36
743,6.29
646,6.36
692,0.00
306,6.33
761,0.00
816,6.40
629,6.49
530,6.33
591,6.40
853,6.47
440,0.00
922,6.45
186,6.55
52,6.46
268,6.37
104,6.42
85,6.30
559,0.00
896,6.21
423,0.00
817,12.38
753,6.28
287,6.28
839,6.36
5,6.36
315,0.00
140,6.50
985,6.29
259,6.29
252,6.26
140,6.14
100,6.04
851,0.00
318,5.99
660,0.00
196,6.08
66,5.96
117,5.93
807,0.00
499,5.97
222,5.97
108,6.00
71,5.88
863,5.82
701,12.23
174,5.86
57,5.86
798,0.00
625,5.76
918,5.90
206,6.08
325,6.06
975,12.40
779,6.13
66,6.13
999,6.05
761,0.00
991,6.07
197,6.06
549,0.00
76,6.06
469,6.04
170,5.97
130,6.01
327,5.95
919,18.25
61,5.78
617,5.70
796,0.00
763,5.86
136,5.95
797,5.85
735,5.85
780,0.00
95,6.04
254,5.93
950,5.85
472,5.86
730,5.91
695,6.10
50,6.02
948,6.07
57,6.07
804,6.09
449,0.00
946,6.05
482,0.00
554,0.00
691,12.49
148,6.00
804,6.05
14,5.92
245,5.85
103,5.77
337,5.75
981,0.00
244,5.90
847,0.00
684,6.01
650,0.00
963,0.00
427,12.40
96,12.22
374,5.87
689,0.00
657,5.84
651,0.00
947,5.95
96,5.90
959,6.00
749,6.01
390,0.00
488,6.00
521,0.00
347,6.00
582,6.03
249,6.04
33,6.00
453,0.00
530,0.00
948,6.12
802,12.07
713,6.21
795,12.02
8,6.36
118,6.33
586,0.00
728,6.19
623,6.08
133,6.18
516,0.00
980,12.33
118,6.20
278,6.05
633,6.20
916,0.00
109,6.15
520,6.11
407,6.12
430,0.00
982,6.13
121,6.23
326,0.00
257,6.18
485,0.00
331,12.12
525,12.00
591,6.20
773,6.21
714,12.32
207,6.21
81,6.19
563,0.00
113,6.11
618,6.12
148,6.12
964,6.02
51,6.05
862,0.00
854,5.82
164,5.79
779,0.00
180,5.81
480,0.00
143,5.85
174,5.88
849,0.00
433,0.00
92,5.83
229,11.72
600,5.78
276,0.00
916,11.69
142,5.87
398,5.88
143,5.87
584,5.86
695,0.00
242,5.96
471,0.00
26,5.81
368,5.76
844,0.00
894,5.58
105,5.81
32,5.74
44,0.00
599,0.00
110,5.71
594,11.60
471,5.70
627,5.70
721,5.62
806,5.63
263,5.62
108,5.69
142,5.51
973,5.58
758,5.63
204,5.72
693,5.63
730,5.69
288,5.77
886,5.68
372,5.80
492,0.00
282,11.84
741,5.73
145,5.60
470,5.53
885,0.00
293,5.55
146,5.54
461,0.00
274,5.53
372,0.00
427,5.59
774,5.43
657,0.00
243,5.50
37,5.46
330,5.47
162,5.35
392,0.00
457,5.27
294,5.28
383,0.00
510,5.31
79,5.31
195,5.28
332,5.28
407,11.34
18,5.29
291,0.00
115,5.24
747,5.25
420,0.00
183,5.25
202,5.08
854,0.00
932,5.08
865,11.16
808,5.12
45,5.20
460,0.00
994,11.18
491,5.30
179,5.20
72,5.32
942,0.00
51,5.28
88,5.30
250,5.21
677,5.11
874,5.19
789,0.00
829,11.16
46,5.34
833,5.12
316,5.17
817,5.28
31,5.33
111,5.12
727,5.10
124,0.00
909,0.00
507,10.92
981,5.30
966,5.24
620,0.00
986,5.27
163,5.40
65,5.36
918,0.00
957,5.47
664,0.00
376,0.00
449,0.00
501,0.00
147,5.39
254,5.38
44,5.29
763,5.23
537,0.00
661,5.22
369,5.24
104,5.30
991,0.00
745,11.11
415,5.51
159,5.51
676,0.00
43,5.43
445,0.00
282,5.32
647,0.00
417,5.35
285,5.40
707,5.46
630,5.53
791,0.00
108,5.54
515,0.00
563,5.57
867,5.62
162,5.67
351,0.00
403,5.59
289,5.58
149,5.66
483,5.62
165,5.58
382,0.00
378,5.65
855,5.73
550,0.00
487,5.68
846,10.82
594,5.67
893,5.78
880,5.92
291,5.95
262,0.00
85,5.99
772,0.00
414,5.98
345,5.91
621,0.00
689,5.77
868,10.98
407,6.05
312,5.83
841,0.00
622,5.93
976,0.00
12,5.96
548,6.01
400,0.00
3,5.93
910,11.04
260,5.93
721,11.02
808,16.98
184,6.12
548,6.02
551,6.05
996,0.00
167,6.09
938,11.22
635,5.99
379,0.00
57,5.97
207,5.97
283,6.01
700,5.90
286,0.00
119,5.95
806,11.35
451,5.84
190,6.00
972,0.00
197,6.08
407,6.00
10,6.05
637,6.03
713,0.00
174,6.17
747,0.00
895,0.00
545,6.21
182,6.23
722,0.00
72,5.99
899,5.98
385,0.00
851,17.04
986,11.62
517,6.13
49,6.13
995,6.25
238,6.26
714,0.00
531,6.12
598,6.20
54,6.30
165,6.05
196,6.06
587,0.00
335,6.08
123,6.04
356,0.00
510,6.05
889,0.00
520,6.11
933,0.00
907,6.24
90,6.35
168,6.27
861,0.00
844,12.02
719,0.00
636,12.17
548,12.11
592,0.00
796,6.30
564,0.00
350,6.21
490,0.00
790,12.05
523,6.29
309,0.00
916,6.21
453,6.30
848,0.00
489,6.10
857,0.00
256,6.38
155,6.26
417,6.20
426,0.00
931,6.31
286,6.34
212,6.21
391,12.14
361,6.23
867,6.15
569,6.08
35,6.05
326,6.05
799,6.06
954,12.22
745,6.07
188,6.16
838,0.00
763,6.27
603,0.00
936,6.39
441,0.00
335,6.33
162,6.43
480,0.00
171,6.29
686,6.30
674,0.00
919,6.28
959,6.44
137,6.33
538,0.00
527,6.29
750,6.37
683,0.00
903,6.51
281,6.36
404,0.00
334,6.30
479,6.31
182,6.41
276,6.32
885,6.33
686,0.00
88,6.32
475,6.32
860,0.00
251,6.32
314,6.46
190,6.34
267,6.40
993,0.00
909,6.48
733,0.00
801,6.52
285,6.51
204,6.51
909,6.53
915,12.99
571,0.00
668,13.18
996,6.55
593,6.62
813,12.74
543,0.00
688,6.68
307,6.62
314,6.73
566,6.66
590,6.74
299,6.90
350,6.79
690,13.05
526,6.75
398,0.00
954,6.93
371,6.80
268,6.80
43,6.81
461,0.00
968,6.62
289,6.76
252,6.69
206,6.74
920,6.72
525,0.00
16,6.60
538,0.00
463,12.86
839,6.71
208,6.72
752,6.52
178,6.74
845,6.75
329,6.83
121,6.75
833,6.60
231,6.68
456,6.52
211,0.00
968,6.52
428,6.45
157,6.52
108,6.34
242,6.34
161,6.36
122,6.29
969,0.00
475,6.34
19,6.40
673,0.00
20,6.22
912,0.00
838,6.18
178,6.31
694,6.15
298,0.00
925,0.00
693,6.38
644,6.39
224,6.48
209,6.51
256,6.40
51,6.32
881,6.25
148,6.26
48,6.26
517,0.00
683,6.16
783,6.30
1000,0.00
443,6.51
316,12.70
800,6.43
726,6.44
630,0.00
784,6.74
10,6.43
719,6.30
101,6.35
763,6.32
894,6.37
765,6.37
227,6.38
358,6.37
84,6.47
827,12.95
594,12.88
792,6.37
446,0.00
273,6.38
933,6.36
802,13.13
79,6.34
655,0.00
909,0.00
784,6.47
461,0.00
309,6.41
857,0.00
214,6.52
854,0.00
717,0.00
859,6.63
425,6.47
459,6.56
234,6.57
870,0.00
187,6.62
985,13.35
571,6.63
322,6.69
63,6.67
152,6.67
759,6.67
672,6.68
538,6.69
545,6.57
435,0.00
420,0.00
793,6.69
120,6.77
677,6.74
707,6.83
85,6.80
815,13.24
280,6.85
916,6.76
623,6.77
114,6.88
209,7.00
127,6.97
552,6.97
358,7.11
243,7.01
107,6.98
612,0.00
819,6.96
290,7.07
934,6.96
467,7.26
507,0.00
964,0.00
639,7.20
379,7.12
45,7.23
912,7.22
565,7.39
284,7.29
73,7.38
373,0.00
450,7.20
667,0.00
365,7.12
656,7.20
634,0.00
967,13.49
258,7.14
977,7.05
126,7.11
732,0.00
318,7.09
992,13.50
141,7.25
907,0.00
879,7.17
513,0.00
860,0.00
291,7.23
149,7.30
643,7.04
784,7.13
39,7.15
376,7.09
365,7.13
785,0.00
961,7.01
689,7.02
409,7.10
496,6.97
74,6.99
239,6.84
165,0.00
574,6.92
698,0.00
32,6.89
536,6.90
621,6.91
479,6.63
267,6.71
406,0.00
733,13.28
693,6.69
108,6.57
566,6.69
710,6.81
871,6.88
133,6.68
253,6.78
751,6.67
30,6.73
361,6.72
900,6.59
454,0.00
737,6.72
754,0.00
986,6.69
567,0.00
210,6.89
893,6.84
74,6.85
291,6.67
146,6.73
858,0.00
126,6.73
272,6.72
409,6.70
799,0.00
669,6.78
181,6.92
596,0.00
980,6.74
75,6.49
523,6.61
787,6.46
738,6.59
84,6.33
601,6.32
475,0.00
366,6.37
151,6.41
222,6.42
354,6.34
426,6.26
584,0.00
885,13.54
434,6.37
117,0.00
256,6.20
729,6.24
42,6.35
397,0.00
592,6.28
451,6.14
755,6.15
856,13.29
171,6.32
364,6.30
467,19.76
671,13.38
554,0.00
551,13.33
678,6.19
234,0.00
300,6.14
540,0.00
415,6.08
913,6.12
778,0.00
920,6.23
46,6.31
119,6.15
306,0.00
344,6.26
936,0.00
56,6.13
698,13.07
741,13.15
881,13.05
412,6.40
564,0.00
103,6.27
704,0.00
65,6.50
900,6.40
602,13.14
9,6.41
264,6.33
644,0.00
760,13.34
733,6.39
754,6.50
770,6.40
828,6.51
3,6.58
122,6.52
64,6.50
62,6.41
679,0.00
634,0.00
276,6.33
620,6.37
191,6.21
81,6.32
262,6.19
395,6.15
342,0.00
819,6.25
496,6.25
944,6.12
258,6.25
955,0.00
147,6.38
814,6.26
819,6.32
135,6.26
852,6.21
234,6.36
713,6.26
727,12.65
53,6.51
107,6.33
357,6.35
435,6.37
563,0.00
716,6.30
677,6.36
523,6.41
385,6.37
156,6.40
650,0.00
834,6.36
682,6.36
368,0.00
419,6.29
811,0.00
592,6.37
80,6.43
840,12.63
895,6.46
627,6.50
662,6.46
887,6.73
827,6.79
429,6.79
110,6.99
104,6.96
689,12.91
550,7.01
680,13.01
127,0.00
929,6.80
903,6.82
860,6.96
411,0.00
531,6.97
555,6.91
115,0.00
980,7.05
166,7.08
557,0.00
572,7.02
836,0.00
252,13.50
460,7.32
499,7.08
192,7.09
21,7.14
643,0.00
389,7.21
651,7.11
538,7.16
178,7.08
873,0.00
601,7.07
200,7.19
607,7.20
930,7.33
73,7.44
773,0.00
625,0.00
734,13.90
574,7.63
86,7.59
775,7.58
912,7.61
453,7.69
271,7.63
879,0.00
538,7.61
627,20.73
711,0.00
717,0.00
477,7.70
459,13.86
894,13.93
84,7.75
981,20.17
952,13.78
900,7.55
611,7.60
946,0.00
554,14.18
876,7.77
67,7.85
958,7.81
358,7.86
293,7.83
401,0.00
135,7.84
785,7.81
863,14.30
257,7.90
794,0.00
363,7.84
119,7.78
950,14.24
425,7.81
241,7.79
218,7.79
493,7.68
661,7.79
547,0.00
115,7.59
360,7.59
804,7.37
932,0.00
682,0.00
527,0.00
521,14.59
730,7.61
818,7.69
681,7.64
212,7.67
705,7.56
774,7.47
185,7.48
150,7.48
705,7.46
711,7.52
635,0.00
495,7.39
16,7.51
233,7.26
516,7.26
44,7.30
222,7.25
569,7.33
672,7.10
883,0.00
913,7.23
942,7.35
351,7.34
922,0.00
347,7.12
115,7.23
494,7.11
568,7.02
362,7.16
308,7.09
651,14.48
532,6.96
889,7.05
411,6.95
435,7.11
180,6.98
98,6.99
258,6.91
211,6.95
938,6.84
385,6.96
140,6.82
744,0.00
910,0.00
85,6.81
249,6.80
888,0.00
864,6.90
811,14.68
858,14.54
18,7.12
845,7.20
661,14.68
381,7.05
494,7.02
447,7.01
149,6.92
128,6.89
437,6.90
238,6.93
842,0.00
565,6.81
395,6.82
94,6.87
140,6.79
586,6.80
724,6.81
685,6.83
338,6.64
533,6.58
330,6.74
855,6.76
629,0.00
136,6.82
65,6.79
392,6.69
708,0.00
135,6.57
296,6.68
178,6.59
133,6.50
149,6.56
989,0.00
749,6.43
159,6.43
981,20.93
354,6.51
619,6.62
314,14.03
250,6.72
824,13.88
12,6.41
35,6.55
971,0.00
730,6.51
710,0.00
606,6.54
924,6.69
257,6.59
183,6.54
26,6.60
616,0.00
597,6.56
649,6.50
279,6.70
743,0.00
365,6.61
808,0.00
36,6.72
142,6.61
779,0.00
965,6.85
110,6.82
661,6.74
704,6.82
510,6.83
704,0.00
820,6.79
882,6.91
756,6.95
536,6.87
829,6.93
668,7.01
382,7.21
215,0.00
979,7.11
162,7.23
342,7.15
349,7.05
78,0.00
378,7.05
935,13.81
57,7.12
129,7.09
978,0.00
197,6.88
243,6.77
628,6.89
896,6.89
160,7.02
473,6.86
383,6.81
682,0.00
514,6.90
632,6.98
528,6.86
84,6.87
657,6.83
201,6.86
528,6.84
413,6.73
615,6.85
334,6.98
868,0.00
841,6.91
395,7.14
725,6.94
379,7.04
911,7.11
13,7.13
80,7.18
679,0.00
478,7.07
963,0.00
722,7.12
488,7.17
804,7.18
867,7.29
657,7.30
377,7.15
413,0.00
574,0.00
949,13.78
987,7.09
473,7.10
115,7.22
552,0.00
745,13.58
88,7.11
67,6.99
889,7.12
625,7.08
167,7.09
274,6.79
758,6.84
837,0.00
117,6.79
671,6.85
973,0.00
58,6.85
469,6.72
491,0.00
413,6.74
251,6.69
81,0.00
399,6.69
783,0.00
685,13.42
412,6.78
314,6.56
880,0.00
203,6.52
114,6.40
416,0.00
740,6.41
929,20.31
411,6.52
946,6.38
373,0.00
464,0.00
726,0.00
897,6.56
716,6.67
969,13.55
382,6.77
998,13.73
196,6.77
630,0.00
132,6.75
110,6.66
678,13.56
992,6.69
81,6.75
318,6.69
268,6.67
844,0.00
728,6.72
973,6.79
887,0.00
654,6.78
424,6.82
462,6.75
788,13.54
203,6.76
497,0.00
37,6.64
373,6.53
929,0.00
675,6.61
896,6.50
243,6.52
689,0.00
839,0.00
824,6.50
696,6.58
985,6.67
575,6.68
697,6.65
313,6.71
893,13.84
217,6.80
127,0.00
174,13.82
400,6.75
238,6.53
244,6.57
99,6.43
2,6.44
291,0.00
214,6.55
633,0.00
349,13.69
534,13.63
397,6.64
371,6.52
848,6.46
410,6.51
28,6.56
273,6.47
613,0.00
121,6.35
542,6.35
389,6.41
533,6.33
334,6.34
733,6.38
154,6.38
457,0.00
418,6.23
529,6.23
20,0.00
367,0.00
462,6.44
87,6.31
356,6.22
276,6.30
987,0.00
321,6.24
928,12.62
94,6.23
782,6.10
131,6.18
638,0.00
304,5.95
616,5.97
742,12.66
778,6.01
181,6.02
580,5.81
496,5.88
594,5.94
348,6.01
573,6.03
496,6.07
632,0.00
36,5.97
684,5.96
672,0.00
785,12.81
312,6.01
594,0.00
846,6.20
139,6.12
88,6.14
88,6.15
949,0.00
203,6.17
534,6.21
850,0.00
71,6.19
449,6.29
206,6.37
921,6.26
496,6.27
217,0.00
84,6.34
984,6.07
379,6.23
385,0.00
100,6.02
543,6.13
67,6.14
449,6.09
484,5.97
942,5.83
610,12.72
508,0.00
73,5.91
299,12.28
795,5.88
625,5.91
472,0.00
938,5.98
345,6.06
862,0.00
942,12.71
789,12.79
642,6.28
789,6.20
315,6.33
341,6.21
305,6.21
136,6.23
783,0.00
148,6.26
452,0.00
704,12.71
572,6.24
831,6.29
64,6.29
56,6.29
526,0.00
101,6.37
489,6.29
467,0.00
975,6.27
661,6.29
890,12.59
568,6.47
733,0.00
842,6.49
582,0.00
716,6.55
696,0.00
955,12.77
418,6.82
422,6.72
602,6.73
747,6.90
536,12.71
151,6.92
30,6.95
498,6.85
407,6.85
658,6.81
380,6.80
401,6.90
271,0.00
731,6.80
250,6.83
154,6.83
465,0.00
883,6.58
552,0.00
962,6.47
438,6.48
762,0.00
116,6.59
747,0.00
672,6.46
700,0.00
942,6.57
478,6.49
344,6.59
68,6.54
916,0.00
885,0.00
19,6.65
265,6.61
613,6.68
698,6.78
396,6.65
472,0.00
585,19.49
783,0.00
465,12.87
760,12.76
847,6.88
124,6.74
903,7.06
241,6.87
287,0.00
5,6.82
254,13.02
650,6.79
963,13.04
166,6.86
405,6.58
263,6.66
607,6.53
954,6.69
39,6.90
718,6.84
41,6.91
770,6.87
783,0.00
725,6.78
279,6.79
535,6.86
510,7.01
840,6.86
35,6.86
918,6.85
721,0.00
458,6.91
377,6.87
353,6.82
690,6.71
920,13.18
281,6.75
39,6.65
458,0.00
744,13.22
422,6.43
949,6.39
218,6.45
412,0.00
754,13.34
11,6.34
128,6.30
15,6.23
335,6.23
791,6.24
677,6.25
601,0.00
896,6.05
854,6.15
644,6.41
864,6.34
483,0.00
339,0.00
551,6.31
283,12.75
61,6.36
599,0.00
295,6.23
699,0.00
906,6.24
247,6.22
568,6.33
647,0.00
258,6.13
421,6.06
698,0.00
544,6.02
943,6.01
87,6.15
309,6.08
333,5.99
83,5.99
875,18.53
898,0.00
453,5.73
70,12.66
853,5.57
22,5.58
911,0.00
864,0.00
802,0.00
673,18.63
735,18.60
320,6.01
689,5.93
402,5.90
234,5.69
795,0.00
447,5.82
547,5.81
946,5.88
328,6.04
968,12.60
159,5.73
712,0.00
208,5.81
281,5.80
918,5.82
659,0.00
530,6.19
227,6.26
385,12.74
915,6.17
107,6.12
696,6.07
72,6.17
742,6.23
926,12.61
387,6.21
207,0.00
289,6.26
397,0.00
955,6.23
391,6.18
127,6.35
142,6.33
639,6.38
708,12.70
823,12.49
545,6.57
351,6.61
133,6.54
751,6.44
801,6.55
817,6.31
636,12.79
716,6.45
40,0.00
45,6.42
939,6.42
251,6.59
278,6.51
435,0.00
524,6.58
554,0.00
738,6.65
242,6.74
129,6.63
383,0.00
602,6.71
397,6.63
861,0.00
698,6.77
143,6.64
546,6.70
393,6.83
311,6.72
862,6.58
282,6.67
239,6.67
101,6.72
397,12.86
946,12.68
555,6.89
498,7.06
921,12.99
723,12.82
843,7.05
9,6.94
808,19.50
145,7.26
311,7.11
71,7.17
714,0.00
829,7.09
82,7.06
639,0.00
467,0.00
580,6.85
466,6.99
552,6.84
201,0.00
867,0.00
674,6.89
747,0.00
959,6.95
951,12.95
762,7.04
485,12.65
884,12.75
572,0.00
66,6.89
933,6.75
9,6.64
999,0.00
156,6.66
570,0.00
392,6.61
571,0.00
796,0.00
816,6.64
992,0.00
825,6.64
715,12.97
451,6.79
420,6.84
305,6.81
101,12.95
123,6.92
221,6.70
207,0.00
214,6.77
505,0.00
954,0.00
266,6.89
540,0.00
615,6.82
803,6.87
508,0.00
597,0.00
896,6.73
268,0.00
977,13.31
161,6.75
578,6.61
833,0.00
373,6.64
257,0.00
478,0.00
503,6.61
923,0.00
489,0.00
129,6.71
61,6.74
377,6.61
947,6.62
992,6.75
482,0.00
551,6.57
74,6.47
21,6.64
686,0.00
258,6.51
911,0.00
217,13.34
916,13.31
593,6.34
598,13.59
363,6.30
817,6.25
775,6.34
735,0.00
388,6.43
300,6.51
184,6.52
964,13.34
840,6.36
53,6.29
691,6.25
609,6.19
310,6.35
587,0.00
946,6.19
207,6.25
193,6.25
667,13.24
552,6.19
566,13.29
173,6.22
599,6.50
686,13.39
514,6.34
71,6.29
551,6.38
369,6.44
966,6.34
285,6.38
155,6.43
106,6.34
120,6.37
378,0.00
28,6.27
839,0.00
753,0.00
728,0.00
880,13.06
813,0.00
11,6.17
385,6.09
8,6.14
350,6.12
369,5.90
621,0.00
686,0.00
652,12.65
955,6.03
213,6.06
117,6.00
719,0.00
17,5.97
415,0.00
738,6.13
363,5.98
290,0.00
525,12.72
280,6.07
141,6.13
857,0.00
392,6.03
482,6.23
668,6.11
350,6.14
977,6.20
360,6.28
822,0.00
890,13.24
853,6.57
611,6.59
169,6.65
605,0.00
138,6.67
605,6.72
477,6.54
539,6.78
536,6.72
223,0.00
614,0.00
434,0.00
740,13.37
420,6.91
629,6.90
816,6.94
605,6.84
737,0.00
988,7.04
441,6.98
731,0.00
544,0.00
484,7.07
652,7.07
107,7.04
712,0.00
505,7.06
400,7.29
720,7.14
186,7.22
680,7.22
779,0.00
155,7.24
672,0.00
618,7.34
290,7.27
427,7.31
645,0.00
327,7.18
176,7.25
639,0.00
956,13.70
402,7.26
610,0.00
728,7.21
304,7.38
145,7.25
798,0.00
886,7.32
715,7.43
189,7.54
601,0.00
874,7.49
536,7.46
951,7.39
972,13.48
253,7.46
101,7.35
40,0.00
677,7.48
178,7.52
323,7.52
806,0.00
706,0.00
345,7.44
707,0.00
232,7.32
259,7.30
518,0.00
524,7.21
647,7.25
331,7.26
750,0.00
758,7.27
506,7.21
66,7.31
438,0.00
141,7.10
884,0.00
272,7.16
626,0.00
63,7.09
936,0.00
736,0.00
997,6.76
591,13.43
529,6.85
30,6.78
808,6.89
454,7.01
235,6.75
46,6.75
43,6.95
244,6.84
717,6.76
897,6.70
630,13.62
865,27.00
168,6.61
29,6.72
506,6.66
899,6.57
695,6.58
604,6.58
134,6.72
816,6.60
288,6.61
687,0.00
499,6.58
942,6.50
262,6.67
356,6.60
893,6.59
321,0.00
174,6.55
738,0.00
84,6.59
966,0.00
933,6.56
180,6.58
279,6.62
315,6.67
457,6.62
462,6.50
938,0.00
910,6.49
209,6.43
783,6.45
234,6.52
963,6.26
864,6.29
288,6.39
504,13.97
26,6.51
241,6.32
292,0.00
763,0.00
844,6.25
776,6.37
617,0.00
927,14.00
473,6.45
946,13.82
510,0.00
979,6.62
578,6.75
132,6.86
274,6.82
597,6.79
607,6.79
736,0.00
2,6.65
198,6.60
786,6.62
516,0.00
581,6.56
304,6.63
50,6.52
967,0.00
741,6.50
324,6.60
674,13.40
121,6.67
122,6.44
251,6.53
860,20.01
282,6.49
893,6.32
236,6.38
347,6.42
9,6.27
522,13.05
50,6.36
1000,13.03
332,6.32
992,6.30
394,6.34
367,6.33
658,0.00
792,6.26
210,6.35
456,6.25
881,6.26
343,6.32
803,6.38
420,6.30
393,6.55
216,6.38
255,6.21
262,0.00
315,6.30
12,6.21
265,6.25
299,6.07
167,0.00
326,0.00
496,6.06
404,0.00
612,0.00
828,12.62
229,6.08
265,0.00
177,6.01
40,6.12
823,6.13
122,6.26
691,6.15
853,12.75
879,6.48
240,6.44
944,6.53
556,6.60
803,6.77
945,13.04
370,6.75
708,0.00
917,6.62
967,6.81
81,6.82
16,6.79
878,0.00
89,6.72
729,0.00
731,13.22
827,6.72
924,6.73
609,6.69
222,6.75
669,0.00
90,6.63
109,6.53
342,6.53
254,6.52
387,6.51
872,0.00
734,6.64
725,6.72
637,6.77
347,6.73
757,0.00
424,6.83
88,6.78
515,6.77
254,6.77
739,0.00
262,6.73
205,6.73
133,6.74
52,6.65
423,0.00
693,6.72
569,6.73
303,6.69
636,6.74
633,6.79
558,6.72
76,6.83
472,0.00
673,6.86
496,6.83
424,13.14
871,20.11
435,13.27
48,6.80
11,6.74
614,6.93
965,0.00
924,6.82
839,7.02
843,0.00
515,0.00
439,0.00
787,6.91
574,0.00
390,0.00
478,7.02
563,7.01
770,0.00
855,7.02
163,7.17
663,7.07
806,7.10
527,0.00
968,7.08
471,7.10
228,7.13
287,7.06
135,7.08
190,7.03
848,13.27
312,6.79
220,6.73
696,13.19
329,0.00
309,6.59
144,6.52
613,6.57
308,6.64
541,0.00
884,19.46
131,6.56
874,6.49
307,0.00
467,6.36
7,6.51
918,0.00
50,6.35
859,6.41
794,19.61
103,6.59
21,6.41
991,6.35
8,6.36
479,0.00
814,6.24
729,0.00
275,6.56
2,6.57
767,6.56
443,13.19
440,6.55
786,0.00
426,6.58
467,6.43
154,0.00
77,6.64
893,6.38
249,6.48
921,6.53
248,6.66
158,6.60
840,0.00
226,6.58
918,6.57
770,6.70
416,6.77
70,6.76
647,0.00
737,6.78
440,6.85
604,0.00
61,6.72
333,6.62
268,0.00
321,6.68
947,0.00
838,13.50
983,13.60
761,13.56
75,6.60
837,6.69
790,6.83
378,6.75
758,0.00
916,6.69
387,6.70
738,6.60
130,6.62
586,6.60
144,6.60
35,6.59
467,0.00
622,6.48
848,0.00
400,0.00
530,6.35
546,0.00
479,6.32
663,0.00
876,6.37
287,6.32
193,0.00
257,6.35
390,6.24
864,0.00
63,6.53
858,13.17
329,6.52
265,6.46
386,6.43
784,0.00
394,6.52
26,6.47
915,0.00
858,6.49
638,6.50
997,12.94
224,6.47
36,6.59
737,0.00
222,6.45
318,6.37
632,0.00
39,6.50
767,6.47
824,6.56
219,6.63
359,6.48
108,6.29
85,6.29
251,0.00
578,6.38
569,6.45
680,6.27
349,6.41
645,6.20
238,6.21
146,6.23
88,6.16
217,6.13
101,6.04
925,5.97
948,6.21
587,0.00
603,0.00
865,6.22
2,6.35
613,0.00
724,0.00
703,6.50
949,6.56
933,6.65
707,0.00
66,6.69
730,13.28
877,6.59
81,6.45
540,13.27
53,6.43
301,0.00
640,6.38
591,6.39
405,13.01
112,6.41
479,0.00
951,6.40
790,0.00
805,6.38
706,6.40
393,0.00
370,6.44
966,0.00
497,6.46
368,6.42
319,6.58
973,6.50
237,6.69
673,6.56
639,0.00
327,12.87
274,6.66
272,0.00
208,6.72
454,13.03
683,6.68
382,6.83
829,0.00
223,6.72
176,6.79
30,6.82
627,6.72
232,0.00
708,0.00
204,6.83
561,6.83
749,0.00
89,6.88
610,13.27
908,6.91
267,6.92
33,6.82
980,0.00
799,6.77
177,6.79
957,6.82
290,0.00
778,6.95
530,6.96
280,7.05
638,6.86
424,6.90
772,6.98
104,0.00
524,0.00
353,7.00
956,7.01
807,7.03
958,7.14
445,6.98
207,7.09
647,0.00
97,7.21
816,0.00
540,7.18
509,0.00
807,6.95
49,6.94
393,0.00
251,6.94
232,6.96
813,13.19
830,6.80
23,6.74
773,6.73
208,6.80
565,6.65
965,13.42
237,6.99
440,6.73
319,6.82
691,13.26
951,6.92
138,6.93
654,20.18
395,6.93
645,6.96
283,7.08
444,6.83
265,6.83
20,6.89
933,6.91
821,7.03
644,0.00
501,7.01
532,6.98
726,7.00
995,27.08
79,7.06
384,6.86
846,0.00
267,6.81
276,6.74
984,6.81
968,6.70
519,6.78
161,6.78
536,6.64
456,6.78
393,6.72
114,6.81
721,6.69
444,6.69
71,6.91
353,6.66
341,6.66
749,0.00
36,6.68
589,0.00
309,6.74
759,6.75
332,6.61
941,0.00
584,0.00
240,6.67
576,0.00
438,0.00
609,6.77
317,0.00
683,6.62
377,6.51
30,6.63
167,6.63
13,6.59
523,13.63
910,13.52
159,6.66
460,6.51
471,13.44
332,6.54
119,6.53
735,0.00
166,6.39
329,6.48
978,6.43
302,6.54
458,6.48
3,6.53
46,6.34
894,0.00
443,6.36
120,6.36
465,13.15
757,6.30
652,6.34
196,6.28
944,0.00
813,0.00
318,6.20
977,0.00
397,6.33
559,6.34
693,0.00
438,6.49
277,6.33
490,0.00
912,0.00
399,6.36
525,0.00
294,6.46
127,6.34
970,0.00
781,6.30
126,6.44
717,6.24
628,6.25
468,6.30
463,0.00
731,13.27
790,6.36
97,6.43
612,0.00
542,6.54
694,6.57
984,6.56
875,13.42
319,6.72
411,0.00
42,6.65
448,0.00
804,6.50
568,0.00
700,6.43
31,6.43
650,6.46
537,0.00
839,0.00
878,26.81
871,13.46
241,6.51
705,6.62
470,6.44
307,6.56
237,6.58
435,6.41
429,6.46
920,6.48
617,0.00
794,6.46
551,6.55
145,6.56
519,0.00
239,6.63
946,0.00
776,6.56
68,6.46
81,6.42
658,0.00
886,6.34
129,6.34
991,6.41
780,0.00
679,6.49
220,6.49
506,6.57
307,6.60
266,6.47
740,6.49
789,6.56
532,0.00
567,6.31
463,6.39
349,6.37
80,6.39
62,6.26
711,6.25
590,0.00
316,6.23
854,19.63
54,6.39
543,6.30
774,6.30
142,6.20
585,6.23
562,6.41
155,6.29
719,6.21
142,6.30
864,0.00
905,12.64
399,6.49
390,6.39
753,6.52
334,6.48
605,6.33
636,6.30
283,6.25
893,12.77
277,6.42
895,0.00
806,6.23
937,6.25
310,6.33
833,6.29
26,6.37
608,0.00
609,6.26
860,6.32
762,6.41
368,6.52
284,6.39
200,6.47
946,0.00
467,6.53
853,0.00
989,26.64
366,13.04
457,6.48
58,0.00
573,6.64
369,6.65
364,6.48
293,6.52
25,6.50
416,0.00
887,0.00
748,13.03
920,6.54
837,6.69
241,6.77
776,6.58
261,6.64
487,0.00
496,6.56
440,6.63
637,0.00
460,13.23
780,13.11
463,6.77
937,6.93
466,6.82
538,6.87
274,6.89
859,0.00
155,6.82
916,0.00
543,6.79
785,0.00
274,6.98
317,7.02
119,7.00
141,6.94
772,0.00
171,6.98
23,7.00
457,6.88
560,0.00
535,7.01
140,7.02
507,0.00
16,7.08
282,13.32
367,6.93
325,6.82
379,6.78
687,0.00
881,13.24
436,6.97
948,6.89
160,6.93
138,6.79
796,0.00
730,6.82
114,6.78
152,6.63
82,6.64
772,13.08
328,6.55
238,0.00
284,6.57
931,6.71
636,6.83
679,0.00
938,6.87
419,0.00
900,6.78
110,6.84
318,6.71
441,6.72
510,0.00
307,6.64
890,12.94
199,6.64
34,6.53
900,12.92
371,6.78
21,6.79
76,0.00
336,0.00
826,0.00
708,13.13
337,6.68
399,6.62
222,6.58
654,0.00
46,6.59
854,0.00
973,6.50
382,6.32
237,6.43
824,6.54
436,6.45
998,6.49
310,6.50
123,6.55
349,0.00
811,6.42
33,6.49
575,0.00
711,6.33
7,6.42
447,0.00
139,6.32
435,6.35
515,0.00
210,6.27
894,6.29
549,6.30
173,13.01
973,6.35
253,6.37
813,6.34
544,6.32
338,6.42
648,6.40
769,0.00
162,6.61
465,6.52
524,0.00
406,6.45
946,6.44
524,6.63
440,0.00
579,6.73
770,6.80
498,0.00
583,6.67
62,6.64
847,6.64
807,0.00
299,6.82
582,6.82
534,0.00
591,0.00
347,6.79
985,6.91
1,7.04
264,13.71
850,6.99
639,7.08
167,6.85
252,0.00
456,0.00
689,7.09
513,0.00
466,0.00
257,7.08
17,7.03
825,0.00
288,6.90
400,0.00
584,0.00
816,6.82
676,6.80
743,6.92
891,0.00
416,6.99
613,7.02
63,6.95
277,6.89
552,0.00
585,0.00
866,6.78
947,0.00
679,6.89
862,6.90
147,6.92
675,26.57
186,6.97
780,13.39
940,0.00
502,7.04
134,7.00
939,7.07
777,6.98
500,0.00
280,6.96
570,0.00
998,6.99
98,7.10
487,7.12
1,7.09
430,0.00
590,0.00
546,0.00
969,0.00
342,0.00
222,7.05
867,6.88
33,6.81
218,0.00
301,6.68
87,6.71
480,0.00
490,0.00
581,6.74
436,6.83
510,6.68
173,6.71
695,0.00
7,6.42
895,13.20
2,6.44
616,6.51
660,13.18
812,6.58
199,6.53
107,6.43
128,6.31
546,6.33
349,6.50
147,6.43
223,6.40
602,6.36
135,6.40
78,6.28
651,0.00
44,6.14
830,0.00
906,6.14
729,13.11
119,6.27
134,6.12
359,6.13
46,6.01
282,5.98
663,0.00
134,6.00
71,6.01
86,5.94
495,0.00
498,0.00
799,5.87
13,5.89
219,5.89
905,5.71
700,0.00
958,12.63
397,5.78
573,0.00
658,5.91
162,5.98
950,5.89
155,0.00
814,5.84
440,0.00
408,5.87
713,0.00
306,5.85
828,5.86
199,5.91
156,5.85
496,0.00
158,5.76
906,12.64
406,5.70
875,5.75
568,5.66
710,5.72
672,0.00
723,0.00
999,5.74
673,5.79
401,5.90
5,5.86
107,5.83
52,5.84
386,5.81
811,12.72
76,5.76
951,12.58
1,5.70
311,5.66
143,5.82
381,5.80
48,5.75
143,5.75
886,0.00
400,5.57
640,0.00
659,12.16
909,5.65
218,0.00
951,5.58
329,5.64
999,0.00
762,12.25
446,5.74
923,5.89
46,5.72
51,5.78
27,5.76
172,5.70
875,0.00
332,5.69
519,0.00
383,5.65
437,5.65
185,5.72
532,5.66
919,0.00
438,5.65
554,5.75
656,5.76
943,5.71
305,5.88
96,5.77
64,5.74
147,5.82
983,5.79
903,5.92
115,6.01
755,0.00
685,5.93
325,6.00
771,5.91
354,5.97
811,11.78
322,6.15
919,11.94
644,18.77
372,6.14
147,5.96
604,0.00
90,5.97
608,0.00
741,0.00
745,6.00
174,6.07
262,6.08
180,6.11
55,6.03
521,0.00
752,0.00
644,6.20
807,11.85
664,11.82
980,6.25
328,6.07
789,11.89
326,6.28
357,0.00
187,0.00
10,6.16
914,0.00
442,6.00
699,6.09
107,6.18
780,0.00
388,6.32
360,6.33
183,6.34
844,6.35
119,6.36
304,6.36
614,0.00
993,6.43
870,0.00
518,6.43
496,0.00
837,6.51
22,6.50
878,6.48
200,6.55
932,0.00
673,12.31
170,6.53
910,6.49
188,6.50
465,0.00
426,6.44
482,12.17
839,6.35
911,6.52
843,6.61
908,6.51
144,6.64
651,0.00
883,6.61
268,6.74
29,6.71
582,6.77
578,0.00
375,6.73
405,6.63
616,6.73
243,6.77
327,6.80
54,6.69
908,0.00
47,6.73
163,6.74
793,0.00
734,6.64
565,0.00
10,6.74
141,6.75
654,0.00
991,6.68
261,6.66
636,0.00
5,6.59
910,6.51
342,6.67
163,6.74
375,0.00
388,6.68
227,6.42
476,6.50
625,0.00
763,6.39
243,6.44
637,0.00
118,6.44
434,0.00
561,6.46
128,6.40
671,0.00
914,0.00
752,12.63
333,6.38
820,6.50
156,6.55
794,6.34
454,6.34
338,6.29
43,6.35
100,6.23
164,6.13
356,6.16
675,0.00
750,0.00
507,6.10
696,6.18
345,6.08
498,0.00
917,6.20
601,6.18
810,6.09
283,6.11
492,0.00
723,6.13
443,0.00
209,6.18
897,0.00
169,6.21
906,0.00
2,6.10
877,6.19
22,6.07
395,6.19
169,6.15
609,6.22
310,6.23
762,6.00
998,6.01
542,6.18
911,6.23
567,6.12
121,6.16
315,6.08
407,6.09
239,6.03
178,6.16
499,0.00
582,6.13
638,0.00
171,6.26
351,6.11
884,6.05
666,0.00
926,6.11
85,6.19
906,0.00
483,6.07
676,6.09
547,0.00
588,6.08
795,6.17
665,6.27
251,6.14
600,0.00
346,6.19
117,6.12
573,6.04
723,12.92
488,24.88
862,18.76
954,12.88
66,6.28
863,0.00
823,6.33
679,0.00
530,6.27
608,6.33
213,6.39
923,0.00
386,6.30
33,6.34
424,6.34
991,0.00
191,6.20
635,0.00
615,6.28
747,6.40
503,0.00
447,0.00
856,6.36
574,0.00
280,6.55
513,6.57
156,6.59
14,6.50
417,0.00
400,6.36
336,6.40
908,6.40
441,0.00
633,12.64
834,6.30
836,6.23
250,6.36
37,6.30
490,0.00
833,6.26
964,0.00
639,6.37
441,6.44
882,0.00
141,6.45
768,12.75
421,6.47
658,0.00
198,6.50
942,6.55
37,6.61
350,6.61
291,6.55
404,12.58
764,6.77
194,6.66
2,6.82
165,6.80
397,6.74
639,6.79
925,0.00
393,6.84
202,6.95
537,6.72
128,6.70
517,6.70
972,6.79
621,6.78
157,6.81
657,6.73
665,0.00
62,6.83
360,6.79
736,6.76
170,6.88
888,0.00
661,6.82
752,6.85
526,0.00
629,6.77
111,6.66
66,6.62
945,6.64
48,6.66
203,6.70
185,6.78
852,6.65
869,6.56
932,0.00
377,6.56
96,6.63
499,0.00
277,6.64
73,6.69
742,6.64
512,6.65
928,12.77
221,6.69
76,0.00
476,0.00
272,6.47
948,13.02
142,6.66
295,6.50
277,6.56
394,6.49
852,0.00
295,6.53
275,6.49
243,6.49
602,0.00
115,6.64
783,6.71
73,6.86
816,13.12
676,13.21
205,6.84
516,0.00
958,6.96
679,0.00
629,0.00
458,6.83
95,6.92
473,6.83
109,6.89
147,6.68
199,6.61
992,0.00
960,6.65
309,6.66
205,6.66
53,6.56
460,0.00
612,0.00
900,6.61
686,6.68
722,0.00
746,0.00
635,0.00
951,13.36
156,6.35
119,6.30
619,0.00
594,6.48
390,6.35
287,6.43
753,0.00
771,0.00
855,6.44
23,6.59
506,0.00
274,6.41
185,6.40
725,6.31
98,6.46
86,6.35
38,6.36
241,6.35
909,6.23
851,13.08
395,6.46
199,6.32
39,0.00
487,6.36
574,6.36
875,6.44
173,6.44
965,0.00
578,6.51
212,6.55
306,6.39
414,6.47
134,6.44
227,6.35
301,6.48
369,13.17
339,12.96
381,6.52
622,12.91
151,6.44
696,0.00
760,0.00
973,6.34
818,6.44
108,6.49
157,6.55
590,6.36
333,0.00
373,0.00
854,6.22
972,6.15
804,6.23
294,6.25
36,6.25
207,6.25
851,0.00
824,12.91
11,6.30
61,6.05
338,6.06
399,0.00
615,5.99
526,5.89
400,6.07
591,0.00
313,5.96
469,5.86
556,5.95
416,5.91
316,5.97
828,5.97
389,0.00
163,5.97
198,5.97
559,5.87
435,5.91
83,6.02
479,5.82
768,5.79
671,5.82
70,5.90
748,0.00
119,5.73
167,5.67
329,0.00
187,5.83
687,0.00
382,5.75
106,5.67
649,0.00
955,5.53
482,5.69
202,5.72
898,5.58
353,5.76
236,5.62
612,0.00
277,5.63
965,5.55
612,5.65
742,5.72
416,5.82
741,5.76
731,0.00
907,5.89
213,5.78
168,5.82
713,0.00
735,0.00
611,5.75
542,0.00
785,0.00
930,5.70
818,5.78
542,5.77
950,12.12
896,5.92
200,5.78
774,5.79
188,5.84
623,5.81
924,5.85
862,12.30
888,6.04
857,6.05
631,12.45
813,6.28
445,6.30
867,6.22
315,6.31
343,0.00
571,6.39
982,6.52
839,6.41
715,0.00
209,6.58
690,6.57
409,0.00
936,6.80
110,6.81
533,6.73
631,6.79
128,6.76
184,6.80
90,6.71
136,6.71
939,6.63
868,6.71
975,6.70
854,0.00
388,6.81
319,6.91
212,6.74
716,0.00
413,12.80
478,7.00
463,0.00
902,6.88
829,6.83
334,12.62
762,7.01
208,6.85
128,6.87
565,6.87
133,0.00
200,6.95
512,0.00
399,6.96
544,0.00
273,6.99
957,0.00
184,6.99
978,6.99
79,7.18
123,7.00
302,7.06
674,0.00
875,0.00
532,6.90
986,0.00
713,7.02
36,7.05
979,7.17
271,7.26
135,7.20
830,0.00
854,13.09
492,7.25
822,13.27
16,7.33
645,0.00
498,7.33
704,7.23
990,0.00
751,7.35
254,7.48
518,0.00
986,7.47
914,0.00
723,7.60
453,7.59
127,7.60
95,0.00
232,7.54
619,7.53
180,7.60
326,7.51
96,7.43
947,7.31
779,7.42
109,7.12
711,7.24
738,7.36
441,7.26
275,7.27
124,0.00
376,7.03
553,7.14
455,7.19
454,0.00
543,7.09
300,7.08
69,7.05
960,6.94
585,0.00
876,6.91
84,6.90
187,6.86
790,0.00
38,6.90
599,0.00
153,6.95
787,0.00
919,6.97
493,6.91
706,0.00
895,13.72
972,19.72
499,7.00
211,7.00
253,6.84
112,6.84
763,13.96
206,6.95
203,0.00
590,0.00
89,6.95
945,0.00
740,6.91
407,6.99
522,6.82
490,6.95
414,6.74
98,6.79
443,6.65
290,6.78
56,6.60
673,0.00
668,13.65
375,6.58
81,6.59
69,6.53
227,6.61
191,6.60
318,6.49
149,6.40
241,6.24
401,0.00
696,0.00
200,6.02
656,0.00
477,0.00
971,0.00
224,6.02
258,6.01
385,6.16
736,13.36
927,6.19
547,6.20
46,6.09
522,6.01
975,5.87
461,5.98
589,0.00
796,25.57
333,5.84
106,0.00
406,0.00
305,5.79
57,5.69
780,5.67
843,5.73
875,0.00
965,19.30
680,13.42
519,5.76
473,5.61
416,5.79
827,5.70
619,5.68
365,5.78
110,5.76
187,5.76
939,5.69
925,12.55
42,5.75
713,5.72
592,0.00
559,5.71
831,5.72
170,5.90
648,5.84
530,0.00
916,5.92
566,0.00
668,6.05
793,6.01
145,5.91
529,0.00
862,5.97
865,6.00
75,6.00
737,12.89
1,5.99
339,6.01
873,0.00
459,6.03
468,6.15
609,12.97
353,6.34
468,0.00
765,0.00
580,6.19
279,6.45
66,6.33
430,6.33
90,6.54
785,0.00
837,6.45
484,6.61
837,0.00
796,6.70
645,6.80
613,6.97
30,7.12
588,7.15
101,7.12
941,0.00
40,7.19
59,7.06
799,0.00
214,7.02
749,7.05
750,7.15
256,7.02
248,7.08
75,7.03
522,0.00
188,7.03
262,7.04
154,6.96
633,6.98
907,7.19
28,7.00
547,0.00
544,7.05
361,7.05
670,12.94
230,7.35
991,7.16
84,7.37
578,0.00
629,7.22
482,7.37
995,13.18
282,7.40
692,7.54
770,7.44
823,13.06
542,7.38
573,7.43
736,0.00
980,7.32
15,7.42
298,13.28
702,7.49
831,7.50
146,7.24
383,0.00
110,7.21
386,7.21
466,7.26
327,7.07
42,7.09
660,0.00
399,6.92
856,6.91
471,7.00
877,7.02
989,7.03
939,0.00
169,7.12
112,7.23
348,13.24
185,7.15
710,7.06
284,7.05
430,0.00
80,6.95
681,0.00
588,0.00
91,6.85
615,6.83
338,0.00
781,0.00
583,6.72
285,6.76
837,6.55
347,0.00
53,6.48
735,0.00
384,6.18
614,0.00
466,6.08
368,6.18
399,6.14
676,0.00
584,13.39
347,6.20
13,6.14
504,0.00
268,6.18
867,0.00
700,6.13
577,6.21
728,13.17
178,6.11
507,0.00
738,0.00
638,6.03
254,5.99
966,5.84
995,13.11
6,6.11
137,5.87
267,5.91
296,5.79
844,0.00
749,5.73
759,0.00
481,5.81
404,13.31
699,13.18
468,5.77
97,5.87
554,0.00
590,0.00
924,5.74
212,5.83
236,5.76
217,0.00
422,13.12
927,5.92
449,5.92
362,0.00
895,6.11
730,5.93
380,6.10
179,6.08
214,6.00
219,6.06
114,6.06
29,6.06
585,0.00
934,12.93
731,5.91
563,5.87
654,0.00
880,5.75
55,5.80
653,0.00
916,13.03
748,5.97
360,6.07
23,6.02
36,6.13
593,5.91
375,0.00
855,6.03
354,5.90
976,0.00
866,6.01
591,6.07
882,0.00
976,12.56
534,6.22
505,6.24
422,6.32
441,6.24
67,6.26
498,0.00
228,6.20
162,6.20
682,0.00
52,6.19
393,0.00
791,6.19
910,6.21
35,6.37
94,6.23
562,6.20
328,6.25
689,6.18
721,12.55
990,6.35
376,12.35
885,12.44
134,6.41
875,0.00
775,12.27
935,6.50
285,6.42
288,6.30
767,0.00
162,6.40
856,0.00
823,6.44
980,25.31
152,6.40
633,6.61
862,19.97
87,6.81
464,12.63
857,6.80
56,6.82
8,6.76
819,12.51
453,6.89
749,6.75
435,0.00
850,6.99
457,0.00
244,6.95
492,0.00
780,12.89
824,6.86
840,0.00
851,6.99
557,7.02
75,7.06
915,7.05
307,7.12
732,0.00
987,13.02
743,7.19
71,7.21
422,7.10
270,7.05
522,12.83
621,7.07
985,7.08
705,7.02
410,0.00
982,7.15
74,7.30
263,0.00
622,7.27
164,7.21
667,0.00
418,7.25
777,7.19
461,7.25
391,7.28
755,0.00
460,7.22
837,7.09
196,7.17
202,7.17
437,0.00
952,7.11
541,7.22
697,0.00
709,7.15
491,0.00
379,7.13
13,7.01
672,13.37
884,13.40
779,7.14
227,7.16
342,0.00
909,13.67
974,7.25
67,7.28
587,7.08
177,7.17
870,0.00
844,7.03
969,13.40
834,7.10
513,7.11
959,0.00
483,7.13
296,7.02
108,6.82
842,0.00
73,6.79
801,6.79
716,6.81
101,0.00
601,6.75
179,6.71
930,0.00
250,6.44
649,6.41
426,6.53
224,6.42
535,0.00
899,13.47
828,6.60
537,6.50
496,6.53
52,6.42
991,0.00
346,6.31
891,6.43
596,6.35
626,0.00
625,13.66
24,6.47
313,6.46
654,6.46
743,6.48
620,0.00
221,6.49
495,6.57
366,6.58
142,6.46
891,13.44
201,6.28
177,6.38
619,0.00
427,6.34
273,6.38
431,6.16
237,0.00
601,6.25
706,6.32
517,6.13
735,6.15
221,6.15
750,6.17
668,6.18
858,6.16
829,6.07
13,6.18
697,13.35
205,6.32
802,13.45
688,6.30
333,6.29
663,6.28
324,6.45
520,6.33
623,6.41
568,6.51
803,6.15
544,6.26
520,6.28
917,6.37
528,6.23
520,6.32
787,13.36
491,0.00
728,6.27
842,6.27
902,13.40
417,6.25
796,0.00
593,0.00
423,6.49
372,0.00
796,6.55
133,6.59
332,6.56
975,0.00
51,6.67
31,6.63
895,6.57
758,0.00
919,6.68
733,0.00
748,6.72
702,0.00
687,13.26
136,6.75
488,6.64
269,6.72
15,6.72
643,0.00
865,6.63
294,6.67
989,6.68
945,6.67
254,6.78
798,0.00
514,0.00
81,6.75
595,0.00
726,0.00
93,6.66
150,6.64
827,13.01
28,6.59
600,0.00
557,6.55
510,6.62
646,6.60
494,0.00
516,6.64
575,6.78
273,6.72
139,6.84
287,12.96
707,12.80
405,6.85
357,0.00
221,6.95
511,6.81
140,6.78
213,6.78
578,0.00
715,6.72
857,13.06
830,6.75
840,6.65
544,0.00
930,0.00
522,6.79
525,0.00
280,6.65
49,6.70
753,12.78
860,6.67
582,6.63
236,6.67
494,6.52
150,0.00
803,0.00
921,6.50
388,0.00
35,6.64
127,6.52
435,0.00
45,6.37
624,0.00
213,6.27
50,6.19
492,0.00
996,12.85
507,6.22
67,6.32
746,0.00
35,6.22
425,0.00
26,6.18
370,6.11
186,6.06
746,0.00
924,12.95
834,19.25
981,6.20
86,6.04
961,0.00
783,6.13
309,6.20
856,6.11
698,0.00
761,13.03
270,6.25
827,6.25
398,12.70
379,6.06
93,6.17
665,0.00
566,6.21
641,6.15
418,6.26
848,6.34
682,13.05
82,6.46
766,6.35
422,6.29
367,6.34
301,13.02
413,6.41
687,0.00
992,6.30
23,6.37
605,0.00
707,6.29
975,0.00
907,6.35
858,0.00
611,13.31
605,0.00
9,6.52
518,6.48
637,6.49
116,6.53
202,6.38
580,6.44
895,6.41
378,6.43
914,13.04
83,6.35
655,0.00
1000,13.12
866,0.00
651,0.00
416,13.22
507,6.60
394,6.64
533,19.48
41,6.52
616,6.47
882,6.60
812,6.77
882,6.70
183,6.86
143,6.78
440,6.72
146,6.66
779,6.70
964,0.00
397,6.81
576,0.00
290,6.88
816,6.87
531,0.00
212,0.00
475,6.91
801,0.00
817,6.98
345,7.22
835,7.00
174,7.07
9,7.17
959,0.00
959,20.04
245,7.29
101,7.23
606,7.24
741,7.25
409,7.04
895,7.03
503,7.16
341,7.08
344,7.09
257,7.19
244,7.07
723,0.00
847,13.31
85,7.06
520,13.39
337,7.19
308,7.14
559,7.03
413,7.09
623,0.00
798,7.04
294,6.93
129,7.09
250,6.99
220,0.00
149,0.00
297,13.35
937,6.99
39,0.00
227,6.97
819,6.94
589,6.89
675,7.08
121,7.04
15,6.93
743,0.00
901,0.00
568,6.93
456,6.94
349,6.81
911,6.77
8,6.64
354,6.66
743,0.00
785,6.70
60,6.68
496,0.00
755,13.21
219,6.69
361,13.08
729,6.75
722,6.75
22,6.69
32,6.72
871,0.00
670,13.08
661,6.65
134,6.73
334,6.71
387,0.00
231,6.64
382,6.71
996,0.00
77,6.65
98,6.67
105,6.50
858,0.00
10,6.37
11,6.32
44,0.00
192,6.33
264,6.31
294,6.24
576,6.17
720,0.00
193,6.09
742,0.00
347,6.18
379,0.00
194,6.18
714,0.00
318,6.01
242,6.04
385,5.99
347,5.89
430,5.95
725,5.85
435,0.00
301,5.95
107,5.96
891,6.07
685,19.59
881,19.26
457,0.00
189,6.07
803,0.00
855,6.07
623,6.17
686,0.00
374,6.18
325,0.00
686,0.00
865,13.36
679,6.22
415,0.00
754,6.17
627,6.18
438,6.14
582,6.14
138,6.17
670,6.15
522,0.00
660,6.22
669,6.33
210,6.16
531,6.18
117,6.28
375,0.00
259,6.01
904,6.10
179,6.15
860,13.01
239,6.29
958,6.15
707,6.25
855,6.15
480,6.29
887,6.30
850,6.37
345,6.44
675,0.00
898,6.44
777,0.00
207,6.50
406,0.00
999,6.48
38,6.37
434,6.45
776,0.00
277,6.48
900,0.00
240,6.41
400,0.00
982,6.42
161,6.42
360,6.66
667,6.51
77,6.56
647,6.51
735,0.00
496,6.61
765,0.00
32,6.69
24,6.67
634,0.00
905,6.76
17,6.75
842,0.00
910,6.86
883,6.77
139,6.88
11,6.79
358,0.00
976,6.86
567,6.85
760,6.83
220,6.96
810,0.00
987,7.11
401,0.00
119,7.06
140,6.93
180,0.00
94,6.98
912,0.00
363,6.95
67,6.85
888,0.00
553,13.14
942,6.86
283,6.84
239,6.94
469,0.00
51,6.71
774,6.64
464,6.67
55,6.70
515,0.00
927,12.81
855,6.68
984,12.87
825,6.70
362,6.76
63,6.53
269,6.56
127,6.56
138,6.46
814,0.00
10,6.56
950,6.46
337,6.57
379,0.00
461,0.00
144,6.58
625,0.00
781,12.66
469,6.51
43,6.59
587,0.00
488,6.62
277,6.66
620,0.00
776,0.00
656,6.47
659,6.52
456,6.57
804,6.59
808,6.36
512,6.50
650,6.67
293,6.68
597,0.00
600,6.71
447,0.00
857,6.73
789,0.00
934,6.81
225,6.74
453,13.31
97,6.82
123,6.83
294,6.81
200,6.71
170,0.00
981,6.56
984,6.70
412,6.63
626,0.00
296,6.76
377,0.00
556,0.00
30,6.57
688,6.56
659,0.00
870,0.00
809,0.00
240,6.52
546,0.00
137,6.42
526,0.00
950,6.42
665,0.00
798,6.52
904,0.00
842,6.71
389,0.00
578,6.92
101,6.80
751,6.70
205,6.76
671,0.00
113,6.66
867,6.63
163,6.81
948,0.00
406,13.54
891,6.85
300,13.46
666,0.00
737,6.76
65,6.80
592,6.87
582,6.89
741,13.27
524,0.00
870,0.00
382,6.87
291,6.95
272,6.95
504,6.90
647,0.00
369,7.06
679,7.11
449,0.00
894,7.03
449,0.00
680,7.09
363,7.25
873,7.25
14,7.23
910,7.20
889,7.22
576,7.31
794,7.36
401,0.00
999,7.24
954,7.23
510,0.00
54,7.17
752,0.00
233,7.21
714,0.00
193,14.03
5,7.23
513,0.00
324,7.24
840,7.22
798,7.23
122,7.04
296,7.14
230,7.14
545,7.21
759,7.19
67,7.35
968,7.16
405,13.85
603,7.32
126,7.17
121,0.00
618,7.03
711,7.06
634,0.00
103,7.26
742,0.00
386,7.23
845,0.00
781,7.19
132,7.20
521,0.00
107,7.16
200,7.17
951,6.99
733,7.12
94,6.96
514,0.00
109,6.91
630,6.91
352,6.98
68,6.85
423,0.00
824,6.83
628,6.75
531,0.00
9,6.96
162,7.04
858,6.86
83,6.98
982,6.82
754,13.79
312,0.00
464,13.66
226,6.86
810,0.00
428,13.72
896,6.84
107,6.85
818,13.54
169,6.81
109,6.86
800,0.00
99,6.81
166,6.83
363,6.69
747,0.00
287,0.00
691,6.59
127,6.46
362,6.36
426,6.22
828,6.39
452,6.22
206,6.17
657,0.00
739,6.24
221,6.20
439,6.20
982,6.21
270,6.25
883,0.00
581,6.16
369,6.16
304,0.00
292,6.22
565,0.00
909,6.15
271,0.00
845,6.18
324,6.24
426,0.00
506,6.28
784,6.35
762,0.00
766,6.35
42,6.32
592,0.00
62,6.44
499,0.00
443,6.35
289,6.33
981,13.52
637,6.34
531,0.00
475,6.44
713,13.52
154,6.46
979,6.35
86,6.57
268,6.39
494,0.00
908,6.33
122,6.40
884,6.38
63,6.42
439,0.00
171,6.48
458,0.00
524,6.40
140,6.24
128,6.24
341,6.21
920,6.28
111,6.29
244,6.33
849,0.00
242,6.22
1,6.13
793,6.09
978,13.01
842,13.06
424,6.28
974,13.21
238,6.35
510,6.36
903,0.00
682,6.46
689,13.16
256,6.33
514,6.28
705,6.16
508,6.21
810,6.29
266,6.37
932,0.00
693,6.35
574,12.80
97,6.36
511,6.47
147,6.36
466,0.00
539,6.33
411,0.00
494,6.30
674,0.00
711,0.00
723,0.00
129,6.15
256,0.00
590,6.14
200,6.16
694,6.20
140,6.27
100,6.12
914,0.00
858,5.98
813,0.00
775,5.87
984,12.41
5,6.20
76,5.96
103,5.97
71,5.79
292,5.90
91,5.84
335,5.87
738,12.17
537,5.88
154,0.00
44,5.70
955,12.29
813,12.11
879,0.00
375,5.73
728,5.78
764,0.00
766,0.00
699,5.74
426,5.90
435,5.84
71,0.00
553,6.01
969,12.51
447,6.28
629,0.00
537,6.33
723,0.00
25,6.43
151,6.43
574,0.00
501,0.00
516,6.50
97,6.69
593,6.59
461,0.00
984,6.66
621,6.75
322,6.88
554,13.12
558,6.88
50,0.00
505,0.00
887,13.01
420,12.95
550,6.83
166,6.85
962,6.88
512,6.74
801,6.84
624,0.00
672,6.78
926,0.00
423,6.79
83,6.86
936,0.00
958,13.39
64,7.10
762,0.00
966,7.14
794,0.00
156,7.25
58,7.16
590,7.16
520,7.20
592,7.02
552,7.00
313,6.99
191,7.01
203,7.02
657,13.02
296,7.03
636,0.00
179,0.00
531,6.85
402,6.96
439,0.00
711,0.00
829,0.00
414,6.78
307,0.00
540,6.91
46,6.94
368,6.82
830,0.00
151,6.90
961,6.90
286,6.97
994,7.06
378,7.07
834,19.31
346,13.00
532,7.04
637,7.02
484,7.08
343,0.00
915,6.96
632,7.05
845,0.00
659,6.91
637,0.00
551,0.00
769,6.72
854,6.63
503,0.00
549,6.73
830,6.72
41,6.67
122,6.67
700,6.46
492,6.46
275,0.00
53,6.65
467,0.00
822,6.51
482,6.52
539,0.00
601,6.38
261,0.00
509,6.53
939,6.65
47,6.55
190,6.57
769,0.00
357,6.57
468,6.65
922,6.43
856,6.51
736,19.54
219,6.68
762,6.53
437,6.66
882,6.50
574,0.00
513,6.55
81,6.60
428,0.00
4,6.35
429,6.38
696,6.15
1,6.31
8,6.07
259,6.07
252,6.08
551,0.00
592,6.10
973,6.15
867,6.20
950,6.26
582,6.35
256,6.34
720,0.00
955,6.50
586,6.50
53,0.00
690,13.46
914,6.54
782,6.53
155,6.77
57,6.67
834,0.00
33,6.60
930,13.44
188,6.67
819,0.00
611,6.65
288,6.72
747,6.65
220,6.81
782,0.00
3,6.74
677,6.74
416,6.75
772,6.70
655,6.74
329,6.72
667,0.00
813,6.73
103,6.71
557,0.00
545,6.77
476,0.00
790,6.67
595,0.00
220,6.76
34,6.87
921,0.00
975,13.60
405,6.77
349,6.76
389,6.81
645,0.00
552,6.79
663,0.00
583,0.00
590,6.71
744,6.72
652,0.00
195,6.68
716,0.00
625,6.69
471,13.19
885,0.00
227,6.72
431,6.61
202,0.00
342,0.00
436,6.58
673,12.99
271,6.56
136,6.40
2,6.40
969,0.00
898,19.99
662,6.66
9,6.53
950,0.00
857,6.38
138,6.46
591,6.51
828,0.00
837,0.00
38,6.84
467,0.00
194,6.74
503,6.74
273,6.81
530,0.00
372,0.00
382,6.89
830,13.13
522,6.94
358,0.00
320,0.00
808,13.11
378,6.77
194,6.78
152,0.00
673,6.72
534,0.00
573,6.75
42,6.54
266,6.54
243,6.60
318,6.57
326,0.00
711,6.56
300,6.56
820,0.00
16,6.61
521,0.00
866,6.50
961,0.00
729,6.51
205,6.65
331,6.69
814,13.32
518,6.62
341,0.00
776,6.65
25,6.61
446,0.00
87,6.54
570,6.33
238,6.37
26,6.38
492,0.00
162,6.26
901,6.18
58,6.29
173,6.21
87,6.19
732,12.95
317,6.23
562,6.09
555,0.00
872,6.10
79,6.20
199,6.10
992,0.00
286,5.99
297,6.18
58,6.10
225,6.08
674,6.06
817,6.06
669,0.00
738,6.05
668,6.05
960,6.11
105,6.22
749,12.84
611,6.31
687,6.16
12,6.41
872,0.00
19,6.30
449,6.19
661,0.00
971,12.68
530,6.35
20,6.25
189,6.13
89,6.05
651,0.00
963,5.84
434,0.00
227,6.05
821,0.00
774,6.08
930,6.18
215,6.24
160,6.12
919,0.00
569,6.04
148,6.16
239,12.93
528,6.13
202,6.14
493,6.06
762,6.07
50,5.86
118,5.98
693,0.00
720,5.90
495,6.01
673,6.09
520,6.07
889,0.00
774,6.24
468,0.00
753,6.20
175,6.27
448,12.61
163,6.28
87,6.08
129,5.96
362,5.92
152,5.89
141,5.89
792,0.00
430,12.36
525,5.93
351,5.77
704,5.90
18,5.77
502,0.00
443,5.88
621,0.00
353,5.98
653,0.00
586,5.91
273,5.94
144,5.95
812,5.95
867,0.00
322,12.01
7,6.10
704,5.93
281,5.94
763,6.05
720,12.19
645,6.11
483,5.99
950,6.08
266,6.19
585,6.25
560,12.17
185,6.31
501,0.00
757,6.06
875,6.17
80,6.10
268,5.97
203,5.90
650,0.00
537,6.02
487,12.20
168,6.01
325,5.87
203,5.88
84,5.82
898,5.75
837,5.77
392,5.80
135,5.90
227,5.90
942,0.00
410,5.95
636,0.00
900,5.86
618,0.00
364,0.00
664,5.83
547,5.83
225,5.83
735,5.84
723,5.85
159,5.69
919,11.75
970,5.94
794,5.83
882,0.00
388,5.75
554,0.00
723,5.86
128,5.70
49,5.69
501,0.00
880,5.66
345,0.00
169,5.92
120,5.91
280,5.90
393,5.90
606,0.00
605,0.00
992,18.17
444,5.94
264,5.76
758,0.00
547,0.00
499,5.71
591,5.77
364,0.00
626,6.00
863,24.71
145,6.10
551,0.00
621,12.15
483,6.00
270,0.00
236,6.04
876,0.00
963,12.19
573,5.98
556,0.00
649,0.00
101,6.14
71,6.09
16,0.00
464,6.10
632,6.11
584,0.00
747,0.00
582,6.29
123,6.29
464,0.00
595,0.00
266,12.42
849,12.24
321,6.28
286,0.00
874,6.43
367,6.44
387,0.00
394,6.56
568,6.46
795,0.00
678,6.52
890,6.49
549,6.43
979,0.00
721,6.40
814,12.20
693,6.51
678,0.00
48,6.59
773,12.43
841,6.55
508,6.56
316,0.00
923,6.74
195,6.65
374,6.75
79,6.59
586,0.00
644,12.21
375,6.51
748,6.57
752,6.42
881,6.54
363,6.55
61,0.00
120,6.61
275,6.52
221,6.41
392,6.45
253,0.00
672,6.45
342,0.00
729,6.50
559,12.57
473,6.57
828,12.50
804,6.64
239,6.68
596,6.51
730,12.63
167,6.64
479,7.04
595,0.00
192,6.79
165,6.72
665,6.54
897,0.00
496,6.66
900,6.66
792,6.58
718,6.67
177,6.72
950,6.62
26,6.57
281,6.46
9,6.42
351,6.27
63,6.27
638,6.29
423,6.34
487,0.00
582,6.22
214,6.18
636,0.00
829,6.13
499,6.26
42,6.30
819,0.00
366,6.12
956,12.59
167,6.08
700,6.17
139,6.07
674,6.11
303,6.21
253,6.01
318,6.01
204,6.00
826,0.00
942,12.58
724,6.06
822,12.53
975,6.11
280,6.00
749,5.93
720,0.00
612,6.06
117,6.12
931,6.08
979,5.98
194,5.99
99,5.99
508,0.00
985,12.66
955,31.43
196,5.95
576,6.08
865,5.95
317,0.00
928,6.00
249,6.13
57,0.00
636,6.14
221,6.14
588,6.00
458,0.00
206,6.04
662,5.95
938,0.00
329,6.17
446,0.00
252,6.25
215,6.35
849,6.18
945,6.22
34,6.06
297,6.16
445,0.00
217,6.16
872,18.84
281,6.22
521,0.00
976,6.06
491,6.16
519,0.00
983,6.12
807,6.11
643,0.00
152,12.73
489,12.63
456,6.12
776,0.00
718,6.34
743,0.00
492,6.08
954,12.80
468,6.06
684,6.22
492,0.00
254,6.33
16,6.35
53,6.33
978,6.27
688,0.00
6,6.21
230,6.12
736,0.00
865,6.20
519,6.24
156,6.24
237,6.32
487,6.22
544,6.28
516,6.40
703,0.00
119,6.25
283,6.19
582,6.20
491,0.00
779,12.26
866,0.00
128,6.14
526,12.28
561,6.28
90,6.28
324,6.16
7,6.13
156,6.04
992,0.00
549,5.93
499,5.99
266,0.00
522,6.11
747,6.11
25,6.18
982,6.16
230,6.25
196,6.15
693,6.19
614,6.22
169,6.05
344,0.00
566,5.98
230,5.97
850,5.96
331,0.00
304,5.98
412,0.00
869,0.00
754,6.10
188,5.97
286,5.90
692,0.00
102,6.05
42,6.05
900,0.00
779,0.00
2,5.99
812,0.00
514,6.13
162,6.12
674,12.08
666,6.21
785,0.00
30,6.24
633,0.00
974,6.18
735,6.22
134,6.29
99,6.35
356,0.00
89,6.17
96,6.10
125,0.00
755,5.91
817,0.00
683,12.20
629,6.00
340,6.01
905,6.10
124,5.92
234,6.07
242,6.07
402,0.00
439,6.05
403,6.01
828,6.02
619,0.00
536,0.00
969,6.12
565,6.04
357,0.00
160,6.25
437,6.13
159,0.00
721,6.11
206,6.18
491,0.00
939,0.00
965,6.20
125,6.38
381,6.34
898,0.00
450,6.30
504,0.00
223,0.00
479,6.37
161,6.37
2,6.27
195,6.27
634,0.00
924,6.26
250,6.49
93,6.32
736,0.00
630,0.00
327,6.29
367,0.00
30,6.35
731,0.00
890,6.25
35,6.21
687,6.31
130,6.31
882,6.34
794,6.44
715,0.00
448,6.44
607,0.00
516,6.43
885,6.48
805,0.00
504,6.73
858,0.00
657,6.64
714,6.58
665,6.64
954,6.47
428,6.46
717,6.59
838,0.00
813,6.80
380,0.00
962,6.82
685,6.89
520,6.75
839,12.99
203,6.79
549,13.13
912,13.08
134,6.90
42,6.69
129,0.00
348,6.72
120,6.85
396,0.00
623,6.67
8,6.78
37,6.71
926,0.00
90,6.81
413,6.80
487,0.00
187,0.00
409,6.92
899,0.00
974,12.88
538,6.96
476,6.96
645,7.10
225,7.17
11,6.92
185,6.92
671,0.00
737,0.00
909,0.00
152,7.18
264,7.15
300,7.10
194,7.05
674,7.05
745,7.00
909,0.00
240,7.01
78,6.91
798,0.00
422,6.88
565,0.00
678,6.81
92,6.84
761,0.00
347,6.85
141,6.86
33,6.86
525,0.00
258,6.85
861,6.73
279,6.73
356,6.83
217,6.84
709,6.73
118,6.80
405,6.67
565,0.00
194,6.86
188,0.00
435,6.87
285,6.75
121,0.00
208,6.76
225,6.76
266,6.68
697,0.00
633,6.64
500,6.56
942,0.00
229,6.75
352,6.66
73,6.67
723,6.43
57,0.00
41,6.43
813,0.00
272,6.42
264,6.42
408,0.00
670,6.37
577,6.28
352,6.29
459,0.00
440,6.18
37,6.25
787,0.00
837,6.06
365,6.17
567,0.00
473,5.99
858,6.03
132,6.04
294,5.96
456,5.94
580,6.01
695,5.81
775,5.82
576,0.00
452,5.85
564,5.85
224,5.94
477,5.78
727,0.00
803,5.86
357,0.00
593,5.84
240,5.79
551,5.89
539,6.00
142,5.85
378,5.78
554,5.78
297,5.85
824,12.79
47,5.89
701,0.00
399,5.81
481,0.00
522,5.72
494,5.76
627,5.78
204,5.56
555,12.73
92,5.73
542,0.00
403,12.67
269,5.76
518,5.84
382,5.60
838,5.55
249,5.65
658,0.00
986,5.72
133,5.68
106,5.68
576,5.80
369,5.80
934,0.00
729,5.87
332,0.00
652,5.81
34,5.82
6,5.87
848,5.66
596,5.66
466,0.00
531,0.00
693,5.70
651,0.00
145,5.64
624,5.63
731,5.64
989,12.21
200,5.87
430,5.73
391,0.00
134,5.73
439,5.73
227,5.83
34,5.69
942,5.63
596,0.00
378,5.75
984,5.65
157,5.68
978,0.00
801,5.69
668,11.53
590,5.83
265,5.98
215,5.77
572,0.00
620,11.80
491,5.90
309,5.93
773,0.00
595,6.07
929,0.00
792,5.95
663,6.11
856,5.94
694,0.00
557,6.01
285,6.03
450,0.00
74,5.99
274,6.03
936,11.81
144,6.07
31,5.88
462,5.88
729,0.00
968,5.93
709,0.00
853,6.04
313,6.22
804,6.18
492,6.32
165,0.00
792,11.85
90,6.10
502,0.00
634,0.00
196,11.71
508,6.14
503,0.00
539,6.22
793,6.09
764,6.05
305,0.00
511,6.20
403,6.17
185,6.02
729,6.03
933,6.04
587,5.95
438,6.05
194,6.20
654,6.20
308,6.20
417,0.00
788,11.94
572,6.24
921,6.46
542,6.36
610,0.00
333,6.25
822,6.36
83,6.49
458,0.00
254,6.33
411,0.00
950,12.03
748,6.50
444,6.33
977,6.36
597,6.40
126,6.48
59,6.51
7,6.43
603,6.30
538,6.32
658,6.33
783,6.29
276,6.48
466,0.00
546,6.46
852,0.00
172,6.33
422,0.00
904,6.10
877,0.00
842,6.20
589,6.18
512,6.23
17,6.18
933,6.20
696,0.00
46,5.96
984,0.00
464,6.00
415,0.00
917,5.97
35,5.97
513,0.00
875,5.95
341,0.00
845,0.00
938,0.00
701,5.85
869,5.87
528,5.87
481,5.83
912,5.94
336,12.13
167,5.98
419,5.89
353,0.00
406,5.84
619,6.00
204,6.01
175,5.97
583,0.00
890,5.93
258,5.97
86,5.98
423,0.00
990,5.98
954,6.10
52,6.24
344,0.00
620,5.98
206,6.02
423,6.02
6,6.11
536,12.23
669,5.97
327,0.00
974,5.99
121,6.01
462,5.91
584,0.00
238,6.00
551,5.86
895,0.00
289,6.02
346,0.00
804,12.31
704,5.97
88,6.05
901,6.04
702,6.14
119,6.15
688,0.00
150,6.02
369,6.04
635,6.10
32,6.11
430,0.00
25,5.90
658,0.00
962,0.00
900,12.22
465,5.90
606,0.00
359,6.02
52,6.11
550,0.00
371,6.07
756,6.01
739,0.00
338,5.98
324,5.96
841,5.95
858,5.95
982,6.06
120,6.08
214,0.00
499,6.12
230,6.20
987,6.21
214,6.27
209,6.30
91,6.24
953,0.00
917,0.00
831,6.26
171,6.26
481,6.24
467,12.30
598,6.30
29,6.17
525,0.00
118,6.09
552,0.00
299,6.09
711,0.00
971,0.00
590,6.11
368,0.00
760,12.26
113,12.31
552,6.21
216,5.99
444,0.00
415,6.02
879,6.07
56,5.99
578,6.03
626,6.09
974,23.98
262,6.19
295,6.12
718,6.10
953,6.17
28,6.18
207,6.06
533,6.15
379,0.00
299,6.12
905,0.00
954,12.20
789,12.30
73,6.33
78,6.17
749,6.08
512,6.21
265,6.14
799,6.12
697,6.21
539,0.00
523,6.34
793,6.23
84,6.40
767,0.00
699,12.37
537,6.30
310,6.27
563,6.10
729,6.29
993,0.00
338,6.33
374,0.00
978,6.36
298,0.00
875,6.55
149,6.63
937,0.00
341,6.75
933,6.80
555,0.00
466,6.73
451,6.63
154,6.61
855,6.54
799,6.60
831,6.70
603,6.42
181,6.59
826,6.60
659,6.51
308,6.55
620,0.00
780,6.44
683,6.49
394,12.82
292,6.58
396,0.00
972,12.71
628,6.61
447,6.51
273,6.58
729,0.00
503,6.68
9,6.71
131,6.60
755,0.00
363,6.47
125,6.48
11,6.43
90,6.43
984,6.44
930,6.51
287,6.45
395,0.00
183,6.43
268,6.59
191,6.57
557,0.00
364,6.50
581,0.00
527,0.00
112,6.38
82,6.40
34,6.39
446,6.21
557,6.20
41,6.17
376,6.20
745,0.00
852,12.44
507,6.04
986,6.17
161,6.18
601,0.00
516,6.19
547,6.35
735,6.40
93,6.43
443,0.00
959,0.00
657,6.48
235,6.55
891,6.39
650,0.00
528,0.00
618,6.41
680,0.00
903,12.83
305,6.38
714,6.43
439,6.44
86,6.38
21,6.46
722,6.31
12,6.38
190,6.22
800,0.00
284,6.08
301,5.98
535,0.00
946,5.82
790,5.92
235,5.96
475,5.94
815,12.60
138,5.94
856,0.00
813,5.98
479,5.88
889,0.00
999,5.87
19,6.06
116,6.06
577,0.00
989,30.80
458,12.52
202,5.88
891,6.11
898,12.47
901,0.00
374,6.46
225,6.09
599,6.23
671,0.00
325,6.08
816,6.12
109,6.17
158,6.12
115,6.12
210,6.18
837,0.00
350,6.17
992,0.00
308,12.69
932,0.00
975,6.24
361,0.00
525,6.23
330,6.30
44,6.33
519,0.00
379,0.00
422,0.00
233,6.38
72,6.41
723,6.33
196,0.00
164,6.42
757,6.38
420,0.00
906,0.00
388,6.32
549,0.00
909,0.00
852,6.46
340,6.55
700,0.00
667,0.00
579,6.49
298,0.00
200,0.00
608,6.48
513,0.00
820,0.00
518,6.64
64,6.70
486,0.00
504,6.69
499,6.74
681,6.63
655,6.67
430,0.00
171,6.62
640,6.62
877,0.00
317,6.83
162,6.82
944,0.00
747,6.86
71,6.75
681,0.00
543,12.81
509,6.92
792,6.87
690,7.00
192,6.89
601,0.00
276,6.98
232,6.90
132,6.95
790,0.00
478,0.00
179,6.77
983,0.00
418,6.83
690,6.87
97,6.92
351,0.00
564,12.86
95,6.91
289,6.83
558,12.93
434,6.78
287,0.00
293,6.64
753,12.70
403,6.54
794,0.00
905,0.00
104,6.63
107,6.61
662,6.61
571,6.66
463,0.00
721,6.66
53,6.64
59,0.00
331,6.61
225,6.69
30,6.54
489,0.00
753,6.50
743,0.00
29,6.52
14,6.45
256,6.34
510,6.31
644,6.34
668,0.00
772,6.38
860,6.48
259,6.57
595,6.61
714,6.53
695,6.54
211,0.00
890,6.42
41,6.46
409,6.27
795,0.00
686,6.16
620,6.20
197,6.19
86,0.00
762,0.00
649,6.18
376,6.35
723,0.00
271,6.08
792,6.12
888,0.00
36,6.32
414,0.00
981,31.72
219,6.29
561,13.12
425,6.33
532,6.63
488,6.55
116,6.36
884,0.00
938,6.50
611,6.34
228,6.35
445,6.23
622,6.26
52,6.17
430,0.00
622,6.11
458,5.97
237,5.93
558,0.00
374,5.94
96,6.03
701,5.88
740,0.00
342,5.83
69,5.91
563,0.00
503,5.95
435,0.00
726,5.86
13,5.99
884,5.98
864,12.54
648,18.64
23,6.02
544,12.68
19,6.02
154,5.91
32,5.79
786,0.00
488,5.74
402,5.87
698,5.96
990,5.97
170,6.09
326,6.06
699,5.98
363,6.07
901,12.68
929,12.63
144,6.26
152,6.17
401,6.08
245,6.27
213,6.20
980,0.00
353,0.00
95,6.17
674,0.00
753,6.01
602,0.00
505,6.15
884,0.00
613,6.03
227,0.00
528,6.00
125,6.00
5,6.05
873,0.00
461,5.79
503,0.00
938,0.00
737,5.80
6,5.85
930,0.00
152,5.90
441,0.00
648,0.00
779,12.02
575,5.92
468,0.00
977,5.88
12,5.80
906,12.13
945,5.89
878,5.93
109,6.03
264,5.91
868,5.90
21,6.01
573,6.09
864,6.06
622,0.00
323,6.22
958,0.00
520,6.19
109,6.33
845,0.00
860,6.32
661,6.27
794,0.00
769,6.53
829,0.00
979,0.00
903,12.72
497,6.76
241,6.78
344,6.63
750,6.65
881,12.77
372,0.00
767,0.00
718,6.85
65,6.79
883,0.00
36,6.83
990,0.00
812,6.92
185,6.85
252,0.00
800,0.00
477,6.87
384,0.00
593,6.88
403,0.00
506,6.91
834,0.00
25,7.10
664,0.00
903,13.13
861,7.21
687,7.15
802,0.00
181,7.27
692,0.00
536,7.13
167,7.05
56,7.03
503,7.11
302,7.04
215,0.00
944,7.15
242,7.32
687,7.28
754,7.34
476,7.31
417,0.00
910,7.15
629,7.13
560,7.07
230,7.12
285,7.13
519,0.00
515,12.81
897,7.10
745,7.09
988,19.22
415,7.26
652,7.08
715,12.87
342,7.23
909,0.00
867,7.07
696,7.22
437,0.00
791,13.34
195,7.25
657,0.00
26,7.04
173,7.13
880,0.00
470,6.90
25,7.02
248,6.94
108,6.98
710,0.00
993,13.21
112,6.74
896,6.85
914,6.80
663,0.00
532,6.71
595,6.79
801,13.49
736,13.56
78,13.48
321,13.50
262,6.43
907,6.43
735,6.46
957,19.23
577,6.31
953,13.42
339,6.29
546,6.34
463,6.48
202,6.47
302,6.33
48,6.40
448,6.21
194,6.24
439,0.00
49,6.16
576,6.02
927,0.00
766,13.21
422,6.00
921,32.31
113,6.19
613,6.36
421,6.40
781,6.34
450,6.38
468,6.53
330,0.00
795,0.00
178,6.35
859,6.31
273,6.38
630,0.00
170,6.39
625,0.00
636,6.40
114,6.40
1000,0.00
586,6.37
48,6.48
851,6.50
890,6.49
370,6.65
143,6.57
867,0.00
836,19.56
300,6.60
952,0.00
9,6.52
288,6.57
912,6.33
971,6.46
562,6.42
738,13.60
332,6.56
78,6.44
568,0.00
537,6.48
651,0.00
153,6.63
201,6.66
113,6.66
471,0.00
813,6.66
683,6.67
109,6.60
256,6.56
116,6.62
627,0.00
870,13.15
368,6.57
344,0.00
431,6.55
817,13.23
787,6.54
867,6.61
621,6.61
895,6.61
153,6.74
107,6.75
984,6.70
191,6.71
474,13.19
943,6.79
455,6.87
190,6.78
149,6.65
468,0.00
216,6.71
685,0.00
972,6.83
620,0.00
458,6.92
922,0.00
700,7.07
590,0.00
121,7.06
613,6.96
595,0.00
924,26.26
74,6.83
547,0.00
377,6.71
774,0.00
559,6.82
619,0.00
84,6.88
917,6.81
204,0.00
211,7.02
969,6.90
538,6.99
6,6.95
852,7.02
450,7.04
976,0.00
234,7.03
37,6.90
648,0.00
722,13.43
516,6.87
799,20.69
183,6.92
983,0.00
531,6.86
956,6.87
59,6.80
715,13.30
775,6.76
445,0.00
227,6.73
595,0.00
113,6.58
469,6.54
910,0.00
489,0.00
335,6.75
460,0.00
800,13.44
740,6.72
769,0.00
852,13.40
275,6.90
976,0.00
468,6.82
171,6.81
908,6.84
860,19.96
209,7.00
433,13.53
411,6.91
428,6.87
914,0.00
464,6.87
236,6.95
584,6.90
88,6.93
633,0.00
20,6.85
711,0.00
581,6.79
994,6.80
546,6.94
611,6.77
542,6.71
245,6.70
916,6.60
539,6.74
897,6.66
932,6.68
398,0.00
839,13.70
267,6.66
928,6.66
662,6.61
578,6.51
168,6.66
499,6.52
65,6.53
976,6.36
676,0.00
107,6.42
867,6.36
337,6.41
654,6.36
516,0.00
345,0.00
550,6.29
451,6.19
651,6.16
455,6.20
747,6.34
896,6.33
870,6.34
803,6.42
666,6.48
921,13.31
410,0.00
810,6.37
163,6.42
296,6.46
597,0.00
787,13.32
619,13.26
722,6.42
844,6.55
515,6.58
28,6.68
257,6.44
115,6.41
621,0.00
602,0.00
661,6.54
292,6.46
541,0.00
292,6.38
699,13.19
575,6.48
262,6.40
349,6.30
994,0.00
990,19.92
180,6.39
62,6.47
70,6.35
793,6.45
111,6.28
67,6.24
214,6.18
379,0.00
334,0.00
501,6.09
668,0.00
599,6.10
555,6.15
986,0.00
532,12.95
414,6.30
361,6.31
907,6.18
128,6.19
738,0.00
921,0.00
205,6.21
172,6.14
871,6.15
32,6.21
626,0.00
842,6.03
830,6.20
689,6.27
699,6.35
654,6.36
11,6.25
183,6.45
897,6.30
24,6.34
118,6.37
756,0.00
402,0.00
888,6.44
496,0.00
335,0.00
569,6.28
28,6.20
143,6.12
740,0.00
938,6.14
637,6.21
887,0.00
938,0.00
500,6.27
190,6.34
806,0.00
931,19.60
102,6.17
254,12.53
962,6.40
409,6.34
522,0.00
470,12.91
154,6.41
138,6.35
482,0.00
814,6.23
989,6.38
449,6.34
316,6.42
372,6.60
282,6.41
912,0.00
659,6.40
937,6.48
548,6.60
33,6.65
726,6.58
373,6.66
357,6.50
153,6.46
574,13.02
655,6.61
624,0.00
452,6.64
578,0.00
402,6.66
410,0.00
559,6.75
118,6.70
301,6.70
74,6.78
900,6.72
142,6.72
433,0.00
137,6.82
639,0.00
318,6.78
485,0.00
354,6.85
717,0.00
685,6.89
340,6.83
514,0.00
628,0.00
12,6.93
572,0.00
812,6.79
744,6.85
165,6.94
49,6.97
776,0.00
959,19.76
951,13.07
283,6.77
92,6.70
992,6.83
79,6.95
37,6.74
350,0.00
476,6.75
479,6.92
193,7.06
999,6.87
955,6.90
859,0.00
307,7.07
548,0.00
540,0.00
849,0.00
755,7.06
781,0.00
897,6.89
812,0.00
133,6.96
68,6.97
670,0.00
469,13.26
630,6.85
135,6.80
734,6.67
98,6.81
924,0.00
447,6.71
991,6.65
126,6.78
741,0.00
48,6.62
728,6.55
714,0.00
549,6.68
674,0.00
645,13.17
936,6.51
366,6.55
954,6.51
697,0.00
433,6.46
567,6.38
731,0.00
935,13.10
949,13.15
194,6.57
401,0.00
216,6.52
460,0.00
231,6.46
131,6.51
625,0.00
408,6.43
344,6.49
270,6.45
570,6.39
401,0.00
887,6.33
519,6.27
268,0.00
28,6.32
409,0.00
542,6.14
412,0.00
571,0.00
747,6.20
190,6.24
337,0.00
782,6.18
18,6.24
769,13.10
230,6.23
913,0.00
952,0.00
187,6.18
743,0.00
340,6.13
300,5.99
662,6.05
73,6.14
74,6.01
534,0.00
222,5.86
35,5.83
756,12.83
806,5.87
365,5.94
894,5.87
148,0.00
357,5.95
950,0.00
837,5.93
268,5.91
587,5.96
51,5.89
470,0.00
909,12.70
686,6.08
234,6.15
726,0.00
991,6.00
224,6.05
651,5.99
962,6.13
894,6.23
23,6.19
65,6.23
951,0.00
879,6.20
666,6.24
42,6.20
464,12.76
451,6.24
707,0.00
734,6.28
798,6.21
104,6.31
879,6.23
130,6.24
375,6.13
295,6.38
514,12.54
911,12.50
180,6.21
204,5.92
336,5.98
197,6.05
300,5.97
219,0.00
351,0.00
735,6.01
73,6.08
311,6.07
107,6.00
949,6.01
196,6.02
266,6.05
347,6.09
868,6.12
654,0.00
568,6.17
776,6.14
629,6.27
187,6.17
42,6.09
335,0.00
246,6.16
169,6.14
312,6.06
69,6.04
171,6.04
391,12.19
920,6.03
309,6.09
255,0.00
634,5.97
108,5.91
508,0.00
700,5.84
586,5.94
585,0.00
296,6.10
145,6.10
383,0.00
981,12.03
980,6.11
362,6.27
382,6.13
634,6.24
42,6.08
943,6.05
444,6.12
356,6.09
981,6.18
773,6.37
309,6.37
545,6.40
490,0.00
465,12.57
964,12.47
80,6.78
258,6.60
387,6.49
232,0.00
427,0.00
194,6.49
614,12.71
17,6.47
640,0.00
390,6.34
710,6.33
851,6.53
417,0.00
23,6.49
164,6.47
902,12.73
481,6.48
988,12.66
837,6.46
862,0.00
152,6.51
716,0.00
80,6.51
183,6.50
312,6.50
313,0.00
392,6.58
595,6.66
738,0.00
607,6.50
148,6.64
528,6.63
572,0.00
455,6.53
352,6.65
161,6.74
714,6.60
730,6.70
978,0.00
209,6.63
543,12.79
802,6.76
870,26.01
311,6.90
558,6.69
323,0.00
347,12.94
846,6.88
791,6.75
816,6.91
186,7.00
915,6.97
178,7.06
396,7.14
527,7.11
744,7.18
476,7.24
704,7.25
856,19.36
301,7.32
708,7.32
22,7.19
85,7.21
905,7.10
424,0.00
195,7.05
220,7.05
703,0.00
586,0.00
648,0.00
650,13.28
148,7.25
983,0.00
921,7.17
134,7.26
587,7.21
295,7.17
500,7.18
703,0.00
727,6.86
254,6.67
65,6.62
344,6.60
786,6.49
677,6.50
123,6.59
174,6.51
771,6.51
484,6.57
521,6.60
505,6.74
713,0.00
20,6.64
516,0.00
33,6.57
240,6.57
93,6.54
835,6.54
327,6.56
518,0.00
349,6.53
910,6.41
469,6.47
187,6.65
230,6.48
126,6.38
750,6.38
641,0.00
916,6.41
612,0.00
761,12.98
567,6.51
348,6.42
215,6.43
409,6.49
301,6.39
820,6.49
142,6.58
208,6.48
238,0.00
101,6.48
225,6.39
405,6.30
455,0.00
769,6.35
253,6.22
327,6.39
6,6.25
531,0.00
566,6.15
962,6.26
675,0.00
341,6.05
650,0.00
870,0.00
850,0.00
501,6.27
528,6.36
18,6.16
851,6.16
680,13.26
756,6.22
160,6.34
653,6.46
509,0.00
472,6.29
234,6.29
252,6.27
516,0.00
493,6.19
448,0.00
843,6.34
517,0.00
737,0.00
337,6.36
978,0.00
809,13.48
910,6.58
941,6.43
327,6.58
830,6.54
22,6.55
583,6.50
912,6.60
830,6.67
220,6.56
227,6.56
809,0.00
217,6.72
71,6.63
289,6.50
876,0.00
479,6.36
500,6.41
751,0.00
470,6.43
263,6.61
142,6.61
451,6.49
770,0.00
973,12.99
62,6.59
992,19.59
61,6.53
117,6.61
888,0.00
830,6.76
293,6.62
455,0.00
954,19.96
209,6.77
434,0.00
362,13.36
528,6.90
53,6.72
283,6.86
297,6.86
405,0.00
100,6.84
945,0.00
618,6.76
184,6.87
254,6.97
859,7.02
339,0.00
23,7.05
621,0.00
995,13.53
185,7.11
446,7.04
745,7.12
203,7.09
241,7.10
121,6.99
164,6.85
892,0.00
748,13.01
800,6.70
616,0.00
801,0.00
985,13.32
258,6.88
928,7.14
579,13.31
276,7.18
549,0.00
96,7.03
178,7.06
853,0.00
252,6.94
368,0.00
379,6.92
116,6.92
123,6.95
344,6.77
360,6.82
904,0.00
120,6.71
984,32.13
704,6.71
509,6.80
81,6.67
685,6.72
764,20.01
608,13.27
975,6.76
582,6.92
2,6.77
339,0.00
787,0.00
971,0.00
6,6.80
498,0.00
168,6.73
85,6.72
78,6.72
626,0.00
763,6.63
629,6.73
973,0.00
292,6.71
117,6.77
168,6.79
877,0.00
530,6.70
809,6.81
468,13.15
629,6.73
368,6.71
2,6.68
321,6.62
671,6.65
37,6.66
513,6.58
561,0.00
375,6.48
692,0.00
283,0.00
268,0.00
386,0.00
21,6.33
991,0.00
400,6.25
926,6.32
713,6.39
63,6.15
320,6.08
21,0.00
448,6.11
406,6.12
789,5.92
595,0.00
802,6.04
195,5.97
380,0.00
234,6.07
781,6.07
691,0.00
691,6.11
729,6.06
197,6.05
658,6.00
875,0.00
474,0.00
909,19.24
468,6.00
997,0.00
545,5.93
399,5.96
306,6.08
763,6.11
62,6.15
335,0.00
40,6.13
467,0.00
322,5.91
531,0.00
146,5.94
556,0.00
697,5.86
258,5.91
853,5.89
826,0.00
45,5.95
835,0.00
668,5.80
589,5.89
738,5.83
491,5.76
153,5.76
72,5.81
272,5.65
214,5.62
251,5.61
655,5.62
409,12.27
275,5.68
645,0.00
770,5.66
441,5.49
466,5.63
973,5.67
871,0.00
112,5.89
546,0.00
542,0.00
879,5.83
910,0.00
814,0.00
312,5.93
358,5.93
688,6.00
824,6.06
741,0.00
379,6.00
107,6.02
119,5.96
69,5.88
953,0.00
147,5.90
112,5.93
925,5.87
730,5.89
244,5.96
692,5.85
774,0.00
414,5.91
347,6.02
546,6.10
361,6.07
758,0.00
789,6.03
37,6.22
617,0.00
998,6.19
923,6.29
625,0.00
32,6.34
963,0.00
26,6.10
581,6.09
539,19.17
568,12.06
240,6.22
549,0.00
288,6.26
277,6.06
487,6.17
563,12.25
615,12.07
746,6.25
395,0.00
719,0.00
422,6.06
361,6.29
477,6.20
857,0.00
184,6.38
738,0.00
375,6.49
728,0.00
16,6.45
690,6.44
107,0.00
243,6.62
888,12.47
575,6.42
604,0.00
888,6.43
442,6.32
395,6.44
318,6.54
381,6.55
193,0.00
697,0.00
979,6.64
734,6.72
230,6.89
787,6.71
589,6.72
332,0.00
543,0.00
293,6.95
867,0.00
166,6.81
133,6.83
622,0.00
980,6.77
596,6.77
135,6.66
321,6.66
816,0.00
249,6.56
708,6.54
54,0.00
441,6.63
968,12.53
801,6.71
66,6.85
729,0.00
762,6.84
876,0.00
939,6.93
225,0.00
410,6.95
121,0.00
239,6.94
812,0.00
448,6.83
58,6.90
426,6.88
501,12.81
45,6.93
988,0.00
489,6.80
999,0.00
29,6.92
720,13.13
380,6.83
659,0.00
825,6.87
137,6.92
198,6.95
348,6.84
592,6.84
196,6.85
678,0.00
103,6.79
867,12.98
980,6.78
191,6.73
159,6.65
243,6.79
663,0.00
235,6.59
28,6.60
778,6.41
304,6.46
638,0.00
615,6.45
689,0.00
942,6.39
840,13.07
886,6.65
698,0.00
466,13.14
671,13.15
286,13.03
494,6.80
116,6.93
671,0.00
392,6.63
469,6.70
22,6.72
394,6.64
532,0.00
943,13.51
67,6.68
845,6.66
516,6.74
424,6.57
870,0.00
801,6.50
555,0.00
928,6.66
98,6.67
778,6.63
427,6.64
925,13.22
873,6.64
211,6.92
241,6.71
485,0.00
238,6.68
832,0.00
277,6.66
661,0.00
50,6.68
724,0.00
954,6.49
677,6.56
933,6.61
13,6.66
3,6.51
148,6.54
725,0.00
452,6.54
825,0.00
939,0.00
17,6.65
360,0.00
209,0.00
653,6.59
510,6.43
832,6.42
278,6.52
639,6.62
945,6.39
930,6.44
947,6.45
143,6.58
491,6.60
909,6.80
387,6.83
988,6.76
187,13.63
265,6.84
929,0.00
701,6.87
878,13.54
995,7.08
663,6.76
358,6.83
279,7.03
787,0.00
502,7.08
949,7.19
220,7.30
45,7.23
375,7.28
929,7.24
729,7.24
522,7.15
715,13.71
668,13.65
275,7.13
341,0.00
731,13.83
851,20.24
342,7.20
825,13.93
416,7.26
774,7.15
799,7.23
547,7.34
58,7.26
120,7.32
980,0.00
494,7.25
624,7.19
754,0.00
815,14.02
436,7.30
161,13.62
373,7.33
111,7.18
115,6.94
328,0.00
757,13.58
731,6.95
64,7.03
496,0.00
963,0.00
970,7.05
520,7.10
612,6.88
210,7.13
682,6.98
611,0.00
648,0.00
216,7.28
754,0.00
413,7.28
954,7.40
171,7.60
959,7.42
267,0.00
172,7.64
663,7.48
985,7.49
548,7.55
91,7.57
241,7.57
447,0.00
294,7.42
844,0.00
87,7.24
551,0.00
878,7.28
576,13.99
394,7.19
922,7.19
325,7.29
895,7.24
887,14.12
119,7.38
44,0.00
184,0.00
509,0.00
825,7.29
689,7.09
453,0.00
502,0.00
86,7.05
696,0.00
252,6.98
479,0.00
193,7.14
784,0.00
667,7.10
153,7.10
336,7.07
113,7.00
677,6.99
345,7.03
304,6.76
581,13.95
628,6.63
707,0.00
219,6.52
4,6.41
999,0.00
586,6.46
474,0.00
974,0.00
826,0.00
966,13.90
416,6.64
285,6.65
67,0.00
766,6.57
489,0.00
597,13.91
892,20.25
773,6.79
31,6.66
574,0.00
502,13.68
410,13.68
738,6.65
823,13.64
277,6.70
203,0.00
265,6.75
713,6.49
578,13.53
992,6.37
882,0.00
18,6.40
836,6.19
575,0.00
171,6.17
505,6.16
708,6.18
961,6.14
349,6.01
429,0.00
709,6.20
217,6.36
826,6.40
866,0.00
512,6.35
361,6.45
593,0.00
230,6.36
332,6.37
655,0.00
845,6.25
915,13.52
134,6.39
520,6.18
816,6.34
74,6.41
51,6.31
738,6.24
287,6.27
813,6.30
1,6.35
193,6.35
533,6.16
26,6.27
825,6.14
710,0.00
122,6.19
839,0.00
727,0.00
832,6.13
739,6.17
977,0.00
658,6.36
293,6.49
927,6.43
468,6.49
735,13.26
782,13.42
906,13.36
998,20.52
152,6.68
878,6.58
277,6.69
577,0.00
931,6.51
817,0.00
551,6.61
550,6.56
322,6.56
378,0.00
413,6.52
242,0.00
814,13.10
101,6.53
35,6.44
928,0.00
379,6.35
940,20.16
42,6.49
214,0.00
954,13.22
497,6.40
281,6.43
19,6.44
607,13.02
709,6.54
253,6.63
99,0.00
730,12.71
795,6.51
433,0.00
335,6.37
182,6.37
449,6.39
994,12.63
890,6.29
335,6.36
101,6.32
780,6.19
302,6.16
525,0.00
159,6.22
933,6.12
157,6.19
424,6.18
530,0.00
242,12.49
188,6.00
537,0.00
664,12.19
218,5.86
621,5.80
929,12.30
438,0.00
323,6.00
166,5.93
292,5.96
353,0.00
300,5.85
395,5.95
142,5.78
36,5.80
173,5.72
70,5.64
68,5.59
6,5.61
610,0.00
834,11.85
372,5.36
652,5.45
411,5.50
552,11.86
102,5.32
959,5.35
198,5.23
384,5.20
198,11.84
685,11.95
458,5.42
893,11.88
268,5.47
779,5.35
449,0.00
516,5.42
719,0.00
886,5.47
151,5.48
206,5.52
599,5.58
444,5.66
1,5.51
126,5.46
94,5.51
832,0.00
917,5.61
397,5.69
524,0.00
420,0.00
269,5.55
663,5.55
629,0.00
170,5.60
543,0.00
840,5.59
872,0.00
171,5.53
833,0.00
281,5.63
32,11.91
804,5.64
856,5.74
301,5.45
953,0.00
980,5.69
351,0.00
382,5.67
325,5.83
701,5.72
280,5.78
343,5.77
555,5.66
503,0.00
225,5.75
705,5.60
277,5.70
803,0.00
299,5.70
841,5.83
736,5.93
222,5.93
537,0.00
648,6.00
874,5.93
416,5.84
437,0.00
751,5.83
281,6.02
428,0.00
81,6.01
157,6.03
50,6.03
212,6.02
825,0.00
569,6.07
164,6.21
46,6.12
765,0.00
908,6.13
112,6.22
717,6.17
442,0.00
628,6.25
116,11.54
433,6.33
371,0.00
449,0.00
638,18.29
12,6.36
669,0.00
298,6.19
386,0.00
922,6.08
773,6.21
469,6.07
98,5.99
420,5.99
958,0.00
282,6.08
674,0.00
726,0.00
795,6.20
313,6.14
385,0.00
790,0.00
533,6.26
93,6.19
276,6.28
173,6.21
466,6.21
410,0.00
799,18.25
301,6.24
655,6.11
550,6.23
279,6.23
342,0.00
845,18.00
390,5.97
326,6.00
216,6.12
265,6.12
442,6.08
811,0.00
396,6.09
11,6.13
994,6.04
526,0.00
758,11.81
785,6.09
440,6.10
370,6.01
434,0.00
587,6.18
77,6.19
421,6.16
934,6.16
87,6.16
609,6.06
315,0.00
576,6.07
853,0.00
383,6.10
685,0.00
742,6.18
84,6.18
414,6.18
676,6.25
781,6.26
263,0.00
836,6.12
73,6.16
829,6.16
348,6.29
290,6.24
644,6.24
882,6.31
97,6.40
937,12.43
865,6.44
950,0.00
240,6.33
453,6.39
646,6.32
977,0.00
631,6.30
59,6.39
962,6.34
854,0.00
862,18.14
135,6.56
824,12.81
206,6.62
732,0.00
1000,12.72
348,6.60
211,6.74
101,6.57
522,0.00
309,6.53
756,17.97
340,6.49
399,0.00
519,6.45
882,6.34
7,6.37
103,6.36
895,6.23
64,6.23
621,0.00
244,6.29
431,6.47
483,6.41
86,6.47
951,6.50
183,6.51
575,0.00
842,6.53
397,6.54
978,0.00
906,0.00
902,0.00
184,6.62
91,6.73
413,6.68
40,6.72
393,0.00
54,6.50
511,6.50
313,0.00
797,0.00
860,6.65
780,6.75
294,6.54
521,6.58
762,6.66
188,6.74
462,0.00
632,0.00
127,6.65
62,6.61
287,6.61
994,6.65
826,6.77
478,0.00
375,6.64
658,6.81
203,6.70
175,0.00
569,12.79
439,6.63
282,6.75
951,6.69
608,6.78
481,6.89
222,6.84
631,6.73
248,6.91
494,6.75
476,6.81
542,0.00
447,6.78
763,13.04
916,6.86
673,6.87
937,7.02
374,0.00
884,0.00
305,6.97
376,0.00
530,13.29
457,7.14
194,6.98
67,6.98
361,7.05
210,6.83
444,0.00
680,6.87
652,6.75
41,6.86
127,6.82
223,6.77
667,6.63
962,6.76
605,0.00
202,6.83
359,13.40
154,6.71
641,0.00
606,0.00
381,0.00
613,13.25
653,0.00
565,6.88
122,6.86
439,6.70
823,0.00
320,6.66
328,6.68
728,0.00
519,6.68
573,6.70
466,6.71
122,6.55
104,6.57
688,0.00
208,6.54
666,6.43
278,6.46
955,0.00
867,6.59
345,0.00
937,0.00
362,6.48
271,12.97
807,6.54
728,6.32
431,6.49
149,6.42
578,6.34
156,6.42
419,6.43
394,6.43
280,6.32
412,0.00
115,6.43
634,0.00
813,6.24
781,6.27
466,6.42
948,0.00
603,6.37
912,6.54
389,0.00
978,6.37
327,6.37
341,6.31
387,6.18
617,0.00
166,6.16
856,0.00
455,6.13
687,6.20
720,0.00
503,6.18
737,6.19
618,6.33
333,6.19
267,6.16
591,0.00
610,6.03
531,6.04
230,6.03
51,6.04
418,5.94
386,5.86
490,0.00
30,5.93
880,5.88
568,0.00
194,5.98
842,0.00
609,0.00
913,5.94
338,5.92
168,5.84
639,5.80
619,12.73
633,5.95
228,5.87
251,5.76
572,0.00
696,5.74
496,0.00
733,5.82
796,12.55
485,6.00
88,5.88
203,5.86
462,0.00
396,5.88
121,5.87
760,5.85
587,0.00
209,5.90
806,0.00
292,5.93
276,5.78
476,6.01
111,5.83
859,0.00
226,5.87
952,5.79
851,12.55
675,5.86
882,6.00
280,6.01
288,6.03
624,0.00
466,6.04
523,5.92
2,5.95
534,6.00
314,5.92
742,0.00
447,6.00
963,0.00
233,5.99
154,6.14
206,6.07
791,5.97
746,6.02
570,5.87
606,0.00
10,5.96
487,5.97
903,0.00
972,19.13
362,12.12
590,6.04
846,6.05
184,5.86
901,6.11
146,6.12
61,6.13
584,0.00
887,6.04
82,6.07
344,6.02
23,6.02
303,6.03
258,5.90
220,0.00
573,5.83
651,0.00
255,0.00
826,0.00
481,5.97
247,5.97
319,6.00
695,6.00
709,0.00
575,6.02
212,6.06
1000,0.00
784,6.06
204,6.19
887,11.99
23,6.26
889,0.00
437,0.00
13,6.17
683,0.00
918,25.41
382,6.20
976,12.29
188,6.40
772,0.00
372,6.31
481,6.24
15,6.22
829,6.19
783,6.29
107,6.44
19,6.22
475,6.23
399,6.25
531,6.27
16,6.43
209,6.21
834,6.22
219,0.00
278,0.00
487,12.34
977,0.00
932,6.64
469,0.00
952,0.00
932,6.62
763,6.69
303,6.57
715,0.00
400,6.62
638,0.00
995,0.00
220,6.64
785,6.59
868,0.00
650,6.66
279,6.67
544,0.00
530,0.00
228,6.85
752,6.87
294,6.69
772,6.67
677,0.00
606,6.78
23,6.83
738,0.00
73,6.78
7,6.78
680,0.00
549,0.00
743,0.00
12,6.66
660,0.00
490,6.61
588,0.00
938,6.82
158,6.93
513,6.91
856,6.90
848,7.07
74,7.11
622,0.00
426,7.09
1,7.15
878,7.00
15,7.08
864,7.00
942,7.09
336,7.09
241,7.09
717,0.00
142,7.00
765,6.94
656,0.00
647,0.00
626,6.88
405,7.05
872,7.04
732,7.13
801,6.99
460,0.00
979,7.05
727,7.03
795,6.99
194,7.00
319,6.94
473,6.90
973,13.09
58,7.02
870,6.94
797,6.76
933,6.94
950,38.42
678,6.84
131,6.65
381,0.00
572,13.19
593,13.22
562,6.57
786,6.58
283,6.59
577,0.00
904,6.50
954,6.59
532,6.72
155,6.75
522,6.67
205,6.74
917,13.25
122,6.71
209,6.60
314,6.61
220,6.71
230,6.51
45,6.41
711,6.39
469,6.42
732,6.23
721,6.42
231,6.36
783,0.00
577,6.20
535,0.00
239,6.16
332,6.22
4,6.05
404,6.09
435,6.10
894,0.00
194,5.88
604,5.81
58,0.00
643,0.00
895,5.89
181,5.87
384,5.79
752,0.00
479,0.00
442,0.00
836,5.89
249,5.78
718,12.90
459,0.00
414,5.65
882,0.00
477,5.70
856,0.00
696,5.70
149,5.90
821,0.00
16,5.82
821,0.00
135,5.76
658,5.84
298,5.87
209,5.68
963,25.08
510,5.77
538,12.64
604,0.00
959,0.00
465,5.78
129,5.89
907,12.86
483,5.85
968,5.98
416,5.95
819,5.98
606,6.01
184,6.03
328,5.88
386,12.80
224,5.97
196,5.80
632,6.10
177,5.99
359,5.86
483,0.00
917,6.05
232,6.02
74,5.89
812,0.00
97,5.90
948,0.00
719,5.81
296,5.85
409,5.81
308,5.97
64,6.01
915,6.00
9,6.01
802,0.00
996,5.98
99,6.15
216,6.19
9,6.20
821,6.17
291,6.24
992,0.00
426,6.06
83,6.05
157,0.00
570,6.18
352,6.13
722,0.00
397,6.17
999,12.45
457,6.34
872,6.51
412,0.00
429,6.36
663,6.40
740,6.57
72,6.58
124,6.57
203,6.51
530,0.00
654,6.44
947,6.68
242,6.73
13,6.72
113,6.69
911,6.71
895,6.76
630,6.85
187,6.87
544,0.00
743,6.94
650,0.00
51,6.85
692,0.00
639,6.79
973,0.00
368,0.00
675,6.79
813,6.86
870,19.67
20,6.89
548,0.00
829,12.53
918,6.89
878,0.00
812,12.65
82,6.63
826,6.61
450,6.62
882,19.65
182,6.62
170,6.62
831,0.00
108,6.66
204,6.60
645,0.00
633,6.52
350,0.00
660,6.58
952,0.00
332,6.48
616,6.49
117,6.39
581,6.36
618,6.43
868,6.40
944,6.41
168,6.56
241,6.43
739,6.37
329,6.46
686,12.64
217,6.58
21,6.45
135,6.46
510,6.32
968,19.07
715,6.56
493,6.38
848,6.51
452,0.00
924,6.33
209,6.30
372,6.49
425,0.00
290,6.19
269,6.19
351,6.18
169,6.18
604,0.00
275,6.32
514,0.00
134,5.89
260,5.87
565,12.51
772,18.20
523,5.90
63,5.72
653,12.49
984,5.56
371,5.57
139,5.59
432,5.39
301,0.00
5,5.49
405,0.00
880,5.56
770,5.59
814,5.56
264,5.58
998,0.00
516,5.81
368,5.75
916,12.71
684,12.66
477,5.89
57,5.81
982,5.76
119,5.76
626,12.59
604,5.85
121,5.88
163,0.00
894,12.61
814,12.64
295,5.82
798,5.82
56,5.83
664,0.00
57,5.87
66,0.00
718,6.01
252,6.02
646,6.06
331,6.16
660,6.08
898,0.00
473,6.15
90,6.14
50,0.00
553,0.00
341,6.13
824,0.00
659,6.10
205,6.16
645,0.00
495,0.00
804,6.10
351,6.23
77,6.21
998,0.00
99,6.07
917,0.00
666,6.06
833,0.00
341,6.11
176,6.12
511,0.00
703,6.19
925,12.64
319,6.27
329,12.55
893,12.56
255,6.27
828,6.36
551,6.12
441,6.21
269,6.09
497,6.29
415,6.16
199,6.20
430,6.16
516,6.24
876,6.26
109,6.32
913,0.00
635,6.24
650,0.00
871,6.49
260,6.60
36,6.57
657,0.00
872,6.64
502,12.41
610,6.61
90,6.62
318,6.51
135,6.69
699,6.60
421,0.00
130,6.67
521,6.54
477,6.44
719,0.00
8,6.65
463,0.00
38,6.38
774,0.00
184,6.35
709,0.00
465,12.11
524,6.34
380,6.44
525,0.00
957,6.25
159,6.36
796,0.00
758,6.25
619,6.34
859,6.45
73,6.36
808,0.00
990,12.24
440,0.00
760,0.00
466,6.07
386,0.00
561,5.89
709,5.89
64,5.94
758,0.00
560,5.83
401,5.89
258,5.78
117,5.77
433,0.00
54,5.68
745,5.60
214,5.63
894,0.00
183,5.65
888,0.00
469,5.72
85,5.75
613,5.73
407,0.00
718,0.00
402,5.70
547,5.73
759,5.75
538,5.83
424,0.00
934,11.96
578,5.80
421,5.85
994,5.80
155,5.87
199,5.82
294,5.75
85,0.00
285,5.77
672,0.00
985,5.61
189,5.73
529,0.00
555,5.72
606,5.70
540,0.00
58,5.81
423,0.00
117,5.80
198,5.83
843,0.00
697,5.73
747,5.82
671,5.90
297,5.73
847,5.84
441,5.85
859,5.92
500,5.84
391,0.00
536,5.84
719,0.00
720,5.91
156,0.00
139,6.05
655,5.96
582,0.00
157,6.05
46,5.94
454,0.00
276,0.00
223,5.86
729,0.00
970,5.73
207,5.88
913,5.76
523,12.27
617,12.31
633,12.20
463,5.95
151,6.12
98,5.92
260,0.00
887,12.00
82,6.19
629,11.98
414,6.24
957,6.32
42,6.29
144,0.00
617,6.28
567,6.29
414,0.00
217,6.33
418,6.30
748,0.00
611,6.28
202,6.48
551,6.48
986,0.00
63,6.52
113,6.61
260,6.37
829,0.00
183,0.00
621,6.35
543,0.00
993,6.45
137,6.53
674,6.44
308,6.49
557,0.00
832,12.34
651,6.70
849,12.55
462,6.83
29,6.82
711,0.00
578,6.77
907,18.60
957,12.67
72,6.76
607,6.67
914,6.70
607,0.00
328,6.74
909,6.60
749,0.00
924,6.69
562,6.84
737,6.66
254,6.71
105,6.66
150,6.62
243,6.75
643,0.00
541,6.66
61,6.60
71,6.65
24,6.54
115,0.00
987,6.54
436,6.69
909,6.53
351,6.53
339,6.43
159,6.66
39,6.60
888,0.00
964,6.53
764,12.52
79,6.53
730,6.52
172,6.62
741,6.45
537,0.00
656,6.47
127,6.62
530,6.47
912,6.48
57,0.00
545,6.52
630,18.58
37,6.54
328,6.45
745,6.35
167,6.29
441,6.26
488,6.06
981,12.30
225,6.06
124,6.08
989,0.00
160,6.07
940,6.14
484,6.20
971,0.00
197,6.15
442,6.09
145,0.00
182,6.17
65,6.04
633,5.94
174,0.00
706,6.03
992,6.11
5,6.08
25,5.96
523,0.00
307,5.82
72,5.91
881,5.81
46,5.85
184,5.67
768,12.34
265,5.64
80,0.00
172,5.57
941,24.18
880,5.48
74,5.59
923,0.00
774,12.15
638,5.50
360,5.57
801,5.53
788,12.37
319,5.69
189,5.59
159,5.60
128,5.51
970,5.40
709,5.55
349,0.00
1000,0.00
38,5.58
564,0.00
939,5.64
39,5.78
2,5.62
908,5.62
812,5.66
788,0.00
469,0.00
930,0.00
658,5.88
833,6.01
489,0.00
37,5.80
600,0.00
927,5.88
458,6.05
365,6.01
564,0.00
374,6.12
826,0.00
844,6.11
831,12.72
169,6.36
393,12.83
947,6.41
210,6.51
461,6.28
796,6.42
874,13.08
189,6.62
624,6.77
910,19.08
581,6.65
930,25.19
619,6.86
932,6.84
81,6.92
437,0.00
856,6.90
434,6.97
333,7.08
353,0.00
446,6.98
257,6.93
9,7.00
589,6.84
826,0.00
624,6.80
708,7.01
572,0.00
364,6.98
556,6.98
248,7.09
78,7.04
237,6.97
419,7.00
623,6.98
595,0.00
423,0.00
884,12.56
613,7.23
565,7.24
641,0.00
383,7.21
504,7.18
980,7.28
956,12.63
71,7.37
507,0.00
987,7.22
838,7.27
10,7.26
625,0.00
548,7.17
14,7.28
330,7.34
492,0.00
275,7.27
934,7.33
693,7.34
439,7.30
243,7.16
357,7.34
506,0.00
505,0.00
503,7.23
300,7.32
290,7.29
79,7.29
99,7.21
1,7.06
924,6.98
673,7.04
386,6.90
465,6.99
261,7.15
69,7.02
262,6.87
43,6.75
661,0.00
308,0.00
470,6.72
471,0.00
699,0.00
450,0.00
845,0.00
995,6.62
352,6.43
929,0.00
523,6.21
747,13.19
476,6.48
196,13.14
617,6.52
376,6.58
798,13.29
517,6.51
244,6.52
369,0.00
951,19.48
577,0.00
320,6.02
864,6.06
47,6.06
3,6.07
533,6.00
331,5.99
690,0.00
62,6.17
686,0.00
790,5.89
845,0.00
70,5.96
173,6.03
293,5.92
140,5.93
784,0.00
906,6.06
115,6.05
611,0.00
782,13.10
701,0.00
241,6.07
411,0.00
961,5.87
113,5.87
778,0.00
962,5.97
34,6.06
853,5.93
524,0.00
41,6.00
300,5.84
696,0.00
776,0.00
666,5.81
239,5.90
314,5.94
429,5.87
112,5.87
79,5.80
505,0.00
351,5.71
326,5.85
572,0.00
98,5.62
706,5.56
484,0.00
394,5.63
9,5.60
161,5.64
230,5.59
639,5.60
341,0.00
733,5.69
198,5.71
423,5.60
503,0.00
776,5.62
37,5.72
507,0.00
53,5.62
907,0.00
379,5.59
675,5.55
78,5.68
331,5.47
876,5.43
702,5.46
156,5.42
882,0.00
933,37.30
26,5.51
559,11.72
632,0.00
278,5.30
771,0.00
117,5.39
759,5.31
121,5.38
306,11.75
291,18.68
682,11.77
442,5.49
841,11.71
691,18.87
650,5.42
593,5.48
326,5.51
34,5.52
208,5.51
47,5.62
739,5.40
473,0.00
790,5.44
892,11.41
483,0.00
12,5.48
107,5.53
339,5.50
877,0.00
634,5.48
276,5.59
292,5.61
636,11.67
583,5.49
652,5.62
483,5.39
722,5.54
765,5.67
10,5.69
675,0.00
858,0.00
990,5.39
364,5.49
332,5.62
314,5.43
400,0.00
624,5.64
164,5.66
256,0.00
310,5.46
499,0.00
422,5.35
943,5.50
120,5.58
187,5.56
583,5.43
78,0.00
783,5.59
525,0.00
899,5.80
855,6.01
93,6.06
573,6.07
652,0.00
134,6.15
89,6.00
444,5.94
435,0.00
663,5.88
169,5.98
100,6.04
559,0.00
210,6.00
537,0.00
182,5.92
919,0.00
218,6.02
823,11.57
247,6.12
885,6.02
286,6.11
504,0.00
751,11.51
489,6.17
327,0.00
854,0.00
765,6.04
546,0.00
787,6.11
303,0.00
544,11.70
379,6.02
597,6.10
348,6.07
186,6.07
924,0.00
920,6.13
176,6.24
823,6.14
969,6.20
71,6.04
349,6.11
576,6.07
67,6.19
875,0.00
590,0.00
671,6.11
968,6.12
807,6.26
206,6.25
481,6.10
105,6.02
425,5.95
367,0.00
706,5.99
127,6.16
643,11.51
363,6.07
870,6.03
57,6.04
508,11.62
402,6.07
133,5.99
534,5.98
128,6.09
774,6.21
965,11.65
255,6.16
690,0.00
425,6.21
491,6.27
819,6.28
118,6.15
751,0.00
423,11.87
554,5.88
933,0.00
594,5.89
91,5.99
876,0.00
859,5.93
242,6.00
23,6.00
899,0.00
554,5.99
881,0.00
391,5.99
250,6.04
271,5.96
115,6.06
491,6.05
632,0.00
700,12.04
352,6.03
663,0.00
885,6.02
551,6.15
527,5.88
923,6.04
607,6.09
1,6.01
755,0.00
887,12.48
769,6.09
371,12.09
672,5.96
341,0.00
386,12.23
728,17.55
313,12.11
766,6.15
491,6.19
62,6.05
492,0.00
415,6.04
962,0.00
71,6.06
288,6.11
871,6.07
990,6.16
887,6.18
987,0.00
968,0.00
883,6.26
618,0.00
741,6.39
732,0.00
810,12.58
314,6.45
485,0.00
636,0.00
585,6.43
381,6.49
533,0.00
273,6.47
369,6.42
565,6.43
56,6.35
962,12.27
309,6.34
483,6.23
768,0.00
935,6.22
407,6.37
628,0.00
891,6.14
648,6.09
73,6.04
177,6.07
474,0.00
342,5.86
254,5.97
646,0.00
109,5.82
681,5.82
338,0.00
980,5.95
245,5.85
595,5.76
275,5.88
807,0.00
454,5.88
952,11.81
64,5.93
206,5.87
405,5.75
788,0.00
522,5.80
958,11.86
642,5.82
460,5.95
548,0.00
877,18.14
922,5.69
243,5.76
784,18.00
646,0.00
926,11.70
742,5.61
892,11.87
96,5.83
175,5.84
128,5.70
306,5.67
767,0.00
638,5.64
482,5.65
515,11.63
149,5.61
594,0.00
455,5.43
194,5.43
476,0.00
726,5.21
944,0.00
179,5.35
662,5.35
89,5.42
777,17.89
684,11.74
399,5.39
173,5.55
66,5.39
928,11.66
798,5.37
574,0.00
191,5.42
712,5.48
563,5.49
790,11.80
207,5.45
560,0.00
603,5.43
122,5.38
439,0.00
708,11.51
893,5.35
832,5.43
389,5.33
12,5.36
372,0.00
112,5.48
334,5.40
911,0.00
620,5.45
747,5.65
413,11.51
695,5.58
958,5.58
1000,5.55
700,5.58
609,5.63
452,0.00
920,5.64
986,5.68
934,5.79
399,0.00
596,5.66
556,5.64
836,11.48
972,5.73
90,5.75
950,17.71
746,11.63
883,11.65
6,5.91
671,0.00
746,11.63
747,5.72
227,5.84
199,5.77
48,5.82
102,5.80
787,5.79
161,0.00
684,5.80
320,0.00
953,0.00
366,5.91
867,0.00
417,5.95
277,5.95
234,5.88
608,0.00
325,5.82
993,11.25
848,5.93
359,5.84
115,6.05
762,0.00
368,5.95
210,5.90
740,0.00
973,6.01
560,6.13
430,5.97
66,5.92
900,11.34
964,5.99
702,11.51
234,6.14
469,5.96
719,0.00
309,6.12
965,6.12
391,6.19
972,6.16
74,6.17
65,6.24
106,6.24
391,6.20
812,11.55
432,0.00
606,6.07
63,6.12
699,0.00
536,6.25
826,6.26
960,0.00
40,6.12
678,11.77
526,6.14
641,6.13
693,6.06
854,6.21
687,6.13
934,6.11
555,6.21
717,6.22
11,6.31
460,6.20
274,6.24
820,0.00
811,11.76
403,6.38
956,0.00
129,6.23
83,6.25
333,11.95
99,6.20
967,6.20
39,6.14
395,5.94
684,0.00
499,11.96
848,6.08
576,6.15
198,6.12
158,6.06
460,6.00
559,6.06
342,6.06
486,0.00
256,6.09
439,5.95
176,0.00
715,11.90
844,6.01
371,6.16
465,0.00
403,6.00
307,6.00
58,6.00
672,0.00
678,0.00
689,5.98
562,5.77
492,0.00
735,5.81
475,5.94
60,5.89
522,0.00
848,5.74
311,5.81
87,5.76
693,17.14
246,5.78
606,0.00
799,17.25
330,5.75
532,5.80
600,11.82
204,5.70
148,5.75
331,5.68
313,5.67
370,5.59
47,5.63
922,0.00
899,5.72
992,5.77
371,5.86
145,5.77
403,0.00
263,5.66
662,5.66
679,5.70
490,0.00
243,5.65
944,0.00
967,12.01
739,5.83
917,11.76
627,5.61
147,5.77
797,0.00
236,5.68
943,5.62
394,5.66
808,0.00
485,5.56
949,0.00
613,5.64
38,5.57
206,5.51
545,0.00
969,17.66
414,5.65
850,11.72
992,23.37
107,5.75
97,5.72
134,5.50
922,0.00
604,5.73
951,5.73
883,5.80
119,5.89
477,0.00
901,5.67
294,5.71
215,5.54
509,5.66
145,5.77
795,5.65
498,0.00
674,5.64
282,5.72
376,0.00
945,5.62
958,0.00
681,5.82
979,0.00
534,5.84
503,0.00
197,6.00
844,0.00
845,11.68
63,5.93
393,0.00
74,5.75
25,5.84
10,5.75
237,5.70
461,0.00
536,5.76
391,0.00
989,5.76
150,5.89
824,5.76
344,5.90
452,5.78
529,5.76
166,5.98
831,0.00
791,5.89
91,5.88
835,0.00
285,5.81
990,17.80
391,5.87
500,5.99
881,11.52
859,5.96
103,6.12
135,5.87
774,0.00
900,5.97
21,5.89
739,5.85
223,5.96
873,0.00
564,5.97
299,5.90
618,0.00
105,6.04
127,5.88
711,5.89
485,0.00
798,23.53
695,5.84
582,5.97
688,11.82
930,6.11
919,6.03
994,6.09
256,6.18
532,0.00
694,6.24
442,0.00
498,6.21
724,0.00
366,6.33
660,0.00
928,0.00
935,6.44
555,6.52
584,12.23
402,0.00
870,12.33
882,12.11
91,6.54
124,0.00
970,12.16
209,6.42
41,6.34
172,6.23
420,6.14
156,0.00
881,12.25
653,6.12
803,6.31
865,0.00
907,17.83
16,6.50
440,0.00
301,6.54
341,0.00
241,6.57
752,0.00
642,6.42
158,6.48
548,0.00
481,6.37
536,6.37
633,6.42
934,6.40
359,0.00
626,6.36
621,6.52
835,0.00
125,6.42
702,0.00
357,0.00
704,6.24
539,6.14
879,6.14
946,0.00
623,6.40
851,12.19
348,6.48
88,6.40
646,0.00
62,6.37
507,0.00
821,17.83
811,6.30
93,6.31
471,6.32
775,12.27
410,0.00
884,6.29
590,24.10
248,6.39
645,6.29
131,6.30
719,6.43
506,6.31
907,6.42
104,6.38
243,6.25
450,6.20
696,0.00
753,6.20
438,6.29
31,6.21
466,6.12
594,0.00
379,6.11
308,6.14
206,5.97
737,0.00
447,5.91
903,5.87
977,12.53
945,5.97
76,6.12
541,6.09
710,6.18
760,0.00
963,12.56
124,6.20
878,6.25
156,6.39
257,6.35
108,6.33
490,0.00
42,6.20
815,12.53
36,6.22
266,6.10
558,6.10
986,0.00
845,12.62
25,6.19
801,6.17
714,6.20
217,6.16
259,6.18
358,6.09
603,6.10
809,12.59
838,6.18
135,6.23
669,12.40
821,6.12
249,6.23
935,6.12
825,0.00
149,5.98
954,18.51
492,0.00
588,12.42
569,6.29
542,6.33
593,0.00
512,6.32
732,0.00
379,6.18
618,0.00
462,0.00
77,6.09
576,0.00
840,6.03
138,6.15
371,0.00
812,12.39
457,6.20
469,0.00
632,18.45
425,6.16
380,0.00
199,6.04
118,6.13
199,6.03
869,12.28
368,6.15
423,0.00
883,0.00
435,5.96
116,5.97
699,5.77
227,5.90
780,5.83
207,0.00
128,0.00
479,0.00
180,5.81
622,5.80
371,0.00
838,5.77
585,5.85
13,5.90
239,5.74
620,0.00
552,5.71
197,5.67
24,5.67
855,0.00
909,5.55
147,5.47
463,0.00
902,11.64
872,11.70
3,5.36
925,5.36
84,5.48
580,5.44
101,5.46
783,5.41
776,5.57
633,5.49
156,5.62
808,5.65
488,11.60
770,5.53
282,5.52
570,0.00
895,5.51
140,5.63
665,5.66
127,5.73
544,0.00
391,0.00
680,11.58
917,5.61
434,5.71
52,5.76
790,0.00
432,0.00
904,5.63
509,5.61
118,0.00
433,5.79
497,5.81
935,5.55
384,0.00
209,5.57
216,5.54
904,0.00
174,5.38
280,5.49
408,0.00
906,5.55
94,5.58
444,0.00
764,5.53
171,5.58
748,5.57
825,5.70
568,5.80
968,5.76
301,5.95
301,5.96
999,12.07
713,12.13
22,6.05
194,5.93
968,5.93
133,5.99
556,0.00
330,6.02
123,5.93
97,6.02
117,5.99
268,5.91
77,5.94
628,0.00
658,5.86
210,5.92
149,5.94
640,5.80
933,5.80
606,5.87
589,0.00
665,5.95
771,0.00
811,5.97
645,0.00
462,0.00
168,6.05
788,0.00
613,6.11
36,6.20
879,6.24
444,0.00
450,6.28
1,6.31
900,6.30
849,6.39
597,6.29
492,0.00
978,6.35
87,6.43
714,0.00
210,6.18
480,0.00
956,0.00
792,6.41
172,6.36
67,6.41
198,6.30
180,6.35
281,6.30
877,0.00
618,6.32
976,11.78
327,6.46
166,6.32
149,6.34
673,0.00
717,6.26
995,0.00
768,6.42
234,6.46
989,0.00
243,6.49
158,6.42
10,6.33
436,0.00
766,6.24
323,6.27
632,6.36
468,0.00
613,6.33
955,18.11
113,6.19
311,6.28
361,6.28
711,0.00
260,6.29
673,0.00
116,6.33
246,6.26
253,6.32
416,0.00
529,0.00
715,6.29
241,6.17
446,5.89
744,0.00
282,5.93
908,0.00
245,5.90
949,0.00
49,6.00
517,5.94
391,0.00
897,5.98
144,5.98
290,6.03
561,0.00
427,6.07
3,6.03
232,5.97
125,5.95
179,5.95
205,5.96
677,6.02
862,5.78
284,0.00
485,5.86
110,5.86
43,5.99
79,5.86
571,0.00
627,5.78
723,5.73
651,0.00
472,0.00
332,5.64
851,0.00
87,5.69
158,5.66
739,0.00
190,5.71
718,0.00
895,5.61
33,5.76
363,5.78
367,5.70
319,0.00
622,5.79
674,0.00
761,5.92
972,5.72
144,5.73
282,5.74
942,5.83
218,5.85
754,0.00
385,5.80
385,5.79
731,0.00
150,5.66
191,5.87
744,0.00
421,5.63
842,5.77
354,5.79
553,5.61
300,5.76
505,0.00
186,5.94
836,0.00
902,5.83
522,0.00
663,12.27
353,5.91
287,5.93
972,5.82
54,5.83
862,6.06
5,5.95
150,0.00
118,5.80
208,5.82
384,5.76
64,5.79
152,5.78
444,0.00
955,5.65
826,5.73
672,5.72
342,5.61
608,5.71
551,5.72
270,5.85
847,0.00
410,5.83
418,5.86
248,5.76
459,5.75
941,5.69
974,0.00
534,5.90
519,6.00
848,6.01
957,0.00
424,6.28
291,6.28
393,6.23
921,0.00
150,6.20
521,0.00
679,6.24
307,6.24
835,0.00
464,6.28
543,6.21
502,6.34
547,0.00
34,6.31
582,0.00
493,6.29
909,6.37
712,0.00
509,0.00
399,6.30
327,6.36
370,6.20
36,0.00
837,6.25
244,6.39
293,6.22
414,0.00
852,6.25
914,12.00
649,6.38
698,6.24
375,0.00
851,12.11
497,0.00
3,6.21
987,6.30
653,0.00
290,6.18
896,0.00
724,6.35
90,6.35
338,6.32
756,6.33
750,6.18
720,6.16
11,6.26
227,6.29
469,6.21
528,6.24
150,6.19
347,6.20
526,0.00
717,6.17
228,5.93
891,12.01
119,6.10
532,0.00
244,6.10
751,6.15
569,0.00
924,6.15
205,6.14
963,6.30
993,6.38
583,6.49
311,6.31
461,6.19
464,0.00
400,6.19
638,0.00
822,6.32
472,6.34
195,6.28
620,6.28
237,0.00
530,6.32
465,12.04
21,6.28
124,6.09
989,6.12
230,6.13
48,6.00
673,6.08
32,6.13
626,5.97
412,0.00
427,5.98
600,5.97
515,0.00
575,6.09
255,6.04
297,6.11
314,6.14
453,0.00
739,6.01
197,5.93
555,0.00
510,5.87
192,5.93
478,0.00
637,5.77
873,5.78
57,5.78
862,0.00
606,5.81
506,5.93
938,6.06
148,6.08
925,0.00
187,5.95
614,0.00
831,12.35
146,5.98
229,5.95
47,5.86
194,5.88
637,0.00
140,5.99
721,5.89
717,0.00
849,18.10
417,5.91
93,6.02
380,0.00
286,5.81
256,5.86
361,5.87
562,5.94
809,5.96
110,5.81
402,5.73
876,5.83
109,5.84
355,5.80
386,5.88
605,0.00
534,5.90
146,5.96
690,5.97
888,12.00
292,6.08
155,5.98
282,5.85
336,5.94
993,12.02
263,5.87
959,6.05
345,5.94
253,0.00
504,0.00
851,5.94
411,6.04
831,0.00
741,5.98
763,6.12
966,6.11
587,0.00
442,0.00
170,6.03
234,5.93
584,5.96
998,6.03
770,5.95
574,6.01
95,5.98
273,5.88
84,5.93
256,5.89
273,5.89
89,5.96
569,5.84
9,5.94
106,5.95
272,5.77
212,5.77
230,5.74
540,5.76
599,0.00
648,0.00
804,5.74
986,0.00
497,5.78
783,5.87
624,5.90
736,11.70
277,5.90
317,5.84
490,0.00
971,5.56
311,5.67
849,5.67
614,5.68
136,5.56
275,5.66
772,11.65
29,5.61
825,5.71
87,5.82
895,5.64
172,5.62
344,5.73
904,0.00
919,5.74
73,5.75
538,5.66
265,5.66
100,5.78
62,5.72
250,5.65
382,0.00
460,5.72
501,5.73
815,0.00
240,5.72
432,0.00
849,5.70
594,5.74
308,0.00
296,5.68
987,0.00
928,5.83
89,5.89
429,0.00
737,5.87
624,5.88
980,5.94
585,11.96
568,6.05
435,6.08
910,6.00
569,0.00
63,5.78
486,11.67
688,5.68
844,5.63
251,5.69
681,11.64
614,5.81
90,5.84
361,5.61
290,5.63
698,0.00
268,5.68
900,0.00
536,5.64
61,5.73
649,0.00
690,5.77
416,0.00
702,5.73
679,5.87
861,0.00
212,5.96
275,6.00
100,5.96
711,0.00
703,6.01
874,6.06
471,0.00
995,0.00
990,6.16
171,6.19
819,12.08
406,11.92
680,0.00
785,6.20
172,6.21
138,6.22
777,6.10
977,6.23
835,6.32
355,6.33
138,6.18
369,6.28
4,6.33
114,6.21
388,6.10
861,6.17
936,6.18
322,6.04
522,0.00
935,6.11
637,6.12
998,6.16
606,6.13
639,6.19
543,0.00
258,6.23
347,6.23
244,6.14
34,6.24
542,0.00
426,6.15
155,6.13
644,0.00
268,6.22
50,6.24
814,0.00
56,5.99
19,6.02
289,5.94
301,5.88
308,5.81
269,5.76
42,5.78
701,11.58
687,5.82
124,5.83
865,5.68
75,5.68
968,0.00
987,11.68
665,6.04
373,0.00
368,11.82
365,11.59
371,6.20
691,0.00
618,6.06
300,5.96
345,5.92
159,5.92
985,5.92
285,5.75
501,5.67
278,5.80
312,5.76
141,5.77
457,0.00
828,5.64
398,0.00
524,0.00
273,5.58
18,5.58
818,0.00
260,5.51
195,5.54
966,0.00
897,5.17
595,0.00
811,11.54
841,11.46
722,5.44
657,5.50
799,5.56
52,5.44
494,0.00
345,5.31
633,5.32
841,5.32
221,5.31
182,5.31
908,5.29
334,0.00
638,5.41
833,5.44
220,5.36
59,5.26
842,0.00
934,5.16
351,5.21
256,5.21
891,5.21
723,11.39
60,5.30
238,0.00
274,5.14
697,5.26
670,5.36
257,5.26
438,5.13
537,0.00
990,11.28
467,5.21
931,5.30
421,0.00
959,5.43
117,5.47
537,5.45
815,5.46
401,5.46
546,0.00
206,5.51
460,5.52
807,0.00
571,11.22
724,5.25
527,0.00
332,5.27
241,5.29
630,0.00
639,5.32
720,0.00
989,5.45
796,5.58
916,5.67
405,5.80
967,5.86
492,5.82
448,5.92
177,5.83
583,5.76
269,5.86
991,5.85
982,11.60
319,5.89
799,5.93
567,5.99
330,6.00
871,0.00
779,6.05
206,6.11
691,0.00
561,6.04
1,6.18
476,0.00
977,11.35
818,6.05
227,11.33
174,5.93
380,0.00
941,0.00
188,5.89
19,5.85
497,0.00
792,5.92
361,5.96
323,5.81
261,5.89
530,5.81
720,11.19
951,11.17
322,5.82
638,5.82
144,5.93
891,0.00
337,5.85
914,0.00
580,5.87
703,0.00
691,0.00
834,11.07
710,5.90
712,5.92
922,11.21
305,6.08
232,6.04
444,0.00
786,5.80
402,0.00
705,5.90
534,0.00
426,5.92
301,0.00
599,5.96
896,5.93
705,6.00
308,6.09
828,6.09
705,6.07
580,6.03
849,0.00
10,5.97
949,0.00
762,6.10
854,6.22
394,0.00
854,6.00
549,0.00
765,17.65
437,0.00
975,17.59
302,6.00
262,5.88
667,5.99
2,6.04
403,0.00
762,5.90
214,5.96
761,0.00
684,0.00
721,5.88
374,5.85
247,5.94
72,5.88
659,0.00
570,5.85
120,5.87
188,5.88
645,0.00
74,5.78
238,5.81
488,5.78
384,5.79
533,5.66
308,5.63
157,5.68
855,0.00
908,11.57
771,5.70
2,5.74
924,0.00
555,5.87
432,5.87
757,0.00
395,5.85
687,0.00
624,11.85
776,5.96
362,6.07
432,0.00
814,6.05
356,0.00
729,11.93
556,6.15
451,0.00
713,6.20
130,6.08
737,6.20
544,0.00
365,6.24
235,6.12
237,0.00
914,12.19
168,6.16
111,6.01
878,6.04
106,6.05
141,0.00
99,6.09
285,6.15
118,6.04
283,6.01
155,5.95
222,5.91
936,0.00
849,0.00
35,6.05
639,0.00
643,6.00
26,5.90
795,5.94
610,6.07
941,5.94
516,6.06
580,6.06
911,6.01
367,0.00
41,6.00
460,5.88
510,0.00
943,11.90
629,5.92
639,5.98
244,5.97
225,5.84
991,17.60
334,5.96
568,0.00
432,11.73
89,5.77
355,5.58
748,5.67
46,5.81
785,5.74
22,5.88
304,5.81
280,5.74
571,0.00
951,5.74
267,5.83
88,5.89
389,5.78
211,5.73
256,0.00
450,5.82
479,0.00
740,5.96
966,0.00
256,6.01
76,6.11
544,0.00
609,6.15
455,0.00
889,6.19
56,6.26
581,6.14
512,6.04
539,0.00
848,6.01
990,6.11
1,6.10
865,5.92
265,6.07
514,0.00
257,5.90
787,0.00
842,11.88
243,5.95
724,5.79
116,5.84
307,5.84
62,5.93
142,5.74
442,0.00
833,0.00
46,5.78
682,5.59
704,5.71
751,5.63
896,5.68
648,0.00
27,5.55
87,5.67
206,5.65
798,5.68
1,5.69
464,0.00
505,11.59
396,5.56
909,0.00
536,5.63
112,5.74
588,0.00
596,5.50
159,5.38
852,5.63
577,5.37
644,5.58
92,5.53
541,0.00
470,0.00
862,5.58
260,11.35
865,23.19
484,5.65
198,5.69
85,5.67
837,5.73
914,0.00
134,5.66
41,5.65
233,5.65
666,0.00
764,0.00
452,5.58
837,0.00
272,5.65
715,0.00
663,5.58
147,5.65
267,5.56
340,5.45
261,5.51
811,0.00
534,5.34
805,0.00
810,0.00
950,5.49
523,0.00
663,5.74
94,5.76
203,5.70
601,5.74
414,5.82
480,5.69
879,0.00
351,0.00
439,5.69
973,0.00
433,5.77
467,0.00
565,5.71
180,5.73
522,5.62
93,5.70
926,5.62
806,5.72
971,11.62
516,11.59
125,6.03
228,5.88
797,6.00
398,6.12
50,6.00
605,11.66
266,5.99
983,11.76
636,11.70
322,5.99
193,6.25
37,6.03
694,6.00
318,6.02
33,5.99
190,6.02
96,5.90
487,0.00
462,6.13
96,5.97
221,0.00
930,0.00
926,6.02
630,6.09
739,11.71
442,6.21
862,6.34
962,6.27
657,6.40
604,6.27
77,6.30
756,6.21
814,17.79
511,6.33
251,6.46
328,6.30
459,11.78
252,6.32
111,6.11
222,0.00
412,6.23
418,6.49
263,0.00
528,11.95
683,6.27
437,6.28
501,6.22
389,6.14
796,6.13
926,6.28
540,0.00
784,6.41
713,6.32
519,0.00
543,0.00
691,6.40
97,6.42
227,6.42
417,6.36
395,0.00
136,6.49
419,0.00
438,6.31
627,6.33
329,6.41
142,6.16
972,6.12
375,6.20
372,0.00
204,6.17
967,6.14
16,0.00
470,6.20
348,6.21
535,0.00
686,6.15
314,6.16
470,0.00
926,6.10
125,6.02
100,6.15
323,5.98
808,0.00
328,5.85
406,5.96
726,0.00
894,5.92
96,6.03
912,5.99
199,5.88
494,5.86
650,5.75
359,5.93
154,5.99
755,11.98
14,6.09
500,0.00
41,6.08
250,6.12
962,5.89
718,0.00
829,11.89
247,6.00
958,0.00
317,5.98
973,6.02
265,6.02
193,6.07
709,0.00
693,0.00
894,0.00
795,6.06
872,6.00
310,5.89
290,6.00
566,6.00
814,6.00
25,5.97
251,6.07
323,5.84
747,5.86
598,5.83
953,0.00
560,5.87
50,5.86
882,12.06
361,5.87
492,5.74
176,5.79
348,5.68
386,5.53
500,5.50
177,5.62
192,5.61
98,5.66
757,5.51
126,5.47
382,0.00
681,5.39
472,0.00
472,0.00
622,5.48
800,0.00
796,5.56
749,5.50
996,5.45
39,5.59
291,5.49
432,0.00
459,5.54
299,5.74
595,5.65
884,0.00
552,5.83
286,5.80
852,0.00
874,0.00
810,5.92
976,0.00
774,5.96
71,6.02
793,0.00
789,5.92
865,11.93
575,5.98
5,6.01
884,6.12
355,0.00
935,6.18
105,6.19
570,0.00
697,0.00
82,6.09
836,0.00
531,0.00
908,12.13
570,6.24
518,12.20
538,6.26
652,6.11
646,0.00
106,6.14
34,6.21
355,6.03
441,0.00
853,5.96
120,6.14
633,0.00
737,6.02
493,6.08
580,11.82
215,6.06
526,0.00
420,6.01
601,6.02
987,12.01
858,6.12
263,6.12
399,0.00
57,0.00
484,6.08
745,0.00
868,11.93
220,6.22
629,0.00
946,18.29
691,6.33
577,6.38
4,6.39
941,12.05
326,6.30
135,0.00
284,6.44
803,6.47
590,6.58
134,6.47
141,6.52
333,6.47
964,0.00
399,6.58
932,6.63
622,6.81
6,6.91
638,0.00
524,6.77
185,0.00
960,12.17
286,12.27
259,6.77
620,0.00
196,6.52
589,6.39
128,6.48
125,6.39
186,6.27
250,6.27
208,6.33
931,11.93
110,6.18
269,6.12
872,0.00
759,6.15
147,6.17
320,6.12
705,6.12
19,6.30
193,6.04
521,0.00
186,5.93
640,11.93
123,5.90
182,5.92
854,5.69
53,5.71
91,5.68
190,0.00
751,5.74
463,0.00
143,5.72
390,5.73
715,5.80
652,0.00
245,5.71
300,5.78
727,5.79
727,0.00
966,5.68
993,5.74
712,0.00
504,5.73
777,0.00
117,5.79
28,5.75
614,5.74
1000,11.72
186,5.92
931,11.66
845,5.92
945,6.03
867,12.00
894,5.79
240,5.73
688,5.71
785,0.00
49,5.76
895,0.00
317,5.55
774,5.45
330,5.43
677,0.00
916,5.44
792,5.51
544,0.00
905,5.73
457,0.00
174,5.76
825,5.63
956,12.29
82,5.71
999,5.54
322,5.72
867,12.38
598,5.75
239,5.70
716,5.70
662,12.30
449,5.84
950,5.91
237,5.81
540,0.00
480,5.96
894,6.05
2,6.10
48,6.16
471,0.00
856,6.09
421,0.00
786,0.00
461,0.00
298,6.09
202,5.98
21,6.07
669,0.00
733,12.11
756,18.18
495,6.18
85,6.21
40,6.05
595,0.00
214,6.01
317,6.08
867,0.00
559,0.00
484,6.06
831,0.00
257,5.99
699,6.02
500,0.00
485,11.72
417,5.98
748,5.79
613,0.00
792,5.87
552,5.80
956,5.79
204,5.80
807,11.59
617,5.81
216,5.73
939,11.47
275,5.93
410,5.94
800,23.96
33,5.78
536,5.94
148,5.77
646,11.65
58,5.88
446,0.00
428,5.89
57,5.85
444,5.90
900,5.94
781,5.76
237,5.79
440,0.00
959,5.72
443,0.00
525,5.72
682,0.00
284,5.79
938,5.82
407,5.90
765,5.91
998,5.93
801,0.00
364,0.00
84,6.09
736,6.10
312,6.21
592,0.00
491,11.95
879,6.28
831,6.24
960,6.16
228,6.17
677,6.03
87,6.21
173,6.16
630,0.00
126,6.25
203,6.15
392,6.04
430,5.98
186,6.06
756,5.98
161,6.06
933,0.00
476,0.00
821,18.16
366,6.04
316,6.04
961,12.39
674,6.31
115,6.33
869,6.45
515,6.29
886,6.35
887,0.00
791,6.45
564,0.00
63,6.62
644,0.00
594,12.72
805,6.65
921,0.00
71,6.71
162,6.74
861,0.00
510,6.56
35,6.75
142,6.58
885,0.00
176,6.57
190,6.66
698,0.00
444,12.62
383,0.00
779,18.19
953,6.68
29,6.79
75,6.67
15,0.00
92,6.81
160,6.65
548,6.68
444,6.77
52,6.70
919,6.56
115,6.64
100,6.62
118,6.66
511,6.60
468,0.00
805,6.62
303,6.75
190,6.57
459,0.00
233,6.59
79,6.55
157,6.52
222,0.00
556,0.00
900,6.35
731,0.00
331,0.00
799,6.58
873,6.68
951,6.48
550,12.29
153,6.52
42,6.42
294,6.28
60,6.32
366,6.21
270,6.31
855,0.00
581,6.18
220,6.19
25,0.00
573,6.14
74,6.21
529,6.04
401,6.11
691,6.10
570,6.13
10,6.15
889,5.97
642,0.00
990,6.11
417,6.25
298,6.35
736,6.38
73,6.42
455,6.40
765,6.46
821,0.00
149,6.42
755,0.00
682,6.52
735,12.75
776,24.50
797,6.52
239,6.47
754,6.47
105,6.51
712,6.52
365,6.54
454,0.00
627,6.47
777,6.41
836,0.00
140,6.57
998,0.00
368,6.43
898,13.20
741,6.46
419,0.00
902,13.24
333,6.58
387,6.58
863,0.00
100,6.44
92,6.51
262,6.38
373,6.37
745,6.26
155,0.00
896,13.08
282,6.44
347,6.43
138,6.49
422,0.00
529,0.00
83,6.46
653,0.00
126,6.52
687,0.00
426,6.63
579,6.62
188,6.72
48,6.69
43,6.57
146,6.57
147,0.00
434,0.00
122,6.47
608,0.00
85,6.43
369,0.00
59,6.56
114,6.49
138,6.46
90,6.38
892,0.00
819,0.00
572,0.00
995,6.22
819,6.17
189,6.19
529,6.20
946,0.00
794,6.27
596,6.26
40,6.38
471,6.31
504,6.25
830,0.00
501,6.43
389,6.36
440,0.00
613,6.36
654,0.00
569,6.30
580,0.00
467,6.11
481,6.25
550,0.00
259,6.23
149,6.23
150,6.07
56,6.07
570,6.00
890,6.00
939,6.18
367,6.06
268,6.00
57,6.09
584,0.00
73,6.02
238,0.00
476,5.90
516,5.88
489,5.89
924,5.84
778,5.75
491,0.00
53,5.81
489,0.00
930,5.76
613,5.77
266,0.00
848,5.89
294,5.91
539,5.86
283,5.87
531,0.00
988,5.78
714,12.45
521,6.00
351,0.00
660,6.11
19,6.01
77,6.14
672,6.03
910,0.00
930,0.00
990,19.34
494,6.12
151,6.23
716,0.00
949,6.14
278,6.22
152,6.15
851,0.00
505,6.13
140,6.30
584,6.22
773,6.25
366,0.00
486,6.33
857,6.32
288,6.41
735,0.00
577,6.51
521,6.49
406,0.00
847,6.43
433,6.49
96,6.49
850,0.00
918,12.63
71,6.39
308,6.42
883,6.33
753,6.37
191,6.33
310,6.33
729,0.00
388,6.29
848,6.31
46,6.37
708,6.25
267,0.00
260,6.37
624,0.00
545,12.71
905,6.52
834,6.44
478,0.00
299,6.45
630,0.00
431,6.39
611,6.43
322,6.54
857,6.53
963,0.00
204,6.77
598,0.00
865,0.00
471,6.57
93,6.65
518,6.61
102,6.64
186,6.65
991,0.00
987,6.75
862,6.75
348,6.76
102,6.77
747,0.00
33,6.68
900,6.62
465,0.00
573,6.62
323,6.63
655,0.00
986,6.56
196,6.64
490,6.64
109,6.71
803,6.45
419,6.49
556,6.50
366,6.46
355,6.33
339,6.33
940,6.38
750,6.24
7,6.29
576,6.17
471,0.00
202,6.20
616,6.12
750,0.00
368,6.25
472,0.00
546,6.08
613,6.07
864,12.42
47,6.18
453,6.19
286,6.20
947,0.00
799,6.06
493,0.00
28,6.28
348,6.22
294,6.25
553,0.00
745,0.00
382,6.18
810,6.14
229,0.00
172,6.20
666,0.00
217,6.27
726,6.26
935,12.46
831,6.24
395,0.00
694,0.00
626,6.21
819,0.00
648,6.20
310,6.32
703,0.00
385,6.29
870,6.20
348,6.21
271,0.00
43,6.25
722,0.00
80,6.19
471,0.00
929,6.09
957,6.09
230,5.98
744,0.00
52,6.03
71,6.02
20,6.01
235,5.98
9,5.99
759,5.91
223,0.00
628,0.00
371,5.84
854,0.00
992,18.34
407,0.00
926,5.90
213,5.98
589,0.00
96,5.87
292,5.87
207,0.00
664,5.76
80,5.76
553,5.67
838,0.00
240,5.83
163,5.79
599,5.82
147,5.84
510,0.00
553,5.68
692,5.80
969,5.76
199,5.91
411,12.13
601,5.89
23,5.75
697,5.96
99,5.94
24,5.84
633,5.84
201,0.00
531,5.70
889,0.00
708,5.78
887,5.61
196,5.61
353,5.74
498,0.00
246,5.76
703,0.00
409,5.63
545,5.60
290,5.74
249,5.73
33,5.74
528,0.00
925,0.00
138,5.69
532,0.00
84,0.00
104,5.66
517,0.00
400,5.71
540,0.00
948,12.08
387,5.76
363,5.64
462,5.80
819,0.00
125,5.70
489,0.00
875,0.00
938,5.74
863,0.00
576,5.71
460,5.59
690,0.00
490,5.68
2,5.74
912,0.00
394,6.03
936,6.08
582,11.95
917,5.99
466,5.85
586,5.96
873,0.00
512,6.06
443,11.83
698,6.17
251,11.98
817,11.86
178,6.12
890,0.00
256,6.14
734,6.04
116,0.00
201,6.15
667,0.00
323,6.24
341,6.18
284,6.23
757,0.00
424,6.21
70,6.20
40,6.30
593,6.29
91,6.31
43,6.35
660,12.05
166,6.25
377,6.17
881,0.00
1,5.99
169,5.99
459,6.07
171,5.89
552,5.89
114,6.04
894,5.99
889,11.81
405,11.89
746,12.04
162,6.40
734,0.00
757,6.33
319,6.32
834,6.17
531,6.18
142,6.31
918,0.00
196,6.32
807,6.31
395,6.39
887,6.32
610,6.33
93,6.47
674,6.36
219,0.00
162,0.00
907,6.34
772,6.38
210,6.30
83,0.00
574,6.33
542,6.45
956,18.44
250,6.41
70,6.43
630,0.00
946,12.07
766,6.37
195,6.42
838,0.00
677,12.18
31,6.47
321,0.00
311,6.48
79,6.41
386,6.38
220,6.32
688,0.00
1000,12.00
747,6.24
452,6.22
183,12.19
644,6.37
133,0.00
615,12.20
391,6.29
471,0.00
48,6.25
452,0.00
1000,12.29
467,6.15
218,0.00
947,6.15
698,12.26
435,6.46
873,6.30
99,6.31
674,6.20
332,6.25
6,6.34
947,6.29
123,0.00
796,6.22
997,6.28
36,6.14
85,6.24
768,6.32
104,6.32
945,0.00
579,6.40
323,6.43
905,12.54
274,6.57
621,6.60
15,6.71
882,6.68
423,0.00
402,6.77
102,6.63
724,0.00
712,12.73
217,6.48
259,0.00
991,12.56
550,6.42
329,6.46
746,6.33
237,6.43
181,6.27
391,6.22
116,6.17
991,0.00
555,6.21
424,6.34
469,0.00
444,6.09
803,6.15
459,0.00
127,6.15
802,12.63
545,6.08
40,12.49
971,12.44
19,6.19
163,6.19
257,5.99
16,5.91
326,5.91
690,12.22
12,6.00
680,5.75
628,0.00
66,5.80
662,5.80
719,0.00
540,5.84
932,0.00
619,12.20
751,5.96
458,6.10
389,6.00
782,5.97
951,0.00
546,18.19
562,6.05
948,5.87
282,5.91
998,5.97
727,6.08
828,6.09
897,0.00
493,0.00
316,6.01
636,6.06
836,6.07
382,6.06
747,0.00
170,5.97
296,6.09
648,0.00
314,6.14
524,6.15
876,6.00
222,6.06
732,5.99
125,6.01
547,5.87
344,0.00
30,5.96
743,5.91
983,12.57
448,5.99
826,6.05
415,0.00
752,5.91
512,0.00
578,6.07
727,12.42
49,6.08
50,0.00
814,0.00
775,6.30
694,12.67
618,6.18
535,6.28
173,6.29
543,6.22
542,0.00
491,6.24
270,6.32
880,6.40
309,0.00
884,12.58
581,6.41
411,6.28
212,6.50
22,6.42
651,0.00
664,6.32
594,6.39
20,6.54
754,0.00
324,6.38
706,12.49
311,6.49
184,6.38
865,6.41
117,6.50
554,0.00
419,0.00
579,6.53
449,6.58
735,6.59
187,6.40
602,6.54
594,0.00
444,6.59
362,6.59
901,6.48
126,6.33
84,6.38
997,6.27
8,0.00
501,12.47
646,12.53
939,6.45
876,12.53
793,6.55
236,6.56
24,0.00
198,0.00
202,6.47
874,6.42
932,6.45
704,6.43
181,6.45
572,0.00
81,6.36
46,6.37
422,6.21
93,6.21
833,6.25
865,6.40
459,6.15
967,6.27
951,6.36
936,6.43
395,6.48
90,6.49
573,12.37
873,6.38
434,6.58
178,6.41
891,0.00
488,12.45
584,6.42
125,6.43
325,0.00
186,6.36
291,6.47
96,6.21
607,6.21
289,6.30
241,6.23
823,0.00
604,12.31
886,6.18
13,6.19
391,6.15
328,6.05
810,6.00
585,0.00
223,6.00
346,5.95
250,5.88
896,0.00
503,5.84
567,5.76
305,5.82
999,0.00
478,0.00
444,5.78
401,5.80
807,5.80
730,0.00
128,5.88
25,5.89
614,0.00
557,5.81
185,5.99
917,5.87
76,5.92
721,5.92
639,5.93
814,0.00
555,0.00
666,5.68
524,0.00
741,5.81
554,0.00
846,5.97
274,5.84
509,12.15
344,6.00
316,5.89
708,5.81
120,5.83
656,5.76
202,5.93
370,0.00
615,12.35
504,6.01
842,0.00
388,5.88
580,0.00
744,5.87
202,5.99
5,6.07
707,0.00
487,0.00
557,0.00
683,6.03
705,0.00
441,5.93
986,5.88
527,5.99
584,6.00
960,18.56
132,6.05
989,6.12
771,5.95
800,6.02
915,12.53
390,6.30
834,6.15
21,6.15
191,6.15
958,0.00
236,6.22
85,6.17
38,0.00
669,0.00
171,6.21
589,0.00
873,6.17
791,6.31
547,0.00
710,0.00
414,6.29
423,0.00
460,6.41
677,0.00
915,0.00
645,6.48
664,6.46
54,0.00
581,6.45
873,6.53
254,6.58
214,6.57
220,6.49
232,6.44
46,6.45
283,6.46
579,6.42
254,6.52
187,6.42
277,6.48
782,0.00
447,6.37
791,6.40
321,6.47
363,6.47
842,6.54
787,19.04
547,12.35
904,6.77
256,6.69
757,6.70
951,0.00
500,6.82
782,6.80
377,0.00
908,6.80
830,6.81
75,6.85
497,0.00
343,6.74
688,6.74
583,6.78
403,0.00
829,0.00
165,6.85
414,6.73
259,0.00
199,6.80
146,6.63
573,0.00
803,0.00
373,6.51
804,0.00
789,6.66
682,6.48
253,6.64
626,0.00
586,6.56
194,6.64
443,0.00
316,6.55
827,0.00
180,6.50
285,6.38
371,0.00
993,18.96
751,12.60
44,12.48
76,6.46
297,6.38
599,6.28
765,12.44
813,6.37
35,6.43
124,6.36
292,0.00
721,6.29
573,6.29
934,6.29
898,6.40
317,6.45
628,6.50
479,6.51
298,6.37
419,6.30
308,6.27
176,6.29
291,6.19
821,6.13
985,6.22
387,6.10
858,0.00
127,6.18
336,6.18
348,6.18
736,6.03
14,6.18
239,6.10
794,0.00
85,6.16
235,6.22
93,0.00
950,6.05
168,6.13
767,6.05
97,6.18
417,6.10
505,0.00
746,12.76
131,6.11
209,6.07
806,0.00
190,6.00
76,5.94
956,5.87
671,5.88
458,5.93
665,0.00
789,5.89
235,6.04
241,5.82
242,5.92
345,5.81
65,5.85
829,12.61
738,12.50
141,5.88
645,5.81
417,0.00
158,5.87
429,5.87
236,0.00
205,5.96
974,0.00
418,5.96
828,5.86
270,6.10
104,5.95
399,5.82
669,0.00
429,5.91
344,5.86
431,0.00
944,5.85
589,0.00
129,5.83
535,0.00
590,12.33
312,5.86
771,12.34
732,5.93
474,0.00
377,5.93
725,12.33
814,12.24
671,6.02
85,5.91
236,5.85
134,5.91
63,5.87
884,5.96
35,6.06
695,0.00
891,5.92
720,6.05
324,5.85
87,5.85
880,6.01
548,6.04
241,6.16
375,6.05
185,6.03
236,6.04
986,6.09
68,6.09
893,12.26
739,12.46
385,6.19
87,6.14
799,6.35
878,6.13
749,6.17
427,6.28
126,6.36
131,6.21
950,6.21
709,0.00
905,6.25
790,0.00
356,6.26
146,6.29
856,6.25
257,6.44
115,6.35
722,0.00
595,6.31
924,0.00
73,6.38
75,6.39
152,6.38
728,12.15
580,6.48
326,6.38
516,0.00
83,6.19
635,0.00
382,6.13
496,0.00
99,6.15
883,12.03
143,6.20
772,6.14
130,6.06
603,6.36
853,6.02
473,0.00
290,6.06
506,5.89
484,0.00
787,5.96
201,6.03
564,0.00
107,5.90
56,5.91
170,5.86
406,5.83
406,5.83
88,5.95
752,0.00
143,5.72
137,5.76
82,5.73
639,5.62
713,5.63
733,5.55
862,5.59
470,0.00
348,5.74
643,0.00
632,5.72
474,5.80
2,5.82
216,5.73
307,0.00
687,0.00
45,5.73
150,5.60
768,0.00
582,5.70
469,5.81
222,5.51
760,5.51
363,5.57
140,5.59
751,0.00
152,5.57
388,0.00
674,0.00
722,5.41
946,0.00
230,5.51
589,0.00
530,5.39
476,5.36
24,5.37
407,5.36
894,5.44
782,5.39
460,5.39
451,0.00
139,5.36
833,0.00
204,5.39
125,5.21
417,5.21
21,5.33
899,5.29
153,0.00
420,0.00
845,5.16
243,5.30
419,0.00
505,5.16
544,0.00
723,5.21
719,5.31
930,5.47
204,5.58
71,5.58
526,0.00
712,17.64
977,11.70
661,5.56
278,5.57
745,5.60
931,11.58
198,5.69
111,5.47
957,5.60
407,0.00
265,5.75
544,0.00
572,5.67
361,5.71
413,5.74
440,0.00
898,0.00
462,5.82
12,5.85
315,5.77
45,5.74
203,0.00
651,5.79
489,5.91
938,5.92
412,5.75
411,5.62
844,5.63
642,5.74
150,5.78
327,5.66
892,5.63
582,5.63
183,5.64
485,5.64
586,0.00
521,0.00
885,5.66
17,5.85
450,5.75
400,5.70
513,0.00
880,5.67
950,5.77
838,5.87
814,5.90
930,5.92
158,6.06
891,0.00
266,6.02
795,0.00
717,6.01
9,6.21
993,6.22
544,6.23
161,6.24
162,6.16
125,6.21
501,0.00
33,6.11
931,0.00
582,17.76
236,6.11
457,6.11
387,6.11
173,6.14
177,6.09
466,0.00
455,6.06
339,6.16
656,6.12
251,6.15
727,6.12
614,0.00
553,6.13
834,6.18
412,0.00
719,6.12
739,5.96
219,6.07
195,6.05
755,0.00
586,6.08
174,6.09
777,11.65
229,6.07
668,6.08
850,6.08
438,5.99
194,5.98
813,0.00
944,6.02
34,6.03
487,5.99
917,11.84
266,6.11
325,0.00
435,6.05
43,6.17
776,6.14
667,6.24
131,0.00
680,0.00
415,6.31
515,6.27
338,6.36
771,6.35
791,6.42
828,6.42
481,6.43
712,6.29
848,17.73
589,0.00
350,6.22
650,6.30
649,6.47
642,6.44
741,6.53
26,6.62
633,12.20
50,6.56
321,6.42
744,6.38
962,6.50
173,6.51
68,6.46
762,6.35
284,6.43
288,6.26
319,6.23
534,0.00
197,6.18
213,6.06
799,12.01
285,6.07
543,5.84
233,5.95
349,12.18
838,5.96
269,5.78
264,0.00
22,5.80
134,5.95
944,0.00
743,5.90
921,6.01
197,6.09
53,5.95
823,5.94
12,5.98
944,0.00
968,5.90
258,5.97
552,0.00
493,6.15
217,6.16
346,6.11
241,6.04
180,6.00
611,0.00
96,0.00
615,6.01
701,6.02
621,5.86
355,5.85
975,17.48
441,5.99
853,5.99
378,5.88
819,0.00
804,6.01
879,6.07
103,6.08
279,6.11
894,6.04
416,5.98
642,6.02
424,6.03
54,5.99
145,5.86
42,5.87
70,5.87
230,5.77
797,0.00
435,0.00
396,0.00
905,5.62
517,0.00
771,11.97
682,5.74
430,5.66
220,5.74
77,5.60
938,5.45
831,5.46
451,0.00
687,5.42
429,5.37
879,5.49
196,5.50
451,5.42
441,0.00
599,0.00
843,5.65
401,5.76
571,5.66
418,0.00
967,5.80
186,5.85
869,0.00
989,5.91
299,5.80
489,0.00
807,6.03
96,6.06
249,11.88
728,6.16
80,6.17
370,0.00
431,5.93
427,6.14
804,0.00
742,5.98
240,6.13
552,6.04
70,6.27
643,6.13
97,6.25
915,0.00
198,6.16
622,0.00
623,0.00
529,6.08
199,6.01
909,5.98
686,5.98
710,6.01
729,6.07
341,0.00
157,5.95
55,11.87
699,6.05
728,0.00
906,11.99
875,6.06
751,6.24
838,0.00
766,18.05
492,6.11
560,6.15
641,6.13
688,0.00
194,6.13
104,6.15
976,0.00
917,6.19
124,6.15
149,6.18
474,6.22
992,6.27
16,6.43
810,0.00
808,6.45
543,6.45
24,6.50
931,12.05
805,11.96
533,6.51
574,6.33
395,6.43
481,6.52
663,6.47
900,6.61
125,6.50
131,6.35
969,6.42
306,6.61
985,6.35
165,6.39
726,0.00
95,6.32
308,6.22
620,0.00
985,6.33
524,0.00
542,0.00
534,6.15
521,0.00
357,6.27
299,6.35
276,6.23
318,6.14
457,0.00
514,0.00
588,6.03
77,6.03
440,6.06
432,6.11
740,0.00
522,6.00
808,6.10
941,12.21
178,6.10
388,5.97
765,5.99
808,6.10
275,6.11
171,6.09
784,12.07
887,6.21
240,6.37
593,0.00
983,6.24
553,12.45
71,6.35
11,0.00
1,6.41
53,6.19
842,6.19
790,12.41
786,0.00
789,12.36
804,6.12
383,6.21
89,6.13
5,6.10
941,0.00
666,12.32
778,6.05
903,6.06
151,6.16
644,6.03
201,0.00
298,6.10
525,0.00
829,0.00
655,0.00
372,6.07
838,12.51
587,6.14
642,6.10
845,6.26
249,6.43
603,0.00
204,12.75
513,6.36
608,6.39
225,6.22
421,0.00
331,6.16
127,6.28
778,0.00
195,6.22
72,6.17
854,0.00
639,6.15
668,12.53
169,6.19
809,6.06
812,12.38
212,6.16
432,0.00
254,6.22
533,0.00
856,12.40
196,6.10
280,6.19
992,0.00
169,6.16
836,6.14
246,0.00
276,6.15
311,6.38
38,6.35
631,6.39
666,6.47
358,6.26
570,6.21
116,0.00
783,6.27
211,12.20
615,6.32
660,6.31
174,6.32
316,6.25
557,0.00
738,6.12
230,6.16
637,6.16
603,0.00
163,6.02
832,0.00
666,6.07
481,6.00
331,0.00
13,6.09
683,6.10
249,6.17
294,6.01
270,0.00
755,24.30
324,6.07
196,0.00
865,5.98
133,6.15
412,5.93
892,5.98
44,0.00
871,12.06
788,12.06
245,6.13
368,0.00
599,0.00
254,5.92
865,5.92
842,6.03
204,6.06
703,6.01
152,6.08
52,6.00
49,5.87
290,5.89
954,0.00
585,5.64
501,0.00
544,0.00
638,5.77
787,12.05
91,5.74
696,5.65
876,5.70
988,5.74
606,0.00
436,0.00
586,11.95
499,5.98
282,5.99
746,5.82
664,11.94
181,5.97
499,5.80
52,5.86
469,0.00
940,18.25
8,5.68
855,5.65
780,5.74
87,0.00
641,5.91
220,5.71
15,5.74
226,5.67
643,5.63
815,5.68
289,5.85
531,12.01
465,5.73
413,5.56
43,5.53
51,5.56
210,5.54
543,0.00
162,5.50
693,0.00
897,5.48
787,5.58
705,5.56
880,0.00
608,5.71
262,5.71
244,0.00
277,5.76
44,5.59
427,5.57
671,0.00
700,5.66
349,0.00
785,5.72
905,11.83
227,5.92
43,5.81
766,0.00
842,5.73
113,5.83
13,5.74
26,5.62
873,5.63
252,5.63
842,11.88
174,11.57
10,5.73
970,5.66
432,5.58
268,5.63
596,0.00
596,5.64
5,5.62
726,0.00
678,5.66
658,5.60
454,5.59
475,5.76
706,0.00
313,5.70
547,11.59
554,5.79
936,5.71
967,5.81
443,11.52
68,5.92
419,5.80
461,0.00
443,5.77
508,0.00
965,0.00
561,5.81
361,5.91
795,0.00
191,5.81
802,5.88
619,0.00
471,6.09
604,0.00
576,6.13
724,6.23
353,6.14
164,6.02
607,0.00
983,6.01
243,6.01
245,6.03
778,6.03
364,0.00
608,6.21
663,6.19
804,0.00
132,6.15
737,11.96
831,6.26
21,6.23
766,6.39
196,6.29
301,6.31
522,6.26
812,0.00
489,6.45
312,6.45
569,0.00
707,6.37
10,6.47
469,0.00
573,6.24
338,0.00
959,11.94
280,6.19
97,0.00
303,6.29
266,6.37
536,0.00
929,6.36
648,6.37
894,12.24
744,6.52
616,6.43
410,6.50
934,0.00
366,12.21
653,6.68
304,6.53
671,0.00
523,0.00
363,12.28
257,6.62
425,0.00
482,12.42
639,12.28
123,6.65
517,6.57
270,6.81
302,6.57
61,0.00
493,6.60
54,6.54
100,6.54
258,6.62
265,6.49
516,6.50
806,6.50
531,6.39
258,0.00
642,0.00
140,6.52
480,12.34
657,6.53
924,12.27
475,6.50
733,0.00
373,6.33
335,6.34
465,6.26
333,6.26
46,6.19
787,0.00
327,6.24
400,0.00
366,6.08
549,0.00
312,5.92
366,5.86
416,5.86
194,0.00
441,0.00
34,5.91
575,0.00
152,5.96
46,5.90
250,5.82
980,0.00
384,5.80
113,5.89
836,0.00
387,5.79
536,0.00
701,12.10
60,5.79
445,5.73
351,0.00
110,5.77
299,5.78
877,5.61
475,0.00
736,5.69
206,5.87
208,5.86
523,5.80
114,5.82
118,5.78
24,5.80
953,5.75
594,0.00
115,5.80
294,5.73
674,0.00
753,5.62
569,5.87
139,5.59
547,5.71
683,5.81
872,0.00
307,5.64
636,0.00
316,5.73
352,5.59
451,5.68
833,0.00
113,5.79
703,0.00
600,5.69
11,5.62
193,5.66
459,0.00
670,0.00
879,17.72
597,5.51
320,5.61
215,5.73
662,0.00
583,5.72
704,5.79
560,0.00
303,5.92
116,5.86
704,5.86
439,5.91
380,5.86
842,0.00
206,5.75
827,5.82
592,5.95
47,5.79
725,0.00
508,12.26
618,5.92
145,5.96
107,5.89
553,0.00
937,12.28
415,12.05
451,5.85
633,5.77
451,0.00
608,5.93
667,0.00
252,6.07
798,6.15
454,0.00
535,6.12
317,6.18
384,6.06
390,0.00
90,6.15
579,0.00
514,6.10
240,6.15
487,6.00
572,0.00
549,0.00
583,5.95
999,6.10
337,6.07
585,6.21
788,6.30
368,6.28
904,0.00
233,6.31
100,6.28
198,6.25
608,6.22
193,6.32
892,0.00
3,6.38
396,0.00
950,6.27
582,6.41
15,6.45
997,0.00
44,6.37
123,6.30
784,6.20
261,6.30
969,6.17
452,6.16
859,0.00
928,6.18
485,0.00
610,6.34
719,18.79
33,6.50
236,12.13
786,12.15
138,6.46
609,0.00
656,6.64
267,6.43
121,6.56
206,6.55
311,6.59
844,6.60
790,12.12
548,0.00
468,6.36
274,6.50
970,6.38
509,6.40
7,6.50
990,6.48
236,6.54
251,6.57
990,0.00
843,6.47
952,6.58
311,6.48
433,0.00
560,0.00
945,18.79
768,0.00
543,12.62
754,6.71
53,6.72
760,6.66
377,6.58
866,0.00
881,6.45
911,12.72
253,6.60
83,6.62
957,6.51
217,6.62
491,0.00
889,6.62
868,0.00
167,6.74
533,6.74
183,6.80
538,0.00
242,12.77
929,6.67
118,6.74
999,0.00
526,6.55
6,6.55
173,0.00
586,0.00
766,6.41
376,6.48
38,6.57
741,0.00
729,6.54
62,6.57
435,0.00
872,6.51
281,6.66
896,0.00
289,6.68
411,6.54
210,6.58
317,6.54
269,6.48
343,6.52
932,6.48
625,6.57
75,6.71
756,6.60
575,0.00
171,6.65
607,0.00
985,0.00
629,6.38
342,6.44
489,0.00
89,6.42
130,6.27
564,0.00
791,6.28
920,12.97
673,6.37
376,12.80
43,6.34
693,6.48
650,6.38
309,6.37
908,0.00
397,6.52
637,0.00
368,6.45
175,6.40
255,6.31
260,6.33
4,6.24
333,6.13
624,6.13
695,6.13
518,6.22
415,12.67
414,12.65
325,6.10
703,0.00
624,6.20
422,6.07
123,6.05
274,5.97
908,24.82
328,6.22
579,12.86
17,6.22
799,6.22
98,6.13
929,6.14
834,0.00
427,6.05
108,6.09
360,6.07
976,0.00
565,6.10
123,6.20
285,6.24
293,6.18
418,0.00
583,6.06
571,0.00
698,6.14
5,6.01
178,0.00
726,5.91
864,5.98
827,0.00
171,5.91
466,5.81
668,5.96
745,5.95
607,6.04
246,6.12
284,6.08
83,5.90
371,0.00
928,12.50
606,0.00
464,5.93
468,0.00
860,0.00
238,6.08
349,6.00
871,0.00
47,5.80
868,5.75
466,5.91
375,5.89
410,5.76
692,5.79
904,5.87
282,5.84
457,5.99
497,0.00
792,5.77
250,5.80
129,5.77
376,12.13
956,5.85
129,5.86
190,5.91
672,0.00
286,5.74
595,0.00
712,5.77
395,0.00
523,0.00
220,5.96
462,0.00
893,6.09
483,6.20
872,6.21
102,6.26
992,6.20
349,6.33
493,0.00
798,6.28
243,6.03
203,6.13
337,0.00
655,0.00
468,12.34
957,12.23
141,6.11
534,6.15
898,12.37
151,6.41
395,6.21
939,6.15
698,6.23
351,6.22
453,0.00
168,6.11
1000,0.00
514,6.22
654,6.35
352,0.00
717,6.51
712,6.52
476,6.56
977,12.68
288,6.66
243,6.64
737,0.00
747,6.67
619,0.00
257,6.65
727,0.00
344,0.00
49,6.54
175,0.00
954,0.00
499,6.62
775,0.00
839,6.66
150,6.69
795,0.00
676,6.73
442,6.70
4,6.68
457,6.74
813,6.83
648,6.95
989,6.88
537,7.00
485,0.00
330,6.90
389,6.96
788,12.73
436,6.93
112,6.88
574,12.64
283,6.81
653,6.93
700,7.08
519,0.00
529,0.00
200,6.95
311,7.06
103,6.81
447,6.83
496,6.90
824,0.00
879,6.85
259,6.98
832,6.90
889,0.00
329,7.07
690,6.99
850,13.09
560,7.10
392,7.12
99,7.03
166,7.10
119,6.90
710,6.90
997,13.17
318,7.04
449,6.80
688,7.00
656,0.00
819,7.08
129,7.12
857,0.00
315,7.25
199,7.21
905,7.13
653,7.18
129,7.13
495,6.94
510,0.00
459,7.05
830,7.01
152,7.01
1000,7.06
335,7.07
872,7.03
147,7.03
361,6.86
545,6.99
887,6.80
487,0.00
656,6.95
654,6.84
939,19.39
14,6.80
648,6.78
342,6.81
585,6.67
624,0.00
507,6.65
729,6.70
138,6.66
964,6.71
979,13.22
110,6.67
853,0.00
252,6.48
459,6.56
574,0.00
790,0.00
349,0.00
401,6.52
968,13.32
173,6.60
22,6.54
731,6.47
457,6.54
311,13.41
330,6.55
977,13.49
411,6.70
202,6.76
666,0.00
134,6.74
57,6.61
307,6.47
674,0.00
956,32.17
560,0.00
917,0.00
710,6.59
319,6.62
205,6.54
90,6.56
156,6.64
803,0.00
638,6.61
650,6.42
263,6.52
618,0.00
911,6.53
327,6.33
98,6.44
551,0.00
268,6.37
394,6.50
940,0.00
500,6.49
988,6.55
870,6.63
517,6.37
75,6.26
694,0.00
419,6.17
906,6.23
86,6.24
871,0.00
60,6.27
868,6.32
307,6.38
790,6.15
937,0.00
591,6.45
964,0.00
463,6.47
189,6.44
181,6.38
383,6.30
669,0.00
92,6.31
879,0.00
640,13.09
842,6.22
682,6.38
373,6.39
773,6.27
910,6.36
404,0.00
881,13.16
730,6.53
343,6.48
492,0.00
731,0.00
507,13.08
531,6.60
589,0.00
45,6.58
383,6.51
812,0.00
431,0.00
840,6.39
6,6.26
219,6.36
363,6.29
330,6.37
193,6.32
131,6.27
743,6.22
644,0.00
879,19.88
751,6.19
49,0.00
759,0.00
107,6.57
762,6.40
664,13.05
681,6.40
209,6.63
811,0.00
494,6.46
630,0.00
390,6.41
764,6.35
37,6.42
58,6.32
502,6.22
946,0.00
438,0.00
331,6.22
225,6.23
561,0.00
146,6.22
159,6.29
888,0.00
521,6.14
635,6.17
519,19.51
549,12.56
728,12.57
905,6.29
30,6.44
772,0.00
690,12.74
508,6.31
359,0.00
533,6.40
68,6.42
405,6.37
962,12.49
82,6.34
371,6.21
854,0.00
354,6.19
93,6.13
109,6.13
774,0.00
808,19.31
575,6.23
79,0.00
462,0.00
625,25.91
748,6.19
189,6.26
862,6.26
986,6.32
805,6.17
520,6.29
89,6.21
639,0.00
828,12.79
532,6.25
315,6.40
557,6.32
2,6.43
890,12.97
28,6.43
782,6.30
703,0.00
954,12.95
365,12.96
162,6.38
103,6.33
634,6.32
214,6.41
931,6.43
86,6.46
681,0.00
536,6.41
324,6.56
264,6.63
2,6.61
453,6.61
526,0.00
556,6.55
11,6.56
751,12.75
141,6.53
561,0.00
622,6.44
166,6.51
145,6.49
875,6.34
138,6.35
337,0.00
899,6.39
467,6.33
402,0.00
554,6.33
684,0.00
876,6.34
573,6.42
182,6.42
499,0.00
510,6.36
525,0.00
39,6.41
948,6.41
939,6.53
291,6.46
746,6.49
493,0.00
577,0.00
944,12.96
383,6.63
786,12.92
328,6.85
803,0.00
612,0.00
786,6.47
198,6.46
555,6.35
95,6.55
73,6.55
457,6.56
382,6.57
861,6.47
835,6.48
388,6.45
514,6.56
783,6.61
204,0.00
668,0.00
345,6.55
849,0.00
501,6.47
502,6.60
130,6.58
37,6.52
622,6.47
728,6.49
986,6.25
334,6.44
519,0.00
986,6.42
974,12.63
245,6.31
237,6.35
445,6.33
411,6.31
196,6.38
928,6.22
279,6.27
712,6.32
749,0.00
641,0.00
792,6.26
953,0.00
345,6.29
464,0.00
549,0.00
62,6.34
751,6.18
448,6.29
353,6.30
438,6.18
443,0.00
1,6.19
553,6.15
892,6.15
710,6.21
395,6.18
750,6.29
720,6.40
107,6.37
294,6.44
141,6.38
382,6.34
899,6.25
665,6.35
72,6.48
150,6.37
636,0.00
200,6.35
1,6.38
392,0.00
917,12.68
851,6.30
18,6.33
962,0.00
415,6.23
197,6.39
393,6.26
535,6.31
979,6.32
428,6.18
42,6.33
516,0.00
877,12.73
433,6.26
881,12.64
279,6.25
354,0.00
391,6.19
73,6.17
957,0.00
239,6.27
882,6.29
98,6.13
402,0.00
117,6.04
71,6.11
448,5.98
650,0.00
794,0.00
486,5.95
105,5.98
195,5.98
291,5.98
862,12.50
649,6.09
935,6.10
372,6.10
606,5.92
321,6.09
968,6.06
351,5.99
901,5.83
998,5.98
31,5.99
372,6.10
946,5.97
799,12.30
856,12.15
18,6.03
278,6.04
269,5.89
272,5.99
342,5.88
195,5.88
636,12.10
15,6.01
172,5.86
147,5.86
976,5.74
238,0.00
286,5.90
377,5.98
723,5.95
333,6.10
206,5.85
38,5.85
108,0.00
986,0.00
967,12.19
257,5.83
50,5.79
685,0.00
948,0.00
673,5.78
70,5.77
103,5.87
358,5.81
382,5.69
100,0.00
593,5.79
426,0.00
413,5.83
961,0.00
849,12.21
739,5.91
80,5.63
15,5.68
50,5.63
578,5.63
515,5.64
308,5.58
976,18.38
177,5.63
300,5.59
560,5.52
86,0.00
968,5.57
23,5.65
544,0.00
925,5.49
725,5.62
968,5.66
112,5.58
541,0.00
918,12.03
58,5.75
206,5.64
106,5.75
859,0.00
504,5.70
556,5.69
621,5.68
359,5.78
869,0.00
660,11.90
351,5.86
664,5.77
822,0.00
723,11.74
960,5.77
235,5.89
348,5.71
437,0.00
246,5.71
813,0.00
855,5.71
517,5.76
254,5.82
821,11.72
97,5.79
874,5.80
723,5.79
653,5.82
871,5.93
740,5.95
379,5.98
181,5.88
11,5.88
760,5.96
346,5.92
830,0.00
409,5.99
128,5.92
558,5.92
224,5.97
502,5.92
638,5.98
991,5.99
131,5.81
88,6.02
43,5.93
145,5.80
396,0.00
525,0.00
77,5.83
644,5.77
359,0.00
869,5.70
960,5.72
704,0.00
765,5.80
480,5.92
150,5.94
537,11.72
841,5.96
556,6.01
188,6.04
21,6.02
794,6.02
56,6.13
874,11.55
389,6.21
999,6.22
842,0.00
826,6.18
218,6.23
662,0.00
27,6.31
884,6.23
23,6.24
4,6.30
842,0.00
306,6.17
182,11.75
780,6.16
99,6.17
236,6.09
640,11.82
119,6.29
354,6.14
520,0.00
446,0.00
291,6.19
787,6.09
598,6.02
172,6.09
626,0.00
384,6.02
268,6.12
995,0.00
387,6.19
465,0.00
459,6.05
722,0.00
932,6.18
953,6.11
869,17.93
403,6.32
121,6.26
604,0.00
392,0.00
26,6.28
263,6.30
669,18.12
823,6.43
120,6.44
637,0.00
31,6.28
385,6.18
475,0.00
255,6.02
833,5.97
782,6.12
202,6.20
570,6.09
856,0.00
902,6.07
892,6.20
695,6.18
434,6.40
216,6.27
219,6.27
816,6.28
938,6.16
736,6.24
432,0.00
440,6.22
516,6.25
100,6.23
91,6.12
33,6.09
198,5.95
565,0.00
434,5.88
436,5.88
249,0.00
884,5.80
632,5.70
467,0.00
402,5.94
526,0.00
177,5.98
272,5.89
161,0.00
507,5.98
766,6.00
247,5.96
22,5.82
735,0.00
263,5.91
616,5.91
518,0.00
257,5.87
726,5.93
547,12.10
9,6.05
19,5.94
587,0.00
699,5.87
45,5.87
572,0.00
85,5.76
856,5.75
417,11.91
860,11.93
920,5.80
728,5.86
701,0.00
143,6.01
976,0.00
479,6.17
168,6.08
904,0.00
247,6.00
223,6.00
634,5.93
578,0.00
205,6.03
659,0.00
53,5.82
437,0.00
3,5.80
10,5.73
838,0.00
576,0.00
469,0.00
491,5.53
973,0.00
769,5.59
946,11.73
580,5.70
149,5.62
396,5.49
751,5.54
711,5.78
950,5.63
41,5.64
956,0.00
706,5.51
659,5.60
350,5.68
580,0.00
889,11.90
729,5.71
108,5.69
933,5.79
120,5.80
455,0.00
183,5.85
425,5.89
450,5.89
9,5.95
968,0.00
992,5.92
340,6.02
833,6.12
747,6.29
89,6.18
300,6.03
499,0.00
690,6.10
30,6.17
973,0.00
799,0.00
894,6.15
376,6.16
300,6.08
415,6.06
725,6.11
800,0.00
327,6.18
154,6.13
412,6.08
391,0.00
65,6.15
837,0.00
335,6.21
786,6.21
955,18.19
466,0.00
748,12.22
749,6.44
325,6.56
544,0.00
909,6.32
227,6.36
533,0.00
525,6.19
301,6.25
267,6.09
855,6.06
336,5.99
91,6.05
234,6.16
302,5.95
237,5.96
334,5.89
293,5.99
608,5.92
692,6.03
483,0.00
938,6.12
219,6.19
898,11.65
421,6.23
250,6.15
372,11.68
693,6.08
270,0.00
741,6.20
996,18.19
485,0.00
673,6.19
62,6.13
234,6.09
969,6.15
258,6.16
960,23.81
163,6.23
642,6.25
156,6.16
499,6.03
458,0.00
278,6.11
65,6.06
800,11.79
251,5.97
168,0.00
968,11.61
226,5.98
512,0.00
30,5.98
2,5.99
900,0.00
920,0.00
676,5.65
230,5.74
220,5.69
628,5.68
371,0.00
76,5.59
259,5.64
247,5.54
287,5.47
55,5.47
644,5.47
68,5.54
15,5.34
761,5.28
460,0.00
545,0.00
610,5.29
996,5.21
278,5.35
493,0.00
154,5.38
592,0.00
651,11.77
586,0.00
484,5.37
633,0.00
920,5.31
739,5.27
360,0.00
539,5.41
465,0.00
638,5.56
3,5.50
558,5.55
489,5.62
811,0.00
494,5.59
253,5.71
780,5.59
283,5.67
240,5.67
548,0.00
526,0.00
92,5.58
469,11.61
903,5.56
168,5.75
584,5.54
948,5.62
720,5.68
73,5.57
770,5.54
607,0.00
555,5.46
597,11.88
487,11.99
699,17.64
434,5.74
553,11.94
393,5.75
117,5.58
82,5.66
119,5.71
106,5.57
891,0.00
803,5.54
809,5.59
659,5.65
23,5.64
636,0.00
780,5.58
170,5.72
751,5.79
771,0.00
910,11.75
994,17.56
120,5.97
640,6.01
194,6.01
547,5.80
602,5.86
792,6.04
194,6.13
446,0.00
452,6.01
496,0.00
731,6.11
542,6.19
580,6.04
437,6.18
527,6.12
530,0.00
306,6.34
85,6.38
75,6.38
948,6.32
822,6.41
732,6.52
420,6.49
200,6.59
13,6.49
551,0.00
62,0.00
150,6.35
597,0.00
271,6.35
49,6.36
603,6.18
987,11.69
457,11.78
313,6.51
454,6.27
974,0.00
667,11.73
27,6.48
86,6.43
148,6.30
149,6.20
585,0.00
307,6.07
892,0.00
464,6.10
824,6.24
367,6.27
347,6.31
559,0.00
137,6.20
160,6.20
453,6.12
689,6.17
338,6.25
979,0.00
487,6.38
342,6.29
897,0.00
659,6.36
628,0.00
513,6.43
725,0.00
782,6.40
306,6.55
943,6.61
416,0.00
602,0.00
353,6.46
29,6.56
439,6.37
383,0.00
629,6.47
420,6.47
268,6.48
210,6.55
697,6.49
520,6.58
464,0.00
725,6.48
562,0.00
923,6.22
676,0.00
782,12.24
750,6.12
332,6.18
592,6.22
598,6.35
63,6.33
782,0.00
593,12.15
766,6.31
357,6.37
317,6.30
535,0.00
533,6.34
199,6.47
692,0.00
498,6.37
866,6.37
102,6.38
55,6.41
148,6.37
917,0.00
332,6.18
867,0.00
800,6.35
868,0.00
147,6.37
784,6.28
428,6.28
707,6.43
207,6.60
662,6.40
921,0.00
802,6.54
375,6.59
525,6.39
671,0.00
856,0.00
966,12.95
397,0.00
809,6.59
955,6.56
253,6.63
751,0.00
644,0.00
157,6.45
686,0.00
68,6.49
20,6.58
563,0.00
749,6.50
342,6.48
457,6.57
540,6.40
351,6.48
249,6.51
909,12.75
286,6.39
954,6.52
192,6.22
979,0.00
817,6.34
180,6.35
324,6.22
634,6.43
655,0.00
122,6.52
384,0.00
889,6.43
60,0.00
315,0.00
175,6.40
624,6.35
571,6.36
823,6.31
383,6.26
759,12.85
622,6.52
730,6.53
665,6.54
192,6.51
10,0.00
864,6.46
48,6.50
799,0.00
957,6.61
820,0.00
283,6.45
396,0.00
382,0.00
919,0.00
93,6.47
374,6.44
495,0.00
417,0.00
362,6.40
821,0.00
915,6.52
133,6.53
822,0.00
939,6.51
425,0.00
675,6.62
955,6.62
862,6.68
170,6.63
837,6.61
715,6.73
466,0.00
453,6.79
168,6.63
659,6.54
144,6.63
507,0.00
606,6.46
21,0.00
249,0.00
824,6.43
17,6.43
657,0.00
840,12.89
591,6.56
310,6.45
449,6.39
862,6.46
457,0.00
792,0.00
855,6.36
429,0.00
404,6.43
179,6.52
525,0.00
397,6.50
749,6.42
685,6.49
164,6.55
878,6.57
444,6.58
387,0.00
614,6.49
496,0.00
228,6.49
981,6.49
657,6.51
313,6.21
669,6.20
265,12.62
933,6.35
54,6.41
602,6.27
77,6.36
996,0.00
924,6.53
225,6.43
369,0.00
266,6.35
925,6.47
568,6.35
642,6.51
31,6.52
451,6.41
429,6.41
780,6.39
310,6.40
8,0.00
620,0.00
217,6.26
327,6.32
116,6.35
279,6.31
206,6.12
848,6.12
19,0.00
140,6.25
220,6.18
847,0.00
878,6.12
406,6.13
350,6.21
567,6.17
304,6.18
862,0.00
966,6.21
90,6.30
512,0.00
984,0.00
206,6.03
560,5.91
791,19.02
316,6.10
411,5.97
738,0.00
536,5.97
961,0.00
146,6.23
577,6.23
771,6.23
136,6.44
801,0.00
713,6.31
678,0.00
885,0.00
733,6.39
411,6.40
570,6.33
138,6.34
212,6.35
855,0.00
984,6.27
852,6.29
775,0.00
245,6.41
228,6.34
227,6.38
714,0.00
569,6.33
704,0.00
781,6.43
616,6.50
219,6.44
889,6.38
517,6.54
693,0.00
561,0.00
871,13.08
805,12.95
901,6.66
208,6.61
723,6.83
112,6.52
734,6.61
111,6.62
114,6.59
183,6.62
89,6.47
123,0.00
796,6.51
386,6.58
913,6.44
279,6.53
241,6.32
105,0.00
685,6.42
247,6.54
161,6.42
148,6.31
584,6.31
800,0.00
820,6.35
145,6.35
333,6.48
421,0.00
320,6.48
743,0.00
795,6.42
552,0.00
626,6.40
493,6.48
897,0.00
469,6.50
775,0.00
414,6.62
195,6.51
923,0.00
273,6.56
695,0.00
94,6.34
778,0.00
482,6.48
945,0.00
76,6.45
457,6.57
594,0.00
743,0.00
716,6.56
259,6.56
41,6.66
360,6.56
498,0.00
885,0.00
719,19.27
468,6.58
57,6.37
510,12.62
316,6.40
647,0.00
533,0.00
784,6.20
927,0.00
83,6.39
853,19.19
60,6.47
960,12.70
694,6.43
22,6.45
346,12.66
350,6.55
119,6.29
949,6.31
367,6.39
250,6.46
84,6.37
11,6.32
184,6.26
975,0.00
502,6.16
771,0.00
305,6.23
414,6.26
508,0.00
411,6.03
319,6.07
392,5.96
720,18.90
681,0.00
884,6.08
985,6.11
170,6.11
409,6.09
504,0.00
508,6.08
544,6.15
623,6.08
690,0.00
432,6.12
500,0.00
830,6.22
212,6.19
462,0.00
851,6.07
760,18.97
321,6.18
931,0.00
999,6.22
658,0.00
391,6.27
724,0.00
162,6.28
514,0.00
455,6.24
262,6.29
120,6.18
393,6.11
596,12.57
523,6.21
239,6.07
463,6.17
56,6.20
230,6.03
933,0.00
296,5.95
135,6.01
117,5.88
161,5.76
937,0.00
538,5.76
741,5.85
236,5.89
67,5.89
39,5.90
813,5.66
562,5.71
511,5.76
358,5.75
567,5.60
83,5.74
43,5.68
706,11.85
201,5.62
809,0.00
757,5.55
654,0.00
794,0.00
721,5.71
4,5.56
562,0.00
233,5.45
562,0.00
944,5.40
788,5.52
175,5.63
435,5.58
337,5.49
571,5.52
822,0.00
955,5.58
279,5.58
946,5.65
687,5.82
634,5.68
703,18.26
869,11.66
37,5.69
83,5.70
966,0.00
532,5.76
519,5.76
338,5.77
170,0.00
25,5.92
120,5.66
663,0.00
937,5.71
625,5.72
45,5.79
996,5.78
813,5.94
618,6.06
302,6.04
391,5.94
310,6.10
953,5.90
960,18.69
635,5.75
221,5.79
47,5.79
710,0.00
846,0.00
116,5.81
916,5.82
133,5.97
411,0.00
397,5.84
158,5.84
958,5.88
252,5.93
671,0.00
371,0.00
838,5.93
370,6.04
224,6.01
165,5.82
689,0.00
248,5.90
579,0.00
995,11.67
988,17.99
898,18.05
734,0.00
67,6.08
140,6.12
868,6.07
312,6.14
720,6.17
869,6.06
894,5.94
298,6.12
882,6.03
523,6.03
526,6.13
788,0.00
368,6.22
732,6.31
722,0.00
614,6.35
241,6.40
854,0.00
174,6.26
975,0.00
968,6.31
861,6.43
14,6.52
381,6.40
693,11.96
605,6.38
499,6.39
972,18.20
742,25.02
109,6.37
182,6.34
609,6.40
496,12.08
416,6.38
18,6.56
959,6.32
605,6.55
953,12.19
589,6.60
264,6.60
665,0.00
715,6.53
218,6.36
617,0.00
197,6.14
849,0.00
465,6.17
40,6.18
462,11.94
961,6.13
837,11.84
633,6.23
137,6.36
488,0.00
692,6.19
141,6.41
79,6.42
698,0.00
176,6.40
51,6.40
173,6.25
335,6.26
447,6.16
763,6.19
6,6.43
84,6.28
516,6.18
33,0.00
130,6.19
215,6.12
510,0.00
648,0.00
421,0.00
663,6.18
420,6.29
984,0.00
972,6.36
502,0.00
927,12.43
812,6.54
151,6.53
944,18.09
773,12.67
572,12.76
126,6.63
229,6.47
568,6.42
937,0.00
883,6.54
241,6.62
702,0.00
952,6.58
860,6.49
870,6.43
75,6.55
516,0.00
909,12.59
148,6.38
801,0.00
47,6.39
489,6.35
141,0.00
337,6.32
410,6.37
641,0.00
931,6.21
911,12.61
21,6.33
391,0.00
302,6.21
880,0.00
262,6.18
42,6.25
605,0.00
411,12.74
495,6.22
795,12.83
22,6.11
897,0.00
695,6.20
792,6.02
422,6.09
402,6.12
960,6.12
334,5.88
488,6.12
387,0.00
472,5.93
4,6.07
261,0.00
432,5.98
795,6.01
773,0.00
38,6.07
959,0.00
228,6.04
697,0.00
688,0.00
203,5.82
789,5.78
159,5.87
272,5.79
275,5.79
522,5.85
543,0.00
77,5.98
936,0.00
453,5.84
773,5.91
377,5.92
873,6.05
286,6.13
760,0.00
819,6.11
13,6.06
668,0.00
621,6.10
993,0.00
54,6.04
845,12.56
96,6.05
656,0.00
765,0.00
799,0.00
340,5.99
585,6.09
699,0.00
294,6.03
720,0.00
801,6.03
125,6.10
404,5.97
904,6.02
976,12.45
464,6.27
533,6.09
321,0.00
109,6.12
954,6.36
899,6.15
753,6.18
171,6.22
738,6.25
940,0.00
661,6.26
643,0.00
548,6.42
397,6.29
284,6.31
70,6.30
860,6.23
187,6.26
788,6.27
67,6.27
798,12.44
813,18.94
773,6.27
285,6.27
220,6.18
463,12.08
808,6.17
651,6.30
748,6.43
34,6.16
999,12.52
316,6.38
412,6.43
615,0.00
722,6.41
390,0.00
706,6.41
711,6.42
649,6.30
233,6.38
735,0.00
205,6.41
74,6.33
346,6.32
13,6.44
67,6.38
588,6.29
465,6.25
245,6.24
308,6.16
867,6.17
978,6.17
462,6.22
181,6.25
29,6.17
142,6.08
623,0.00
712,5.97
344,6.04
821,0.00
462,5.97
746,0.00
896,12.15
522,6.04
288,5.99
726,6.00
785,6.11
95,5.92
768,0.00
734,0.00
793,5.98
931,0.00
151,6.08
290,12.11
344,6.04
680,5.87
47,5.95
678,0.00
734,5.82
28,5.94
962,5.86
325,5.87
456,6.03
613,0.00
739,5.91
156,0.00
607,5.89
805,5.96
331,6.07
494,0.00
129,6.07
407,5.98
898,6.02
790,6.07
221,6.00
831,12.25
513,12.20
504,6.22
868,12.58
277,6.11
571,0.00
573,6.12
226,6.11
74,6.19
532,6.19
293,6.20
217,6.18
288,6.04
320,6.09
795,25.09
195,6.11
933,12.24
776,6.20
108,6.00
984,0.00
730,6.02
936,6.14
244,6.15
79,6.26
811,6.20
121,6.20
510,0.00
486,0.00
23,6.16
488,0.00
454,6.13
929,6.19
371,6.25
754,6.34
87,6.40
978,6.27
561,6.37
650,0.00
251,6.46
806,0.00
306,6.27
662,6.39
182,6.52
666,6.44
74,6.47
886,0.00
706,6.44
485,6.42
547,0.00
514,0.00
496,12.40
787,12.39
388,12.32
899,6.48
831,6.51
208,6.51
569,0.00
579,6.43
367,6.53
190,6.60
263,6.39
414,0.00
638,6.46
454,6.38
507,0.00
95,6.42
178,6.30
110,6.26
349,0.00
78,0.00
491,6.13
176,6.15
401,6.19
966,0.00
341,6.11
825,0.00
492,6.06
197,6.17
21,6.04
758,0.00
317,11.96
788,6.11
492,0.00
809,6.14
191,6.21
734,12.34
586,6.30
99,6.19
226,6.17
899,6.07
449,5.94
238,6.04
539,0.00
143,6.04
827,0.00
68,6.04
459,6.11
926,6.12
579,0.00
220,5.97
498,5.98
630,0.00
972,12.01
374,6.10
694,0.00
488,0.00
649,5.97
34,6.02
302,6.02
359,6.01
580,5.94
740,0.00
980,0.00
130,5.98
851,0.00
288,6.03
201,5.94
839,0.00
493,5.88
970,24.63
829,18.39
277,5.98
376,0.00
91,5.92
745,5.83
405,5.88
265,5.83
635,5.83
625,0.00
794,5.91
622,6.02
231,6.07
17,5.95
89,5.96
215,5.85
435,0.00
999,18.15
521,5.70
656,0.00
345,5.83
317,5.74
816,0.00
779,5.78
786,5.92
563,0.00
806,5.79
820,5.93
314,5.94
409,5.94
334,0.00
414,5.83
561,0.00
263,5.69
905,5.69
702,5.67
238,5.66
170,5.56
873,11.72
291,5.43
182,5.58
298,5.49
887,5.54
831,5.64
979,5.72
881,0.00
712,5.74
409,0.00
856,5.77
555,12.03
482,5.83
241,5.70
528,0.00
104,5.64
358,5.59
757,0.00
219,0.00
982,5.59
319,5.51
740,5.58
404,5.67
433,0.00
775,11.81
785,5.77
353,5.75
384,0.00
898,11.76
442,0.00
335,5.77
122,5.88
524,0.00
409,0.00
451,5.74
284,5.75
689,0.00
481,5.58
333,5.59
29,5.67
660,0.00
786,5.64
85,5.76
313,5.77
773,11.55
823,5.69
232,5.53
313,5.60
152,5.52
678,5.65
659,5.66
480,5.72
341,5.80
933,0.00
763,5.70
286,5.77
461,0.00
769,5.81
636,11.61
734,5.88
134,5.96
217,5.87
546,0.00
593,11.73
644,6.02
36,6.04
112,5.83
825,5.85
645,5.95
459,5.77
469,0.00
642,5.87
214,5.87
518,5.95
708,5.96
643,6.01
725,6.00
449,11.78
479,6.22
498,6.23
224,6.13
774,6.10
125,6.17
244,6.10
837,11.70
980,6.02
905,11.63
633,5.99
306,6.00
855,5.93
999,11.80
281,5.90
36,5.88
605,5.88
881,5.96
391,6.00
910,6.00
188,0.00
577,6.06
400,6.09
625,0.00
792,6.12
434,6.14
682,6.05
603,6.11
570,6.18
135,6.05
283,6.18
665,5.99
601,0.00
233,6.06
253,5.95
682,0.00
166,0.00
459,5.91
267,5.98
655,0.00
978,17.74
340,6.20
662,6.18
35,6.22
312,6.07
369,0.00
858,0.00
176,6.12
263,11.71
852,6.19
803,6.13
400,6.00
127,6.00
563,5.96
916,6.08
538,6.08
977,0.00
987,6.10
169,6.27
764,0.00
703,0.00
33,6.20
401,6.08
119,6.14
720,0.00
594,0.00
614,6.06
522,0.00
159,5.96
732,5.95
115,5.99
842,0.00
234,5.96
400,6.00
319,6.01
912,0.00
229,5.80
402,5.81
55,5.86
924,0.00
61,5.77
893,17.45
428,5.82
644,0.00
782,11.99
45,5.97
640,0.00
851,12.03
709,6.11
666,5.96
978,11.91
613,5.97
444,0.00
155,6.01
622,6.04
892,12.18
101,6.19
579,6.11
158,6.12
51,6.30
414,6.08
314,6.01
636,0.00
890,5.90
980,6.02
214,6.09
775,0.00
634,0.00
282,6.05
430,6.08
1000,0.00
1000,6.08
107,6.20
696,0.00
130,6.23
981,12.19
53,6.31
843,12.41
865,6.17
576,6.15
621,6.22
674,6.30
385,6.29
140,6.41
904,0.00
727,0.00
612,6.35
947,6.36
923,12.43
219,6.47
644,6.50
29,6.40
323,6.38
259,6.24
557,0.00
441,5.93
284,6.05
966,6.01
49,6.06
264,5.94
539,5.98
368,6.07
192,6.16
495,0.00
947,6.14
565,6.24
97,6.33
817,6.32
660,6.37
642,6.31
166,6.31
94,6.34
60,6.28
783,0.00
420,6.27
681,6.19
646,0.00
566,6.39
668,0.00
100,6.43
610,12.21
227,6.40
632,12.31
510,6.43
463,6.25
333,0.00
66,6.25
24,6.19
511,6.10
113,6.12
476,0.00
816,5.98
503,5.98
188,6.01
743,0.00
878,12.21
588,6.10
136,6.04
307,6.09
987,0.00
193,6.05
310,6.05
650,0.00
789,6.08
376,0.00
773,6.01
992,0.00
455,5.95
207,6.07
894,6.03
607,12.16
925,6.08
305,0.00
764,0.00
428,0.00
33,5.95
557,12.12
611,5.95
991,0.00
495,5.77
841,0.00
659,5.89
515,6.13
603,0.00
897,6.17
298,6.12
171,6.23
801,0.00
964,18.58
285,6.16
61,6.16
766,6.12
611,0.00
986,6.30
313,6.42
90,6.31
180,6.26
10,6.25
875,0.00
483,0.00
659,6.11
656,0.00
11,6.05
898,0.00
841,6.15
626,6.19
19,6.15
833,6.10
246,6.17
643,6.16
917,6.18
819,6.19
844,6.21
339,6.25
895,6.18
316,6.25
135,6.25
644,6.25
31,6.22
672,6.13
573,6.18
109,6.21
480,0.00
957,12.40
649,6.29
854,6.50
408,6.38
762,12.38
38,6.41
418,6.25
394,0.00
775,12.06
272,6.26
402,6.20
93,0.00
488,0.00
243,6.18
819,6.07
853,6.19
425,6.08
94,6.17
60,6.17
126,6.11
552,5.98
589,5.99
654,5.98
775,5.86
876,6.02
235,6.09
699,5.94
5,5.92
76,6.03
483,0.00
752,6.02
204,6.03
253,5.95
69,5.92
574,0.00
924,5.69
326,5.82
294,5.66
527,0.00
235,5.68
210,5.73
488,0.00
846,18.18
138,5.68
317,0.00
931,18.31
164,5.67
853,11.92
875,5.67
15,5.63
934,5.62
843,5.76
972,5.82
169,5.75
609,5.87
811,5.99
289,5.85
385,5.82
15,5.71
792,0.00
347,5.65
652,0.00
698,5.86
397,0.00
952,5.89
816,5.99
910,12.02
442,6.01
132,6.02
305,5.85
239,5.85
846,12.21
679,5.96
308,5.96
192,6.10
461,6.10
533,0.00
929,12.46
687,6.30
189,6.21
445,6.17
301,6.16
425,6.18
958,6.06
383,6.11
726,6.27
509,12.47
825,6.31
232,6.16
177,6.16
853,12.34
184,6.35
201,6.22
990,6.11
517,6.12
462,6.03
31,6.21
511,6.20
266,6.20
988,0.00
866,12.21
99,6.36
847,18.14
99,6.31
777,6.19
284,6.26
79,6.16
940,6.04
69,6.14
482,0.00
208,6.15
618,6.16
714,12.02
563,6.29
981,0.00
142,6.14
140,6.14
802,0.00
291,6.11
890,0.00
808,6.16
963,11.84
164,6.27
754,0.00
919,6.47
939,0.00
877,6.23
590,6.32
862,6.38
6,6.39
177,0.00
139,6.26
521,6.30
42,6.40
356,6.27
788,12.14
704,6.29
186,6.42
17,6.15
454,0.00
611,6.25
152,6.32
527,0.00
778,6.16
342,6.20
957,0.00
484,6.24
811,6.34
967,0.00
362,6.26
467,6.31
897,6.26
300,6.30
772,0.00
953,6.26
498,6.27
133,0.00
63,6.19
340,6.33
143,6.30
159,6.14
819,6.14
220,6.15
144,6.17
621,0.00
325,6.20
172,6.16
645,12.36
379,6.14
281,6.15
83,5.98
391,6.02
429,0.00
427,0.00
674,0.00
480,0.00
687,6.08
354,6.19
929,6.19
397,5.94
818,0.00
894,6.19
633,0.00
185,6.14
371,6.13
881,6.22
685,6.30
146,6.32
894,0.00
502,6.22
106,6.39
856,0.00
245,6.47
798,0.00
442,6.61
101,6.53
921,12.60
485,6.55
112,6.56
383,6.37
970,6.37
252,6.40
544,6.45
8,6.49
861,6.38
780,6.37
60,6.54
505,0.00
916,18.31
203,6.47
397,6.36
751,0.00
201,6.14
738,6.07
773,6.09
714,6.19
632,6.12
745,0.00
198,6.34
553,0.00
842,6.33
151,0.00
675,6.33
930,6.36
903,0.00
691,6.32
176,6.36
361,6.26
577,0.00
232,6.18
630,12.47
840,6.15
467,6.05
701,6.00
283,6.04
598,6.04
106,0.00
290,0.00
614,6.02
344,6.02
784,0.00
948,6.15
415,6.08
438,0.00
830,0.00
143,6.19
483,6.13
535,0.00
961,6.29
87,6.32
166,6.29
46,6.28
471,0.00
130,6.08
200,6.01
805,12.27
664,6.14
659,6.15
258,6.22
826,0.00
481,6.16
444,5.98
247,6.11
789,0.00
91,6.00
42,6.02
550,5.97
77,5.81
708,0.00
619,5.73
136,0.00
995,5.77
816,5.76
806,0.00
59,5.84
659,5.99
870,5.98
566,0.00
362,5.98
330,5.94
893,0.00
643,6.00
666,0.00
471,0.00
751,6.02
852,6.00
535,6.16
433,6.02
86,6.21
352,6.13
326,6.15
647,0.00
743,12.34
515,6.20
575,6.21
298,6.07
50,6.01
405,6.02
217,5.91
881,0.00
965,12.30
608,12.26
135,6.06
230,5.94
339,0.00
255,5.98
233,5.94
189,5.95
263,6.02
841,5.90
973,5.96
57,6.07
962,12.32
793,12.18
453,6.18
388,5.85
163,5.82
70,0.00
132,6.00
240,5.79
252,5.79
906,11.87
327,5.88
205,5.72
542,0.00
896,12.05
821,0.00
378,12.14
824,12.28
197,5.83
302,5.79
142,5.89
559,0.00
927,6.00
827,0.00
590,0.00
570,6.04
499,0.00
801,12.19
822,6.05
222,6.18
221,6.18
845,6.11
525,6.18
917,0.00
713,6.10
405,6.32
242,6.39
435,6.28
945,0.00
795,0.00
141,6.35
526,6.23
290,6.25
554,0.00
988,12.20
520,0.00
659,6.34
469,12.29
507,0.00
78,6.17
332,6.31
610,0.00
415,6.23
147,6.25
233,6.27
10,6.10
255,6.08
516,0.00
908,6.01
269,6.04
987,0.00
641,5.98
297,5.95
268,6.06
71,5.95
558,0.00
598,0.00
721,5.96
158,6.01
666,0.00
330,0.00
623,5.85
868,0.00
744,12.05
201,6.01
429,5.94
115,5.91
766,0.00
826,6.03
21,6.13
477,0.00
697,6.13
831,0.00
762,12.06
375,11.96
807,12.03
700,12.06
307,5.93
320,5.89
503,0.00
958,6.15
682,0.00
832,6.17
941,6.14
210,6.22
467,0.00
183,6.17
155,6.06
664,6.03
363,6.05
190,6.08
765,5.95
365,5.95
962,0.00
342,0.00
887,0.00
179,5.96
578,0.00
891,5.90
433,5.87
768,0.00
803,12.12
246,6.03
191,0.00
396,5.76
161,5.91
272,5.95
606,0.00
213,5.75
848,5.75
226,5.88
594,5.74
394,5.95
751,5.71
474,0.00
441,0.00
497,0.00
702,0.00
465,5.82
88,5.87
201,5.85
633,0.00
990,5.85
960,5.93
78,5.80
514,0.00
804,5.88
98,5.98
237,5.98
808,0.00
653,0.00
685,6.06
168,6.07
972,12.05
507,6.11
32,6.19
534,0.00
732,6.13
592,0.00
248,6.06
98,5.98
116,5.89
213,5.80
947,0.00
385,5.85
975,18.06
837,6.00
281,5.93
546,0.00
662,12.07
613,12.07
510,12.28
135,6.05
898,18.12
716,12.41
352,6.19
697,12.27
886,18.05
910,0.00
942,18.16
422,6.27
494,6.14
182,6.23
332,6.21
950,0.00
434,6.23
426,12.28
626,6.34
669,6.19
514,6.23
105,6.27
285,6.13
896,0.00
133,6.25
821,6.18
146,6.28
960,0.00
860,6.15
422,6.24
159,6.23
487,0.00
984,6.15
3,6.33
716,0.00
896,6.33
38,6.36
458,6.14
373,6.14
756,11.93
59,6.22
721,18.30
377,11.94
686,6.32
746,0.00
791,0.00
343,6.17
612,6.17
111,6.28
664,0.00
561,12.19
603,6.24
556,6.27
35,6.29
374,0.00
67,6.31
307,6.21
596,6.21
323,0.00
123,6.39
657,0.00
950,12.27
807,6.34
479,6.48
937,6.12
322,6.26
507,6.22
687,0.00
933,6.29
557,0.00
477,6.44
272,6.49
513,0.00
608,0.00
795,6.43
563,0.00
360,12.48
922,6.45
428,6.46
954,6.59
933,0.00
979,12.68
70,6.51
285,0.00
831,12.76
745,12.56
172,6.53
827,6.46
124,6.39
945,0.00
977,12.59
642,12.56
138,6.52
659,6.34
71,6.35
91,6.29
987,6.35
805,6.42
444,6.53
941,12.46
631,6.37
120,6.34
582,0.00
98,6.40
338,6.34
588,0.00
939,6.45
504,6.46
467,6.46
241,6.48
346,0.00
912,6.36
813,0.00
664,6.49
537,6.58
26,6.42
601,6.41
263,6.55
271,6.48
911,6.51
399,0.00
808,12.57
32,6.44
397,6.36
336,6.43
455,0.00
399,6.35
700,0.00
329,6.38
912,6.38
87,6.28
427,0.00
114,6.25
903,6.24
640,0.00
870,6.12
511,12.62
36,6.28
215,0.00
681,12.32
75,6.28
884,6.13
373,6.26
3,6.17
415,6.09
473,0.00
713,6.01
32,6.10
416,0.00
202,6.00
145,5.94
856,0.00
763,6.00
801,24.28
461,6.16
441,6.04
862,0.00
866,12.37
193,5.86
365,12.45
960,18.70
555,12.54
138,6.07
684,12.54
862,12.42
520,6.05
248,0.00
231,12.37
879,24.57
46,6.08
354,5.84
748,5.90
205,5.98
56,5.88
62,5.92
21,5.83
593,0.00
690,5.77
254,5.78
162,5.80
73,5.73
950,5.69
109,5.62
736,0.00
690,0.00
723,12.17
392,5.81
383,5.83
159,5.73
519,5.66
213,5.57
75,5.57
324,5.45
292,5.49
955,5.45
65,0.00
871,12.07
979,5.61
292,5.76
72,5.56
661,0.00
826,5.70
939,5.60
303,5.65
868,5.60
15,5.71
645,5.78
73,5.87
428,0.00
596,5.73
991,11.82
597,5.82
288,5.96
704,5.70
860,5.70
705,0.00
856,12.06
515,5.90
465,0.00
36,5.82
537,5.82
89,5.81
749,0.00
768,5.95
571,5.88
264,5.99
45,5.96
289,5.96
461,0.00
345,5.95
473,11.93
863,5.95
310,6.09
463,5.92
431,0.00
523,5.92
539,5.94
779,6.06
10,5.91
122,5.79
195,0.00
997,11.93
429,5.86
692,5.89
699,11.78
123,5.68
39,5.72
728,5.72
636,0.00
980,5.81
733,5.85
674,5.97
779,5.95
3,6.00
823,5.82
89,5.94
958,6.00
317,6.04
230,6.07
854,0.00
447,6.07
185,6.14
533,0.00
391,6.25
176,6.12
309,6.09
330,6.10
841,0.00
951,5.97
779,6.00
697,0.00
879,6.12
181,6.15
723,0.00
513,6.25
771,0.00
999,6.46
90,6.56
228,6.51
638,0.00
267,6.42
464,6.51
120,6.52
717,0.00
635,0.00
844,6.44
803,6.49
817,12.09
105,6.63
130,6.60
588,0.00
166,6.61
145,6.58
574,6.49
586,0.00
19,6.59
830,0.00
392,6.50
179,6.45
994,0.00
87,6.39
963,6.45
727,6.35
691,0.00
752,12.32
500,0.00
745,6.42
110,6.57
838,0.00
787,6.53
931,6.62
193,6.51
114,6.57
700,6.57
994,0.00
655,6.70
337,6.72
482,0.00
156,6.65
4,6.65
848,0.00
607,12.56
207,6.61
763,0.00
576,6.55
670,6.55
708,6.57
478,0.00
927,18.51
265,6.73
962,12.59
152,6.71
182,0.00
824,12.58
425,6.81
442,6.74
821,6.73
496,18.48
830,18.59
318,6.80
813,0.00
460,0.00
811,0.00
788,6.79
821,0.00
907,6.68
495,6.83
677,0.00
654,6.81
313,6.83
683,0.00
691,6.90
28,6.84
990,0.00
178,6.86
454,0.00
473,6.68
544,0.00
186,6.72
920,0.00
982,0.00
147,6.57
328,6.52
204,0.00
605,0.00
111,6.54
654,6.60
745,0.00
196,6.48
113,6.46
497,6.40
773,6.44
754,0.00
216,6.32
831,6.28
788,6.42
856,6.48
848,0.00
4,6.52
260,6.52
945,0.00
907,13.05
873,6.71
331,6.57
663,6.54
288,6.68
956,0.00
291,6.42
736,0.00
868,0.00
994,6.41
13,6.53
765,0.00
433,6.42
454,6.51
395,6.62
85,6.42
363,6.37
797,0.00
156,6.41
821,6.40
346,6.44
408,6.45
360,6.47
256,6.51
761,6.37
199,6.48
648,0.00
70,6.42
535,0.00
632,6.41
520,13.10
515,6.47
52,6.47
672,0.00
669,13.28
587,13.18
726,6.51
263,6.62
175,6.54
518,13.45
673,6.48
444,6.54
130,6.54
705,6.51
908,13.27
644,6.56
359,6.56
551,13.20
153,6.57
55,6.42
51,6.37
220,6.31
637,0.00
571,6.28
922,6.29
45,6.45
134,6.34
810,6.33
443,0.00
533,13.14
200,6.30
591,0.00
36,6.33
485,0.00
265,6.29
168,6.42
997,0.00
878,6.35
446,0.00
988,12.87
745,6.55
370,6.49
168,6.43
812,0.00
31,6.46
940,12.69
213,6.45
47,6.44
716,0.00
982,6.47
217,6.45
587,12.74
317,6.29
45,6.32
211,6.31
197,6.38
560,0.00
719,12.89
757,6.22
434,6.24
452,6.15
241,5.98
13,6.03
441,5.90
444,0.00
323,5.86
196,5.87
520,0.00
894,0.00
184,5.72
196,5.73
610,0.00
337,5.71
510,5.74
798,5.79
746,5.64
722,5.65
952,5.67
406,0.00
246,5.79
829,0.00
375,5.83
168,5.84
109,5.78
707,0.00
952,5.80
8,5.82
596,0.00
510,0.00
5,5.62
864,5.61
227,5.69
827,0.00
318,5.47
860,5.53
436,5.57
662,0.00
71,5.36
80,5.40
885,0.00
556,12.07
541,5.60
478,5.70
618,5.60
763,5.65
95,5.78
285,5.71
451,5.77
973,5.62
610,0.00
567,5.77
217,6.01
592,0.00
916,5.94
454,0.00
428,6.01
103,6.04
169,5.92
749,0.00
31,6.01
574,5.85
919,12.35
894,12.37
161,5.82
660,0.00
947,12.41
373,5.94
188,6.03
46,5.91
747,0.00
654,5.99
123,5.91
100,5.93
851,0.00
726,12.31
311,5.90
620,0.00
512,0.00
395,5.96
452,0.00
540,0.00
854,12.06
333,5.96
358,6.07
596,12.31
713,6.22
905,12.18
206,6.36
164,6.30
400,6.38
243,6.35
459,6.33
952,6.33
552,6.35
839,6.38
44,6.44
81,6.45
858,0.00
437,0.00
842,6.46
342,6.44
795,0.00
233,6.37
337,6.32
100,6.24
305,6.27
409,6.05
515,0.00
904,6.14
592,11.82
321,6.13
375,0.00
614,6.10
706,6.10
460,6.12
860,0.00
917,6.30
210,6.14
656,6.22
807,6.13
229,0.00
793,0.00
828,0.00
59,6.20
896,0.00
649,0.00
875,6.16
137,6.01
266,5.93
110,5.82
425,11.77
305,5.91
1,5.81
881,5.68
118,0.00
795,0.00
166,5.88
802,5.90
750,5.92
642,5.96
656,6.04
867,0.00
344,5.99
19,5.98
199,5.98
559,0.00
96,6.03
377,6.02
423,5.92
792,0.00
662,6.01
15,6.00
496,6.05
942,6.15
172,6.00
658,0.00
741,6.05
265,6.15
925,0.00
297,6.09
789,0.00
828,0.00
891,18.30
212,6.05
99,6.18
818,0.00
298,6.17
308,6.14
387,6.10
914,6.20
448,6.14
774,0.00
776,6.26
11,0.00
890,6.36
264,6.39
13,6.34
143,6.28
988,0.00
887,12.80
40,6.38
112,6.28
697,0.00
520,0.00
786,6.47
302,6.53
980,6.55
792,6.62
747,12.77
975,6.86
66,6.94
951,0.00
944,6.93
409,0.00
932,13.18
605,13.16
669,13.14
804,7.14
264,7.25
471,0.00
668,7.20
159,7.17
317,0.00
352,7.23
751,0.00
937,7.27
875,7.21
510,7.34
402,0.00
810,7.32
249,7.30
801,7.34
971,13.27
289,7.51
141,7.59
714,0.00
498,7.60
755,7.62
166,7.69
576,7.61
855,0.00
639,7.54
650,7.55
632,7.70
455,0.00
298,7.45
44,7.53
709,7.39
890,7.46
653,0.00
946,0.00
45,7.47
275,7.47
844,0.00
870,13.42
497,7.46
293,7.40
553,7.34
26,0.00
725,0.00
672,7.33
908,13.50
663,7.41
486,7.40
511,7.39
423,7.27
255,7.39
789,7.25
360,0.00
44,7.25
161,7.24
859,0.00
23,7.25
77,0.00
326,13.42
523,7.27
259,7.29
332,7.31
767,7.16
157,7.12
373,7.15
148,7.10
538,7.06
470,7.03
708,6.99
872,7.09
453,7.02
550,0.00
417,7.00
441,13.60
289,7.05
837,6.94
40,6.95
326,6.93
475,0.00
203,0.00
599,6.69
683,0.00
862,13.68
786,6.75
167,6.87
474,6.70
917,0.00
184,6.56
865,6.52
716,6.62
565,6.78
345,6.56
287,6.68
883,6.58
500,6.72
561,0.00
537,6.58
887,0.00
303,6.54
203,6.52
301,6.37
937,13.76
414,6.27
719,0.00
318,6.37
34,6.30
462,6.34
299,6.22
289,6.23
921,6.10
603,13.52
450,6.07
811,0.00
387,6.08
671,13.45
202,6.16
367,6.13
130,6.05
10,0.00
394,6.10
534,6.02
510,0.00
866,6.08
971,6.04
677,6.01
745,6.04
379,6.01
389,0.00
273,13.34
414,6.02
200,5.89
258,0.00
264,5.99
632,5.87
566,6.00
781,5.76
401,5.85
595,0.00
963,0.00
910,5.87
747,6.03
908,6.07
965,6.17
627,0.00
554,6.27
756,6.38
20,6.32
962,6.33
331,6.39
541,0.00
603,6.29
492,0.00
134,6.17
436,0.00
504,0.00
56,6.20
572,0.00
880,19.84
970,13.02
562,0.00
606,6.07
287,6.25
924,0.00
328,6.20
475,0.00
781,6.44
21,6.35
421,0.00
814,6.23
634,0.00
45,6.18
180,6.05
106,6.01
399,5.92
939,0.00
563,0.00
126,6.03
497,0.00
790,12.48
738,6.02
795,6.14
144,6.07
743,0.00
954,6.06
544,0.00
409,6.17
295,6.16
251,6.14
594,6.15
58,6.21
795,6.12
115,6.13
227,6.17
492,0.00
411,0.00
538,6.22
572,6.25
510,6.10
526,0.00
412,6.15
748,6.13
970,0.00
440,0.00
868,12.46
697,12.27
204,6.35
488,6.22
593,6.31
196,6.38
533,0.00
900,6.29
162,6.25
831,6.31
210,6.39
43,6.27
823,6.24
895,0.00
593,6.30
767,12.17
254,6.24
880,0.00
721,0.00
918,12.35
451,6.02
416,6.13
15,6.09
561,0.00
308,6.04
255,5.99
861,0.00
40,5.99
537,5.95
343,0.00
774,6.01
127,5.98
653,12.08
649,5.99
646,0.00
736,12.14
389,6.04
829,6.19
156,5.90
240,6.00
992,6.00
408,6.10
416,5.89
151,5.82
978,0.00
45,5.82
446,5.95
458,5.97
879,0.00
106,5.90
92,6.02
23,5.96
107,0.00
574,11.79
941,6.01
106,5.98
104,5.96
315,0.00
876,11.97
769,0.00
923,0.00
394,5.91
207,0.00
413,5.94
25,6.06
858,0.00
608,5.90
252,6.02
138,6.05
448,5.98
740,6.04
231,5.88
444,0.00
910,5.96
124,5.94
258,5.91
123,5.92
651,0.00
608,5.99
320,5.88
952,5.95
137,6.08
216,5.96
413,0.00
979,0.00
440,18.27
39,5.95
707,0.00
772,5.83
764,5.90
456,6.00
999,5.94
391,5.95
488,5.93
448,6.01
373,6.04
39,6.13
841,5.91
820,5.97
779,5.98
854,6.10
247,6.07
625,12.13
292,5.96
986,11.97
275,6.01
620,5.94
199,6.04
934,6.00
443,0.00
907,12.03
568,6.22
7,6.01
1,6.15
228,6.09
525,0.00
787,6.09
674,6.21
218,6.27
750,6.26
202,6.26
416,6.30
801,0.00
524,6.31
548,6.31
777,6.30
275,6.44
612,0.00
390,6.35
388,0.00
754,6.32
352,6.43
586,6.46
326,6.46
150,6.23
654,0.00
611,0.00
627,6.32
11,6.34
166,6.34
658,0.00
492,6.18
911,0.00
768,12.25
397,6.33
329,6.43
865,0.00
433,6.41
953,0.00
688,6.34
896,0.00
988,6.33
457,0.00
870,6.45
18,6.51
133,6.46
630,6.46
162,6.51
514,0.00
740,0.00
528,6.43
959,12.37
458,0.00
453,6.66
123,6.60
107,6.57
609,6.51
690,6.59
599,6.65
166,6.63
738,6.74
22,6.86
411,6.78
278,6.93
541,0.00
617,6.75
83,6.85
770,6.87
818,6.88
802,6.96
480,6.83
671,0.00
773,0.00
208,7.04
432,0.00
419,0.00
945,6.81
340,6.92
380,6.85
749,6.85
877,12.87
125,6.92
136,6.83
499,0.00
908,6.86
847,0.00
356,6.92
391,6.87
600,13.19
263,7.00
549,6.85
502,0.00
446,6.95
140,6.94
664,0.00
947,6.90
495,6.72
685,0.00
395,6.75
752,6.67
578,0.00
563,6.67
740,6.70
385,6.77
484,0.00
163,6.73
806,6.77
581,6.77
314,6.94
821,0.00
438,6.84
741,0.00
529,6.89
390,7.00
504,7.09
129,7.19
195,7.14
498,0.00
387,0.00
208,7.07
975,6.86
128,7.01
22,6.88
645,0.00
593,6.92
388,6.85
984,0.00
545,6.87
500,6.88
111,6.79
941,0.00
5,6.80
884,0.00
323,0.00
125,6.88
71,7.01
576,0.00
954,6.95
921,6.95
38,7.11
537,0.00
17,6.83
829,0.00
781,6.87
772,0.00
587,6.79
100,6.80
160,6.93
418,6.84
595,0.00
744,6.68
442,6.63
131,6.54
452,6.62
495,0.00
672,6.56
145,6.60
196,6.55
626,0.00
703,6.44
788,6.46
749,6.50
222,6.58
124,6.50
623,6.42
850,0.00
901,6.50
955,6.54
246,6.34
441,6.44
802,6.38
389,6.56
318,6.34
612,0.00
990,6.42
591,6.46
226,6.57
683,6.54
311,6.54
937,6.47
938,6.48
636,6.65
762,6.60
905,6.60
780,6.55
594,6.62
134,6.55
796,0.00
78,6.60
322,13.33
939,6.64
522,6.41
522,6.62
163,6.50
245,6.35
977,0.00
272,6.26
517,6.32
571,6.38
327,6.41
516,0.00
796,6.49
465,0.00
117,6.35
114,0.00
83,6.43
942,6.35
823,0.00
32,6.40
718,6.40
612,0.00
620,6.44
525,6.45
105,6.58
863,0.00
342,6.48
561,0.00
873,13.44
580,6.56
227,6.34
289,6.41
652,6.33
91,0.00
743,6.30
529,6.34
827,0.00
357,6.32
960,6.19
680,6.30
591,0.00
633,6.35
459,0.00
414,6.45
286,6.35
487,0.00
473,12.84
269,6.43
173,6.29
901,0.00
835,6.12
915,6.16
304,6.20
744,6.24
129,6.23
262,6.22
999,12.78
707,6.27
976,0.00
684,6.33
331,6.30
537,0.00
803,6.28
266,6.15
180,6.20
4,6.14
771,6.09
354,6.04
237,12.56
846,12.42
312,6.00
579,6.10
211,6.06
581,5.86
939,5.95
95,5.88
155,5.91
202,5.98
991,12.22
943,5.89
101,5.90
153,5.77
739,0.00
182,5.90
259,5.78
900,0.00
184,5.83
614,5.86
446,0.00
529,5.98
266,5.94
567,5.98
436,6.04
923,0.00
624,5.95
953,6.05
420,0.00
222,6.03
357,5.89
74,5.96
412,5.79
709,5.80
512,0.00
697,0.00
600,5.89
626,0.00
612,5.96
666,5.98
509,0.00
613,6.02
268,6.02
446,6.04
515,5.90
578,0.00
837,12.30
923,6.00
97,5.94
549,0.00
111,5.97
618,0.00
765,6.04
295,6.02
605,6.13
928,0.00
569,6.27
884,6.37
318,6.45
901,0.00
873,6.51
699,0.00
542,6.67
206,6.76
500,12.99
359,6.73
235,12.75
174,6.60
803,0.00
78,6.46
77,6.48
376,6.40
287,6.45
956,12.55
502,6.30
476,6.48
67,6.48
547,0.00
256,6.47
658,6.48
783,0.00
506,12.37
202,6.46
535,6.39
342,6.48
976,0.00
971,6.43
714,0.00
747,0.00
194,6.51
852,12.28
118,6.46
592,0.00
592,6.48
965,6.51
508,6.60
559,6.64
126,6.56
207,6.47
474,0.00
494,6.33
799,6.27
107,6.37
986,6.28
261,6.40
83,6.24
297,6.32
29,6.35
727,0.00
422,0.00
573,6.43
613,0.00
651,6.36
70,6.47
17,6.50
726,6.33
651,0.00
686,6.33
57,6.30
577,0.00
188,6.30
244,6.26
535,6.26
984,6.16
125,6.17
589,6.22
93,6.33
701,6.13
776,0.00
951,6.32
173,6.30
386,12.29
837,6.28
260,6.29
328,6.24
579,0.00
117,6.03
532,6.00
643,6.04
856,5.96
15,5.96
581,12.38
487,5.83
109,5.67
117,5.74
972,5.76
148,5.85
797,5.72
136,5.84
822,0.00
927,18.71
570,12.56
723,0.00
992,6.10
654,6.11
371,6.11
979,6.07
984,6.17
293,6.13
555,0.00
637,6.17
685,12.62
860,12.61
338,0.00
943,12.85
537,6.38
799,6.27
239,6.10
896,12.71
839,6.30
26,6.38
139,6.30
245,6.33
868,0.00
714,0.00
88,6.24
652,0.00
396,6.20
863,0.00
271,6.30
224,6.34
824,6.36
245,6.51
406,6.24
886,0.00
478,6.18
439,6.30
463,6.32
688,6.40
72,6.40
627,0.00
95,6.45
933,0.00
182,6.37
398,6.34
649,6.41
998,0.00
614,6.56
12,6.44
214,0.00
875,6.51
395,6.52
765,0.00
101,6.66
382,0.00
997,6.69
193,6.76
225,6.68
298,6.69
125,6.62
734,0.00
807,6.58
487,6.59
591,6.57
988,0.00
995,6.70
330,6.81
34,6.84
743,0.00
200,6.86
592,6.83
560,6.92
992,12.70
84,6.74
179,0.00
991,6.78
559,0.00
316,6.94
842,0.00
491,0.00
441,7.04
667,0.00
243,7.19
308,7.19
417,7.17
781,7.03
602,7.04
377,7.06
537,0.00
524,7.12
933,7.25
288,0.00
690,13.18
259,7.16
93,0.00
838,13.24
338,7.17
795,7.05
53,7.11
126,7.02
355,0.00
362,7.04
195,13.19
707,7.11
815,7.11
497,13.35
707,7.02
845,6.99
864,7.07
960,7.11
47,7.24
846,0.00
336,7.05
455,7.00
606,13.20
759,6.98
225,6.94
731,6.94
801,0.00
344,6.92
104,6.84
697,6.73
179,6.79
825,6.89
28,6.70
669,6.78
447,0.00
378,6.79
948,0.00
559,6.66
864,0.00
900,6.79
9,6.74
441,6.57
443,0.00
453,0.00
151,6.71
578,6.70
378,6.70
618,0.00
86,6.75
979,6.67
51,6.68
459,6.49
83,6.59
121,6.61
135,6.53
208,6.37
259,0.00
308,0.00
870,6.30
311,6.41
731,6.31
524,0.00
94,6.33
923,0.00
25,6.20
203,6.21
904,6.09
354,6.13
386,6.02
935,0.00
33,5.94
123,6.02
432,6.02
518,6.06
147,5.83
78,5.86
574,0.00
326,12.79
692,5.79
365,5.75
532,5.76
601,0.00
231,5.81
619,5.83
828,5.91
954,12.92
426,6.01
773,5.86
854,0.00
734,6.01
737,6.12
898,6.15
910,6.20
246,6.12
389,6.12
884,13.20
832,6.18
896,13.24
118,6.01
172,6.16
553,0.00
959,6.14
309,6.23
677,13.24
731,6.33
950,13.19
287,6.39
281,6.15
155,6.27
296,6.28
285,6.22
426,6.26
746,6.26
675,0.00
116,6.18
633,6.26
590,6.38
108,6.22
958,0.00
766,6.28
891,6.29
162,6.26
275,6.20
442,6.09
964,6.06
880,6.12
923,6.24
907,6.39
904,13.19
689,0.00
862,6.50
373,6.49
33,6.47
900,6.45
793,6.46
133,6.56
385,6.58
964,0.00
701,6.63
221,6.75
345,6.60
319,6.64
923,0.00
316,6.75
985,0.00
683,6.85
689,6.86
642,6.68
638,0.00
280,6.76
332,6.88
487,0.00
667,0.00
551,6.95
79,7.11
244,7.01
736,0.00
42,7.01
377,6.91
99,0.00
250,6.94
738,0.00
866,0.00
210,6.72
488,6.81
156,6.82
949,6.80
205,6.61
651,0.00
837,12.80
720,0.00
255,6.52
950,0.00
376,12.84
60,6.65
726,6.67
212,6.52
323,6.45
658,0.00
501,6.43
576,0.00
243,6.42
188,6.39
584,6.43
691,6.44
804,12.67
909,6.46
36,6.50
890,0.00
835,6.64
223,6.71
40,6.66
910,0.00
952,19.45
85,6.59
354,6.37
541,0.00
870,6.68
34,6.59
665,6.61
245,6.68
810,6.51
69,6.56
507,0.00
895,6.52
537,6.62
260,6.69
541,0.00
560,6.48
293,6.54
610,6.35
623,0.00
195,6.44
851,12.96
741,6.49
432,6.61
756,0.00
755,6.49
246,6.66
945,6.73
34,6.63
413,6.59
308,6.62
462,13.10
196,6.49
724,6.45
889,6.45
242,6.36
736,6.36
417,0.00
449,6.43
106,6.44
439,6.32
355,6.20
233,6.31
240,6.19
759,6.18
116,6.31
183,6.28
412,0.00
410,6.11
362,6.22
694,6.10
194,6.23
128,6.20
721,0.00
776,6.27
824,0.00
331,6.23
990,6.23
200,6.36
787,6.33
437,6.37
112,6.25
894,12.89
633,6.36
14,6.27
623,0.00
589,6.17
50,6.15
202,0.00
913,6.24
272,6.25
870,6.25
599,6.31
694,6.26
150,6.36
437,6.28
604,0.00
517,6.34
891,6.34
353,6.34
405,12.64
228,6.28
355,6.13
413,6.18
164,6.12
501,6.09
268,6.12
70,6.14
239,0.00
589,6.03
83,6.03
545,0.00
844,18.99
38,6.21
857,0.00
607,6.03
311,6.07
192,6.03
59,6.06
300,5.98
825,0.00
879,5.84
545,5.85
263,5.90
654,5.91
233,6.00
371,6.00
481,0.00
381,0.00
85,5.82
953,5.71
12,5.74
89,5.73
180,5.55
483,5.49
483,0.00
728,0.00
343,5.61
604,0.00
433,5.55
522,5.63
825,0.00
541,5.71
670,5.58
191,5.56
516,0.00
205,5.73
232,5.75
155,5.61
415,5.67
808,5.68
26,5.77
819,5.67
349,0.00
853,5.90
87,5.86
548,0.00
106,5.83
934,5.83
411,0.00
203,5.94
937,12.08
116,5.99
59,0.00
747,0.00
690,0.00
961,0.00
747,5.87
161,5.97
142,5.97
550,12.26
407,5.94
642,0.00
915,12.19
554,6.18
266,6.07
16,5.87
130,5.94
493,5.93
288,5.95
91,5.84
823,0.00
988,5.80
766,0.00
128,5.78
376,5.75
503,5.74
700,5.75
725,5.72
340,5.85
510,0.00
827,5.93
531,6.05
168,6.09
787,6.09
333,6.13
12,5.94
813,0.00
868,5.93
260,5.98
156,6.02
708,0.00
748,6.09
254,6.08
871,6.09
641,5.99
457,0.00
293,5.96
153,6.15
418,6.12
716,0.00
449,0.00
345,6.18
22,6.23
484,0.00
964,6.15
274,6.29
533,0.00
447,6.14
267,6.25
10,6.16
233,6.20
657,11.83
291,6.19
463,6.25
711,6.14
272,6.14
391,6.03
264,6.21
381,6.14
456,0.00
826,6.12
72,0.00
834,5.88
402,0.00
37,5.79
99,5.97
854,5.94
990,0.00
92,5.96
703,5.93
477,5.93
434,0.00
186,5.88
470,5.85
363,5.81
845,0.00
328,5.85
437,5.82
413,0.00
334,5.63
591,11.66
652,5.72
208,0.00
409,5.87
144,5.86
100,5.71
392,0.00
788,5.88
353,5.84
594,0.00
485,5.84
822,5.92
454,6.08
756,6.14
40,6.22
427,0.00
652,6.11
975,6.17
674,6.32
398,6.34
578,0.00
920,6.25
83,6.25
777,0.00
12,6.24
225,6.19
651,6.22
554,6.32
200,6.13
568,6.20
12,6.27
515,0.00
998,6.15
971,0.00
102,6.24
19,6.20
987,6.12
292,6.27
549,0.00
870,0.00
797,6.33
203,6.34
801,0.00
119,6.44
582,0.00
888,6.30
165,6.36
594,0.00
799,6.38
475,6.32
856,6.45
198,12.81
732,6.68
207,6.53
936,12.77
728,6.71
509,6.74
623,0.00
585,6.73
68,6.81
804,0.00
125,6.85
538,0.00
553,6.83
187,6.96
117,6.84
374,6.74
889,0.00
388,6.83
617,13.02
970,12.92
373,6.87
183,0.00
440,7.02
649,0.00
104,6.86
657,6.90
988,7.07
338,6.89
916,6.96
482,7.03
763,18.91
469,7.14
435,13.03
796,7.02
421,7.15
221,12.95
210,7.34
105,7.11
40,7.11
622,0.00
838,7.06
601,0.00
883,7.23
971,7.19
80,7.27
129,7.21
294,7.40
674,0.00
238,7.27
84,7.30
446,7.26
993,0.00
522,7.12
867,7.07
60,7.10
23,7.06
870,6.94
157,7.10
964,6.89
659,0.00
297,6.93
332,6.96
659,0.00
851,6.89
97,6.95
551,0.00
161,6.93
969,0.00
221,7.09
15,6.99
603,6.90
622,7.00
626,0.00
39,7.05
447,6.96
237,6.97
658,0.00
60,6.83
383,6.88
946,6.72
73,6.83
150,6.75
41,6.69
978,0.00
496,6.68
26,6.77
981,0.00
334,6.50
725,6.50
198,6.57
775,0.00
160,6.30
138,6.36
454,6.27
353,6.32
306,6.16
250,6.26
40,6.11
553,0.00
939,6.24
121,6.18
844,0.00
679,13.13
843,0.00
504,6.36
111,6.34
774,6.23
302,6.33
727,6.43
22,6.36
553,0.00
182,6.40
403,6.23
158,6.18
223,6.13
73,6.03
775,6.07
501,13.11
37,6.02
868,0.00
197,5.84
658,0.00
568,5.82
287,5.92
756,0.00
889,5.82
162,5.74
781,0.00
304,5.70
280,5.73
260,5.66
837,5.70
512,0.00
347,5.71
660,0.00
693,18.79
755,5.87
240,5.87
428,0.00
412,5.83
625,5.83
763,5.85
639,5.87
794,5.84
952,12.82
906,0.00
921,0.00
906,6.06
199,6.12
713,0.00
195,6.13
976,6.18
176,6.27
601,6.16
187,0.00
797,0.00
850,6.14
393,6.13
332,6.19
185,6.21
254,6.27
621,0.00
798,6.21
196,6.28
474,6.28
791,0.00
198,6.29
583,6.20
727,0.00
525,6.20
364,6.20
70,6.35
932,0.00
863,0.00
938,0.00
951,0.00
967,6.51
624,0.00
361,6.73
763,6.63
694,12.74
210,6.57
247,6.47
75,6.49
117,6.44
607,0.00
753,6.34
282,12.50
143,6.13
187,0.00
203,6.26
944,6.18
839,6.28
142,6.28
121,0.00
403,0.00
67,6.34
777,12.40
900,6.34
371,6.31
493,6.29
437,6.40
75,6.40
588,12.27
622,6.53
366,6.54
100,6.49
710,0.00
951,12.19
755,6.38
905,6.31
388,6.31
93,6.37
766,0.00
757,6.35
857,0.00
935,6.37
570,6.37
525,6.39
527,6.35
487,6.40
295,6.32
527,6.37
379,6.48
96,6.52
646,6.32
912,12.12
486,6.39
362,6.34
689,6.09
112,6.24
386,6.06
406,6.04
807,5.94
864,5.97
413,6.15
670,6.17
923,0.00
125,6.08
582,0.00
203,5.94
128,6.03
462,0.00
36,5.98
865,5.91
730,0.00
663,6.04
330,5.89
451,5.98
501,0.00
516,5.95
332,6.06
251,6.01
28,5.85
543,12.27
487,5.72
185,5.64
566,5.57
906,12.31
693,5.73
834,0.00
832,0.00
295,5.90
617,0.00
458,12.42
916,6.14
792,0.00
636,6.00
635,0.00
514,6.03
317,6.08
356,6.02
200,6.01
944,12.42
52,6.08
372,6.07
941,6.08
784,0.00
191,6.08
887,6.08
156,6.08
376,5.98
320,0.00
252,6.10
967,12.47
201,12.48
462,6.24
297,6.25
469,0.00
498,6.07
119,6.08
353,5.97
880,0.00
177,6.12
663,0.00
922,0.00
639,12.40
449,5.89
122,5.88
504,0.00
376,5.82
433,5.76
34,5.72
609,0.00
351,5.78
612,0.00
759,5.76
511,5.77
205,5.89
625,0.00
855,5.85
577,0.00
777,5.91
255,5.92
131,6.02
469,5.81
771,5.76
553,0.00
345,5.89
650,0.00
902,11.94
981,5.91
428,6.01
299,6.00
253,6.04
181,5.91
872,5.91
894,18.14
365,6.02
370,0.00
216,5.85
565,5.84
702,5.91
932,5.97
860,5.94
163,5.99
269,5.91
954,11.66
86,5.84
883,5.73
310,5.74
371,5.67
565,0.00
929,11.75
26,5.86
763,0.00
667,5.63
55,5.86
857,0.00
501,5.77
30,5.79
608,0.00
90,5.70
408,0.00
885,11.84
62,5.76
957,11.66
214,5.59
72,5.50
1,0.00
675,5.57
32,5.71
295,5.53
492,0.00
195,5.57
697,5.52
482,0.00
741,18.02
171,5.49
40,5.49
249,0.00
119,5.66
566,5.40
235,5.46
456,0.00
830,11.41
116,5.39
583,11.37
538,5.53
402,0.00
451,0.00
458,5.39
677,5.33
971,0.00
722,5.50
42,5.34
979,0.00
105,5.38
47,5.27
863,0.00
917,5.47
698,5.28
659,5.41
971,5.30
74,5.43
728,11.35
638,5.46
518,5.42
429,5.47
558,5.32
914,0.00
575,0.00
634,5.53
871,0.00
444,11.49
731,5.66
970,0.00
414,5.91
605,5.82
494,0.00
992,5.96
850,6.02
172,6.03
361,6.01
110,5.94
638,5.87
762,6.00
416,6.10
750,6.11
155,0.00
187,5.97
177,5.92
996,5.78
860,11.54
229,6.05
411,5.82
621,0.00
402,5.82
227,5.90
83,5.91
983,5.93
258,5.93
135,5.95
318,5.90
549,0.00
440,11.79
711,6.07
272,0.00
378,0.00
60,5.99
969,0.00
363,5.99
936,37.20
89,6.14
323,0.00
13,6.01
687,11.75
457,6.04
125,6.11
176,6.07
410,6.11
13,6.07
695,0.00
9,6.08
249,6.02
807,0.00
926,11.58
987,6.11
437,0.00
721,6.16
986,6.33
88,6.25
464,6.20
569,0.00
367,6.06
138,6.17
170,6.16
905,6.10
315,6.11
879,6.09
637,6.12
774,6.07
100,6.19
642,0.00
548,6.03
82,6.14
259,6.09
195,6.17
776,0.00
762,11.51
472,6.04
858,0.00
891,0.00
798,6.12
613,0.00
531,12.01
474,11.80
408,5.97
374,5.99
387,5.96
834,5.93
129,5.84
8,5.93
987,0.00
578,5.84
987,0.00
769,12.04
696,12.15
415,6.10
477,0.00
401,12.06
333,6.19
793,6.26
780,0.00
560,6.07
3,6.24
919,0.00
14,6.15
74,6.16
293,6.13
637,0.00
397,6.11
222,6.11
283,6.24
361,6.02
532,6.02
602,12.15
783,17.73
747,6.34
285,6.36
249,0.00
303,6.39
639,6.24
519,6.27
706,6.26
577,12.29
891,6.46
576,6.63
634,18.23
582,6.54
732,6.52
718,6.61
683,6.72
51,6.87
595,0.00
948,6.76
286,6.89
413,6.87
588,13.03
182,6.77
723,12.97
633,13.00
186,6.86
290,0.00
758,0.00
900,6.79
112,6.88
643,0.00
759,0.00
431,6.77
728,6.79
555,6.87
183,6.83
649,0.00
873,12.98
453,6.86
950,0.00
126,6.77
708,0.00
442,6.86
279,6.79
973,0.00
710,6.88
335,6.92
114,6.84
287,6.87
427,6.69
782,6.64
748,6.65
260,6.75
389,0.00
908,6.61
894,6.58
515,6.63
787,6.64
149,6.71
149,6.73
258,6.64
564,6.64
148,6.75
925,0.00
918,6.75
325,6.59
777,0.00
337,6.54
805,0.00
387,6.57
716,6.52
671,0.00
698,0.00
636,6.60
738,0.00
632,6.68
582,6.55
324,0.00
88,6.53
415,6.40
188,0.00
328,0.00
635,6.42
323,6.47
662,6.32
761,6.43
746,12.60
224,6.31
554,6.43
756,12.61
746,6.18
463,6.07
271,6.31
166,6.19
350,6.12
402,5.99
466,0.00
264,6.00
859,0.00
86,5.99
169,5.85
626,5.83
280,0.00
310,5.92
958,5.73
716,12.58
40,5.97
298,5.83
518,5.78
901,0.00
531,0.00
921,5.86
261,5.96
804,0.00
506,0.00
523,5.78
754,5.81
565,5.83
346,5.76
983,5.61
479,5.72
533,5.70
34,5.74
149,5.74
276,5.73
674,0.00
397,0.00
684,5.68
235,5.63
313,0.00
769,0.00
328,5.69
718,0.00
155,5.59
806,5.64
314,5.69
296,5.63
174,5.50
583,5.53
170,5.54
328,12.13
519,5.56
131,5.57
348,0.00
168,0.00
732,5.38
172,5.49
286,5.36
358,5.29
608,0.00
614,5.26
494,5.31
734,5.34
825,0.00
970,11.99
521,5.41
273,5.36
917,0.00
953,5.42
203,5.43
40,5.51
484,5.59
586,0.00
778,5.63
97,5.59
568,11.75
877,0.00
900,0.00
214,5.61
227,5.59
335,5.59
721,5.58
528,5.72
16,5.61
933,5.63
982,5.68
658,0.00
527,5.72
299,5.68
238,5.56
939,5.60
354,5.62
800,5.73
95,5.71
614,0.00
872,5.78
791,0.00
290,5.68
918,11.53
522,5.82
772,5.73
896,11.48
120,5.79
464,0.00
836,5.75
76,5.75
39,0.00
471,5.68
462,0.00
110,5.75
71,5.72
904,0.00
607,5.79
585,0.00
639,5.83
391,0.00
856,5.96
274,5.96
828,5.98
369,6.04
463,0.00
5,6.04
780,0.00
475,6.02
637,6.09
564,0.00
954,6.02
718,11.71
835,11.57
290,6.26
620,0.00
997,0.00
57,6.25
344,6.24
652,6.18
425,6.19
633,6.17
342,6.15
838,0.00
643,11.57
594,11.69
983,11.55
275,6.32
999,11.67
416,6.16
606,6.23
83,6.48
423,0.00
3,6.34
965,0.00
979,6.27
397,6.20
212,6.28
931,0.00
909,11.80
177,6.24
869,6.44
366,6.35
443,0.00
368,0.00
866,6.30
321,0.00
933,0.00
185,6.50
897,6.48
637,6.55
11,6.45
895,18.03
829,6.49
589,6.55
210,6.37
779,0.00
614,6.54
252,6.59
732,0.00
769,6.44
895,6.42
468,0.00
878,12.16
105,6.53
310,12.27
391,6.49
567,6.54
912,0.00
893,6.35
23,6.45
538,6.42
836,0.00
936,6.52
680,0.00
727,6.54
814,6.65
29,6.50
7,6.60
713,6.45
340,6.53
442,0.00
56,6.28
160,6.28
735,0.00
24,6.24
871,0.00
517,6.37
492,6.35
460,6.34
201,6.38
334,6.28
587,12.27
629,12.34
771,6.50
515,0.00
275,6.22
994,6.31
819,6.23
102,6.32
190,6.31
678,0.00
726,6.40
559,0.00
651,0.00
323,6.26
306,6.19
541,6.24
41,6.13
131,0.00
682,12.56
60,6.13
332,6.05
226,6.06
463,0.00
777,6.08
490,6.01
680,0.00
224,6.01
32,6.11
773,5.90
142,0.00
335,6.03
607,6.05
497,5.83
146,5.62
153,5.66
659,11.94
891,5.62
119,5.58
684,0.00
569,12.06
995,0.00
227,5.59
91,5.49
171,5.50
952,0.00
543,5.48
12,5.33
264,0.00
245,0.00
176,5.43
376,5.32
27,5.36
897,5.33
225,5.34
759,0.00
399,11.74
945,5.54
206,5.48
740,0.00
442,5.40
52,5.49
518,11.80
175,5.40
626,0.00
958,0.00
681,5.32
448,5.41
796,0.00
108,5.40
847,0.00
231,5.48
65,5.56
995,0.00
423,5.49
396,5.53
783,0.00
351,5.46
146,5.44
320,0.00
249,5.41
570,0.00
660,11.78
614,5.39
148,5.33
971,5.34
511,5.48
775,5.39
328,5.30
843,5.34
908,11.64
598,5.43
1,5.46
411,5.40
906,5.42
419,5.41
518,5.58
781,5.58
476,11.53
355,5.51
917,5.64
317,5.74
375,5.68
43,5.52
383,5.59
109,5.53
716,5.43
566,0.00
275,5.40
836,11.34
836,5.61
629,5.62
721,5.62
385,5.80
443,0.00
439,5.77
319,5.87
790,11.50
663,5.88
971,5.83
970,17.88
177,6.02
470,0.00
154,5.96
625,5.95
400,0.00
645,6.00
231,6.20
442,0.00
445,5.95
327,0.00
881,6.04
277,6.10
396,6.10
787,0.00
49,6.00
145,6.00
175,5.98
934,0.00
688,5.92
937,6.15
93,6.11
929,0.00
191,5.98
332,6.03
256,5.95
449,0.00
865,0.00
498,5.89
520,0.00
626,11.46
407,6.00
68,6.01
608,5.87
151,5.92
481,5.96
849,6.06
738,6.12
135,6.15
962,11.41
75,6.16
567,0.00
899,11.73
6,6.21
370,6.23
574,0.00
304,11.59
454,6.19
446,0.00
449,6.29
976,6.22
36,6.32
847,0.00
344,6.28
387,6.11
343,6.19
414,11.63
637,6.21
595,11.61
360,11.78
13,6.14
963,6.12
33,6.01
494,11.65
252,5.90
295,6.01
880,0.00
644,6.08
384,6.15
621,0.00
506,0.00
166,6.14
380,0.00
489,6.03
133,6.09
578,5.88
115,5.98
658,0.00
97,5.96
486,0.00
808,0.00
595,5.81
14,5.83
145,5.81
773,17.43
505,11.70
902,5.93
201,5.73
176,5.93
497,11.81
222,5.89
48,5.74
845,5.73
546,0.00
602,5.76
351,5.85
452,0.00
479,5.81
753,5.87
998,6.08
779,5.99
533,6.06
701,0.00
883,6.16
220,6.24
288,6.09
621,0.00
541,0.00
365,5.97
649,6.08
351,6.16
338,6.06
18,6.09
685,0.00
345,6.01
301,11.85
420,6.04
975,6.05
572,0.00
507,0.00
943,0.00
697,6.06
687,6.02
241,6.07
786,6.07
284,6.01
694,12.09
466,6.02
537,5.87
416,0.00
251,5.88
629,0.00
989,0.00
661,5.96
29,6.11
440,0.00
412,6.04
334,6.00
105,5.97
319,0.00
905,6.03
965,6.04
667,6.14
483,6.36
343,0.00
900,6.26
590,6.32
652,6.22
294,6.21
770,0.00
426,6.10
868,6.16
356,6.17
388,0.00
236,6.26
344,6.18
613,0.00
262,6.15
32,6.21
56,6.12
313,6.12
636,0.00
962,17.91
566,6.17
668,6.19
563,0.00
159,6.24
149,11.97
554,6.27
781,6.28
62,6.16
404,0.00
570,6.14
581,6.25
6,6.31
697,0.00
409,6.15
193,6.19
446,0.00
737,6.05
86,6.12
465,5.80
701,5.87
325,5.85
96,5.79
976,11.68
297,5.68
511,0.00
395,5.78
2,5.73
800,0.00
550,5.74
330,5.83
465,0.00
859,5.78
81,5.86
460,5.87
109,5.84
516,0.00
809,5.67
994,0.00
293,5.76
218,5.75
13,5.70
935,0.00
911,5.79
58,5.80
317,5.76
579,0.00
363,0.00
942,5.90
580,5.82
159,6.00
9,5.75
395,0.00
632,5.61
748,0.00
710,5.73
611,5.68
481,0.00
752,5.79
835,11.84
98,5.69
781,11.80
74,5.72
961,11.89
879,11.92
195,11.93
532,5.60
637,5.74
340,5.69
530,5.58
444,5.49
393,5.52
921,5.52
99,5.51
16,5.45
624,5.54
743,0.00
636,5.73
655,5.72
294,5.87
605,0.00
835,0.00
908,5.70
312,5.80
383,5.77
694,0.00
383,5.67
836,0.00
907,0.00
11,5.90
41,5.86
431,0.00
925,5.82
36,5.89
668,0.00
726,5.84
123,5.99
840,0.00
886,6.11
886,6.11
110,6.22
959,12.01
568,6.31
544,0.00
637,6.32
398,11.98
97,6.43
195,6.24
857,0.00
315,6.23
392,6.30
830,6.28
784,12.25
605,6.38
31,6.33
675,6.30
689,0.00
171,6.27
508,6.26
7,6.36
755,0.00
847,6.27
108,0.00
818,12.16
606,12.05
500,0.00
960,12.13
93,6.30
464,6.29
63,6.34
412,6.18
447,6.18
442,6.17
913,0.00
46,6.05
760,0.00
487,0.00
682,11.76
584,6.18
686,6.18
256,6.08
733,0.00
645,11.76
109,6.14
737,6.06
694,6.11
487,6.25
140,6.32
647,0.00
930,6.35
113,6.28
215,6.26
301,6.14
336,6.16
558,6.02
142,6.07
121,0.00
609,11.63
786,5.96
217,0.00
776,6.08
741,11.86
68,6.14
275,6.12
701,11.87
915,6.11
70,5.96
346,6.07
31,6.10
533,5.99
947,0.00
657,6.24
12,6.21
390,6.03
452,5.95
266,5.88
213,5.78
482,12.05
843,5.82
829,5.97
269,5.74
464,5.72
780,5.86
879,6.02
87,0.00
895,12.28
63,6.20
889,0.00
139,6.19
382,0.00
642,12.39
656,6.17
171,6.19
509,6.11
756,6.07
182,6.05
836,0.00
243,6.06
893,6.15
905,0.00
770,12.56
584,6.40
662,0.00
484,6.41
401,12.59
707,6.47
812,6.38
956,6.46
85,6.55
343,6.59
795,0.00
555,6.59
49,6.73
687,0.00
993,12.93
525,6.73
300,6.86
511,0.00
83,6.82
917,0.00
663,6.89
569,6.90
671,7.00
530,12.98
12,6.92
925,12.92
292,6.86
878,13.05
998,6.78
883,0.00
30,6.85
457,0.00
710,6.83
122,6.90
617,6.91
524,0.00
943,0.00
812,7.01
630,0.00
876,0.00
888,13.11
469,13.26
343,7.11
391,0.00
896,7.11
343,7.16
384,7.07
249,0.00
883,7.18
484,0.00
432,7.17
798,0.00
980,13.16
234,7.09
353,7.16
957,0.00
992,7.14
308,7.34
20,7.37
528,0.00
480,13.03
947,7.29
343,7.18
397,7.01
423,0.00
392,7.06
118,6.91
464,6.97
515,6.82
269,0.00
132,6.92
318,6.90
632,0.00
101,6.90
987,6.94
330,7.09
743,6.92
254,6.94
563,6.81
592,6.82
420,0.00
32,6.67
404,6.59
702,6.51
918,6.56
79,6.42
83,0.00
930,12.88
373,6.59
932,0.00
89,6.48
338,6.47
457,6.39
345,6.37
813,13.13
315,6.41
136,0.00
62,6.31
746,0.00
525,6.25
504,0.00
173,6.23
851,19.38
885,6.22
341,13.24
407,6.29
215,6.14
161,0.00
974,6.33
59,6.35
716,6.39
936,6.40
591,6.33
670,6.34
428,6.35
774,6.33
606,6.38
321,6.48
630,6.44
434,0.00
51,6.46
376,6.50
933,0.00
30,6.31
304,6.26
344,6.25
658,0.00
728,6.09
138,6.16
344,6.13
943,5.98
87,0.00
498,6.11
190,6.10
485,0.00
393,5.89
661,5.98
652,0.00
950,0.00
507,5.94
237,5.85
409,0.00
285,5.84
735,0.00
657,5.67
822,0.00
692,5.79
807,5.84
135,5.75
434,0.00
799,5.87
929,5.92
796,5.90
567,5.84
804,5.97
199,6.05
142,6.05
17,5.94
829,0.00
149,5.85
697,0.00
676,12.85
304,5.91
720,6.07
24,5.97
211,5.88
676,5.99
518,0.00
345,5.98
395,6.05
366,6.11
585,0.00
100,5.87
820,5.83
713,5.93
398,5.96
394,0.00
689,5.95
219,0.00
526,5.97
679,6.02
553,0.00
217,6.09
918,0.00
451,6.14
413,0.00
572,6.12
975,25.53
690,6.22
442,6.37
144,6.16
584,6.16
903,6.23
612,6.13
364,6.16
516,0.00
412,5.88
982,5.94
715,0.00
774,6.09
505,6.18
686,0.00
683,0.00
957,6.32
359,6.37
342,6.46
569,12.57
311,6.47
298,6.39
314,6.39
773,0.00
218,6.36
534,6.27
90,0.00
434,6.41
526,0.00
260,6.41
371,6.32
397,6.43
404,6.39
114,6.51
788,6.45
787,0.00
2,6.45
908,12.26
344,6.41
263,6.43
854,6.15
265,6.24
226,6.27
287,6.05
778,5.98
70,6.18
591,6.08
754,0.00
172,6.12
339,6.19
676,6.03
996,6.09
601,6.22
724,6.15
678,6.14
401,6.20
900,6.15
559,12.13
582,12.20
119,6.36
71,0.00
189,6.23
386,6.18
454,6.19
228,6.00
121,6.05
94,6.06
301,5.93
735,5.86
570,0.00
470,5.95
526,0.00
451,5.85
960,5.99
379,6.20
469,6.16
810,6.26
528,12.23
232,6.09
474,6.08
775,6.07
12,6.13
326,0.00
338,5.95
493,0.00
938,6.16
768,6.20
556,12.37
269,6.20
481,0.00
714,6.27
67,6.14
675,0.00
508,0.00
229,6.06
620,0.00
479,5.99
742,0.00
845,0.00
22,6.01
867,0.00
451,5.89
30,5.95
522,5.96
674,5.87
163,5.82
93,5.87
642,5.79
97,5.79
998,5.72
205,5.86
839,5.79
267,5.87
338,5.87
423,12.28
525,5.84
181,6.03
932,5.73
187,5.80
765,12.16
685,5.97
466,0.00
423,6.00
905,0.00
549,6.02
61,6.21
794,6.19
527,12.23
827,12.34
407,6.43
165,6.22
421,6.22
524,0.00
313,6.33
845,0.00
669,12.50
340,6.32
407,6.25
793,12.51
704,6.37
68,6.40
283,6.28
800,6.21
306,0.00
740,6.35
751,6.47
773,6.30
634,6.46
913,6.56
454,6.51
668,6.65
786,6.80
307,6.71
60,6.75
988,0.00
32,6.69
844,0.00
281,6.49
955,6.50
89,6.63
422,6.51
874,0.00
112,6.35
840,6.41
611,6.47
788,12.48
736,6.43
275,6.52
87,6.50
656,0.00
351,6.31
354,6.33
842,6.20
883,6.26
796,0.00
583,6.31
160,6.31
783,0.00
581,6.35
937,0.00
110,6.28
677,6.51
126,6.52
162,6.48
776,0.00
232,6.51
83,6.43
200,6.44
764,0.00
827,6.43
904,6.40
507,6.49
373,6.45
667,0.00
490,6.49
732,0.00
888,0.00
533,6.48
785,12.58
284,6.51
504,6.49
983,0.00
891,6.48
959,6.49
368,6.64
13,6.63
186,6.53
770,6.46
860,6.52
553,0.00
359,6.49
279,0.00
620,6.57
229,6.51
267,6.48
966,12.75
241,6.43
934,12.81
272,6.42
898,6.42
628,0.00
961,6.49
391,6.57
654,0.00
537,6.49
227,6.46
662,13.00
43,6.43
856,6.42
445,6.29
481,0.00
902,12.67
232,6.20
976,6.19
248,6.27
598,0.00
125,6.27
647,6.16
374,0.00
978,12.76
852,12.90
530,6.53
96,6.60
216,6.54
149,12.78
777,12.79
561,6.54
174,6.31
717,12.72
44,6.45
389,6.31
188,6.35
694,6.25
6,6.23
315,6.20
403,6.11
236,6.08
582,0.00
507,6.14
861,0.00
564,6.20
416,6.08
853,0.00
756,6.29
540,6.18
441,0.00
735,6.42
882,0.00
946,0.00
956,0.00
208,6.48
80,6.55
573,0.00
977,6.41
871,6.52
143,6.57
720,6.52
421,6.53
593,0.00
165,6.49
545,0.00
717,0.00
205,6.25
965,6.18
671,0.00
184,6.36
719,12.94
910,13.01
332,6.42
297,6.22
707,0.00
715,6.29
616,6.28
43,6.38
723,0.00
656,12.76
806,6.36
312,6.35
652,0.00
458,6.15
535,0.00
455,6.22
630,0.00
816,6.18
876,19.08
914,6.15
361,6.40
423,6.26
620,6.24
753,12.54
101,6.50
793,6.43
923,6.50
323,6.48
624,0.00
686,0.00
610,6.27
69,6.29
546,0.00
32,6.17
115,6.16
491,12.71
465,6.16
550,6.32
154,6.23
762,6.19
389,0.00
17,6.21
24,6.14
462,6.14
207,6.12
172,6.18
874,6.03
120,6.03
159,5.96
394,5.96
807,0.00
461,0.00
715,5.99
471,5.98
474,5.83
77,5.96
286,5.73
447,0.00
226,5.58
605,5.51
419,5.61
305,0.00
608,5.53
662,5.56
537,5.37
529,5.24
576,5.33
174,5.38
221,5.40
721,5.32
167,5.38
299,5.26
930,0.00
444,0.00
138,5.11
866,5.07
446,0.00
967,5.20
502,5.25
557,0.00
586,5.41
627,0.00
372,11.64
320,5.41
14,5.34
825,5.34
584,5.38
495,5.34
273,5.38
810,0.00
120,5.37
438,0.00
856,5.33
900,11.64
77,5.23
142,5.27
107,5.16
740,11.60
636,5.10
580,11.42
826,11.53
518,5.29
254,5.23
810,5.20
867,5.22
281,5.42
28,5.46
841,5.45
352,5.55
460,0.00
162,5.47
643,5.47
993,17.92
337,5.56
767,11.77
471,5.62
447,5.59
511,0.00
275,5.73
454,5.80
179,5.81
819,11.85
567,5.82
982,0.00
865,5.99
972,6.19
992,12.15
363,6.11
149,6.17
412,6.05
219,6.12
65,6.16
511,6.07
988,11.67
678,6.16
152,6.17
963,0.00
660,0.00
756,11.79
298,6.42
937,6.50
958,11.99
833,6.65
369,6.53
653,6.54
19,6.56
191,6.55
191,6.50
384,6.48
514,6.47
719,11.81
957,11.82
73,6.64
12,6.67
824,0.00
554,6.59
510,6.46
208,6.55
285,6.49
979,18.21
9,6.54
638,11.90
411,6.32
97,6.33
931,0.00
189,6.24
909,6.16
370,6.30
253,6.25
227,6.28
459,0.00
485,6.15
57,6.23
538,0.00
824,11.31
423,6.03
560,6.14
522,6.15
474,0.00
509,0.00
999,5.89
935,0.00
127,6.00
15,6.08
65,6.02
649,6.01
507,5.99
91,6.01
927,11.50
579,11.61
90,5.97
972,17.70
113,5.90
193,5.80
285,5.83
410,5.81
130,5.86
204,5.74
359,11.59
352,5.65
550,5.48
993,5.37
7,5.41
915,11.60
126,5.34
784,0.00
952,5.56
582,5.64
115,5.72
870,0.00
280,5.70
266,5.63
471,5.52
593,0.00
547,5.46
342,5.55
618,0.00
18,5.52
967,12.04
726,5.41
824,0.00
592,5.42
732,5.47
456,0.00
947,5.58
56,5.74
335,5.59
63,0.00
801,5.70
553,5.73
439,5.53
754,0.00
814,5.67
772,0.00
505,5.65
256,5.72
500,0.00
184,12.19
125,12.06
447,17.49
742,12.08
49,5.83
597,5.64
733,5.94
71,5.72
323,5.82
422,5.77
492,5.93
534,0.00
416,5.89
432,5.89
960,0.00
863,12.24
171,6.12
251,6.12
687,6.13
845,17.44
830,6.23
217,5.96
94,6.02
491,6.01
730,0.00
439,5.96
114,5.97
224,5.89
243,5.80
617,5.80
411,0.00
57,5.88
807,11.77
27,5.85
756,0.00
440,11.70
79,5.80
798,5.77
579,5.99
316,5.81
466,5.90
265,5.97
702,0.00
578,0.00
671,11.49
204,5.99
866,6.00
58,6.09
372,0.00
612,6.12
188,6.10
307,5.97
604,0.00
613,5.92
364,5.94
986,5.90
777,0.00
617,5.86
221,5.84
982,11.27
911,5.99
469,5.92
190,5.91
670,0.00
189,11.49
901,5.95
662,5.75
440,5.88
236,5.94
279,5.92
109,0.00
774,5.94
876,6.02
104,6.00
715,5.93
157,6.00
436,0.00
319,5.74
954,0.00
173,5.79
355,5.79
591,0.00
189,5.84
741,5.88
240,5.98
274,5.83
181,5.75
954,11.62
38,5.93
332,5.88
115,6.01
474,5.86
615,5.82
100,5.72
249,5.72
6,0.00
37,5.68
674,11.59
554,5.59
494,5.51
316,5.62
862,5.53
202,5.65
39,5.66
241,11.72
655,5.75
631,5.77
225,5.56
246,5.73
264,5.66
618,0.00
606,5.69
733,5.75
120,5.93
906,5.96
566,6.06
645,11.91
614,6.18
533,6.09
284,6.19
452,0.00
585,0.00
832,0.00
400,6.21
984,0.00
992,6.38
462,0.00
475,6.46
49,6.37
26,6.29
248,0.00
387,0.00
207,6.34
391,6.33
423,6.26
645,0.00
383,0.00
160,6.24
905,12.26
884,12.21
667,6.27
216,6.44
637,6.50
562,12.25
500,6.56
499,0.00
924,12.47
698,6.54
122,6.55
91,6.44
284,6.39
95,6.49
842,0.00
441,6.45
291,6.50
113,6.32
820,6.23
95,6.37
985,0.00
640,0.00
853,6.30
287,6.39
794,6.29
465,6.41
58,6.44
318,6.40
956,24.39
383,6.32
101,6.53
755,0.00
842,6.41
212,6.49
248,6.34
796,0.00
967,6.60
817,6.49
905,6.64
561,6.71
813,6.85
412,6.87
828,7.09
51,6.96
433,0.00
237,6.98
300,6.99
288,6.88
484,6.99
288,7.02
968,0.00
196,7.05
86,6.95
396,6.90
641,6.89
567,6.97
681,6.98
442,6.96
921,0.00
700,0.00
894,6.86
142,6.89
180,6.93
855,0.00
736,18.87
33,6.92
546,0.00
322,6.65
735,6.57
719,6.61
508,0.00
153,6.57
390,6.52
197,6.50
631,6.40
796,0.00
932,6.58
622,12.75
92,6.68
328,0.00
397,0.00
922,6.66
272,6.76
491,0.00
930,6.79
186,0.00
438,6.69
888,0.00
154,6.84
642,0.00
918,6.68
256,6.84
844,0.00
480,6.90
613,0.00
681,6.89
73,6.88
683,0.00
991,0.00
997,13.40
7,6.97
4,6.92
506,6.94
271,6.97
500,6.75
592,6.83
867,6.86
449,6.89
727,6.96
112,7.01
640,0.00
905,6.84
362,6.86
938,13.37
311,7.07
58,6.92
273,6.92
223,6.78
98,6.97
656,0.00
577,6.76
439,6.67
483,6.65
473,0.00
81,6.67
709,6.44
889,0.00
295,6.51
466,6.57
726,6.58
144,6.34
745,0.00
584,0.00
823,6.47
2,6.48
118,0.00
247,6.33
170,6.34
513,0.00
546,6.16
186,6.28
507,0.00
42,6.11
373,6.06
203,0.00
383,12.87
71,6.15
211,6.04
220,0.00
956,30.65
547,18.97
933,13.14
103,6.33
946,6.40
883,0.00
404,6.37
1,6.48
173,6.31
883,12.86
853,6.38
578,6.44
683,6.45
389,6.36
895,6.36
678,6.50
301,6.35
494,6.22
218,6.24
826,0.00
37,6.20
838,0.00
361,6.10
558,0.00
342,6.24
585,6.06
594,0.00
452,6.11
151,6.20
144,6.08
518,5.98
133,6.02
391,0.00
268,5.88
960,0.00
828,0.00
964,13.05
190,6.23
405,0.00
532,6.15
747,6.24
588,0.00
600,6.19
493,6.25
901,0.00
228,6.01
338,6.07
984,13.01
523,6.28
930,12.96
780,6.25
790,13.03
955,6.39
738,6.30
496,0.00
865,13.11
35,6.62
596,6.48
26,6.63
777,0.00
650,6.46
516,0.00
275,6.32
975,13.06
733,6.47
697,0.00
831,6.47
840,6.55
66,6.46
839,0.00
332,6.64
35,6.70
810,6.66
777,6.73
780,6.79
463,0.00
652,6.77
620,0.00
284,6.74
825,0.00
630,6.80
658,12.93
375,6.79
649,0.00
695,0.00
451,0.00
55,6.75
360,6.77
764,6.65
770,13.17
823,6.72
501,13.05
501,6.70
147,0.00
94,6.63
819,6.63
503,6.63
431,6.63
390,6.56
765,0.00
197,6.61
445,0.00
153,6.55
44,6.55
205,6.58
183,6.41
692,6.32
214,6.40
354,6.40
321,6.37
761,6.40
302,6.39
139,6.41
270,6.39
688,6.24
548,6.15
53,6.22
631,0.00
612,6.24
26,6.24
331,6.18
171,0.00
637,0.00
676,6.28
956,6.41
794,6.21
371,12.43
954,6.32
690,6.50
142,6.29
975,12.57
708,6.15
365,6.16
419,0.00
307,6.11
218,5.94
423,0.00
524,5.95
128,5.95
852,6.00
747,6.13
428,0.00
482,6.17
549,12.57
758,12.54
968,6.21
814,6.22
817,6.05
753,12.64
150,6.17
276,12.82
418,6.22
924,0.00
477,6.12
729,6.12
528,0.00
317,6.13
42,6.09
963,0.00
837,6.12
339,6.15
857,6.07
203,6.14
548,0.00
700,0.00
681,12.83
993,6.14
149,5.99
740,0.00
447,5.97
325,6.09
906,0.00
525,0.00
688,0.00
928,0.00
739,6.32
653,6.45
786,6.47
583,6.40
132,0.00
471,6.54
915,6.49
949,6.57
678,6.55
955,6.62
318,0.00
146,6.74
906,0.00
505,0.00
577,6.88
543,6.87
657,6.96
434,6.87
968,0.00
631,7.17
424,0.00
444,7.23
12,7.18
527,0.00
350,7.27
644,7.20
951,7.18
704,7.29
707,7.22
478,7.22
216,0.00
48,7.24
494,0.00
996,13.47
645,13.57
201,7.05
844,0.00
909,7.02
342,7.09
101,7.01
892,13.27
480,7.11
727,6.94
777,6.89
564,0.00
718,6.85
216,6.83
272,6.81
448,0.00
799,12.75
242,6.86
514,6.87
929,19.66
215,6.78
511,0.00
860,0.00
447,6.54
257,6.57
59,6.59
187,6.65
155,6.49
946,6.46
480,6.57
203,6.41
712,6.34
307,6.44
180,6.50
924,0.00
806,6.49
170,6.55
152,6.43
127,6.36
104,6.19
525,6.09
831,0.00
96,5.99
125,6.00
139,5.86
332,0.00
149,5.91
482,5.68
783,5.66
837,12.14
99,5.58
185,5.46
36,5.38
288,0.00
179,5.45
235,5.30
28,5.27
835,0.00
844,5.31
265,5.26
337,0.00
418,5.24
350,12.26
282,5.22
393,0.00
332,5.09
595,0.00
252,4.97
735,4.99
108,5.15
574,0.00
761,0.00
274,4.96
114,5.10
700,4.92
290,5.01
973,11.94
443,4.93
196,4.95
141,4.85
4,4.87
509,0.00
769,4.82
614,11.89
540,4.89
639,4.98
832,4.87
173,4.92
514,4.90
523,0.00
741,5.16
149,4.95
757,4.91
549,5.00
224,5.09
715,0.00
173,5.00
838,0.00
192,4.93
336,17.92
220,5.08
886,11.85
604,5.23
34,5.12
194,5.11
895,0.00
656,5.10
87,5.19
589,0.00
302,5.25
267,5.36
163,5.28
489,0.00
891,0.00
559,5.29
808,11.78
299,5.40
695,5.55
222,5.50
968,5.31
174,5.44
342,5.52
266,5.59
347,5.59
648,0.00
692,5.53
205,5.59
754,5.61
541,0.00
107,5.69
661,5.74
861,11.46
727,5.90
499,5.91
700,5.95
201,5.99
556,0.00
888,5.89
244,6.00
578,0.00
977,5.99
147,0.00
864,5.98
532,6.09
910,6.07
98,6.19
525,0.00
105,6.04
493,6.08
548,6.04
438,0.00
737,0.00
154,6.15
129,6.10
346,6.02
726,11.04
19,6.17
666,0.00
937,0.00
363,11.10
65,6.13
52,0.00
501,0.00
898,6.22
819,6.31
398,6.19
14,6.35
496,6.33
258,6.33
71,6.35
52,6.28
484,0.00
414,6.29
835,0.00
762,11.22
349,6.18
860,11.12
150,6.22
506,0.00
413,6.17
504,0.00
209,6.08
719,0.00
388,6.09
491,0.00
426,0.00
429,0.00
755,11.31
935,17.84
848,11.41
24,6.12
637,0.00
987,6.08
197,6.06
19,6.02
103,6.00
695,6.00
641,6.01
484,0.00
449,0.00
358,5.95
549,0.00
96,5.83
304,5.85
132,5.74
18,5.67
178,5.60
790,5.60
245,5.71
228,5.66
328,0.00
15,5.63
909,0.00
589,5.59
668,0.00
503,0.00
312,5.50
52,5.47
526,0.00
698,5.38
663,5.46
73,5.48
416,5.38
713,0.00
695,5.44
161,5.45
924,0.00
630,5.33
108,5.33
962,5.43
471,5.53
718,5.41
567,5.62
641,5.67
93,5.63
954,0.00
980,5.53
608,5.66
678,0.00
345,5.87
630,5.83
182,5.83
932,0.00
912,12.00
913,5.96
851,5.95
847,0.00
665,12.18
52,6.11
229,0.00
184,5.97
42,5.97
917,0.00
923,5.99
208,0.00
693,6.07
438,0.00
455,6.17
155,6.24
775,6.27
216,6.32
343,6.16
318,0.00
316,6.10
474,0.00
408,6.11
313,6.11
951,0.00
864,6.19
308,6.18
840,6.02
688,0.00
658,6.22
858,6.23
842,30.54
655,6.21
512,6.40
643,6.33
564,6.34
447,6.35
408,6.37
842,6.37
366,0.00
609,6.48
929,6.47
143,6.49
877,0.00
398,6.55
5,6.55
925,0.00
186,6.59
150,6.59
209,6.69
286,6.60
52,6.51
10,6.54
429,6.47
776,0.00
475,6.58
867,6.54
160,0.00
697,0.00
571,6.68
984,6.65
853,6.80
252,6.86
338,12.07
823,6.85
39,6.66
114,6.66
448,0.00
532,0.00
871,6.79
616,0.00
579,6.89
856,0.00
993,6.96
143,6.96
158,6.88
437,7.02
24,6.83
869,0.00
868,0.00
262,6.82
25,6.71
46,6.56
260,6.51
178,0.00
154,6.51
599,0.00
206,6.47
163,6.42
818,6.42
664,6.28
34,6.34
789,6.24
574,6.24
576,6.38
886,6.35
301,6.57
53,6.53
451,6.49
416,6.49
370,6.43
668,0.00
321,6.41
123,6.36
43,6.34
910,0.00
348,0.00
787,6.35
54,6.44
411,0.00
611,6.29
912,12.50
14,6.35
681,6.37
572,12.51
233,6.58
198,6.45
199,6.28
751,0.00
491,6.29
427,6.10
793,6.27
297,6.27
224,6.17
40,6.25
930,6.03
535,0.00
810,6.08
576,5.89
508,6.02
952,0.00
373,6.08
529,0.00
727,6.21
510,6.18
609,0.00
758,6.27
432,6.36
789,6.28
46,6.36
359,6.22
734,6.16
831,6.26
668,6.28
613,6.15
573,0.00
879,6.25
766,6.41
621,6.36
86,6.35
341,6.45
233,6.24
238,6.14
188,6.12
600,0.00
564,0.00
157,6.08
334,6.07
940,0.00
496,6.08
413,6.07
53,6.09
252,6.08
661,6.08
118,6.16
557,0.00
697,0.00
879,6.11
592,6.15
666,0.00
551,12.34
391,6.15
538,0.00
10,5.97
421,5.94
806,0.00
702,6.01
108,6.06
413,0.00
677,5.91
179,5.99
427,5.99
294,5.94
384,5.98
878,12.24
834,5.93
964,6.03
11,6.04
355,6.02
657,5.98
101,5.99
491,0.00
655,0.00
836,5.97
698,6.06
668,0.00
788,12.46
942,6.13
93,5.92
73,6.13
941,6.05
930,6.13
613,12.20
94,6.28
722,0.00
356,12.39
534,6.27
405,6.13
636,6.13
421,6.13
667,0.00
282,6.02
867,6.07
692,0.00
628,12.38
380,6.15
814,6.17
932,6.38
787,6.24
20,6.44
434,0.00
608,0.00
901,12.62
495,6.37
151,6.30
630,0.00
643,0.00
525,12.62
913,6.23
956,6.38
197,6.33
386,6.23
236,0.00
497,6.36
42,6.37
344,0.00
254,6.54
533,0.00
524,6.32
324,6.49
952,19.30
335,6.50
645,6.36
841,6.41
234,6.53
948,0.00
856,6.70
919,6.75
315,6.98
924,0.00
769,6.87
814,6.94
467,0.00
148,6.93
704,0.00
858,7.00
963,0.00
673,7.02
43,7.10
855,13.03
133,7.12
831,7.01
364,7.16
692,0.00
12,7.27
539,0.00
194,7.27
886,13.26
824,7.32
782,7.25
817,7.29
771,7.50
545,7.62
959,7.48
859,0.00
477,7.53
398,7.63
394,0.00
880,26.20
704,19.94
330,7.55
776,7.71
814,0.00
295,7.62
201,7.62
386,7.65
346,7.47
944,7.49
996,7.47
911,7.49
950,7.64
314,7.53
326,0.00
793,7.55
10,7.53
860,0.00
909,7.42
637,13.65
25,7.38
349,7.42
440,0.00
472,7.34
165,7.35
152,7.39
817,0.00
787,0.00
536,7.18
197,7.24
817,0.00
792,7.15
379,0.00
529,7.24
519,7.15
753,0.00
381,7.16
229,7.26
767,0.00
649,0.00
843,13.55
219,7.25
302,7.21
748,0.00
22,7.04
175,7.12
786,0.00
466,6.92
218,6.69
477,6.72
58,6.60
634,6.52
777,13.58
351,6.69
785,6.47
326,6.60
166,6.61
773,0.00
221,6.40
488,0.00
386,6.42
711,6.34
365,6.40
123,6.37
699,6.24
211,6.27
177,6.20
270,0.00
957,13.60
747,13.60
215,6.47
688,6.40
241,6.40
519,6.20
953,6.16
965,6.25
537,6.33
311,6.11
376,5.98
592,0.00
509,6.01
409,6.02
976,13.57
450,6.17
936,5.99
567,0.00
620,13.57
801,13.69
32,5.99
837,6.00
421,6.08
722,5.95
654,6.06
414,6.01
489,0.00
489,5.90
835,0.00
381,5.96
520,0.00
661,5.84
999,0.00
598,5.85
340,5.90
718,5.95
719,5.97
723,0.00
724,5.98
784,0.00
50,5.97
626,5.94
761,0.00
603,6.07
801,5.92
306,6.09
733,0.00
987,6.06
102,6.00
539,0.00
184,5.96
194,6.05
370,6.00
828,0.00
423,6.05
785,0.00
433,6.24
729,0.00
826,6.18
472,6.13
976,6.14
568,0.00
377,6.17
629,6.27
893,6.30
959,0.00
971,0.00
706,6.48
438,0.00
229,6.49
351,6.36
631,0.00
433,6.36
31,6.34
890,6.38
962,6.47
720,6.40
139,6.50
274,6.43
606,6.42
698,6.49
245,12.44
655,12.54
870,12.58
177,6.61
976,6.58
148,6.46
201,6.54
625,0.00
631,6.43
581,0.00
429,6.51
65,6.43
962,12.49
863,6.59
288,6.73
489,0.00
340,6.74
469,12.57
512,6.68
485,6.76
386,6.54
493,6.61
648,12.47
761,6.66
449,6.49
103,6.43
503,0.00
638,0.00
610,6.36
756,6.48
782,6.47
656,0.00
709,6.49
1,6.59
752,6.52
890,6.60
350,6.45
427,0.00
593,6.55
430,6.55
571,0.00
45,0.00
67,6.42
569,0.00
749,6.43
820,6.50
6,6.39
849,6.48
191,6.54
506,0.00
182,6.53
373,6.57
120,6.56
496,0.00
397,6.43
609,6.39
275,0.00
251,6.52
782,0.00
472,0.00
49,6.42
519,0.00
852,6.34
290,6.38
383,6.31
962,6.25
303,6.34
964,12.64
54,6.35
220,0.00
578,6.19
517,0.00
614,6.29
693,0.00
781,0.00
765,12.92
408,6.47
174,6.48
22,6.30
493,0.00
360,6.26
405,0.00
898,0.00
543,12.63
390,6.23
403,6.31
720,6.33
684,6.12
3,6.07
12,6.13
435,6.10
797,0.00
673,12.61
858,18.73
719,0.00
542,12.63
387,6.28
111,6.27
986,6.05
863,0.00
116,6.18
80,6.18
632,6.11
878,6.20
692,6.18
621,12.70
597,6.21
379,0.00
126,6.21
855,0.00
332,6.13
529,0.00
875,6.12
38,6.28
659,0.00
454,6.19
663,6.10
360,6.20
953,6.11
452,6.34
645,6.11
727,6.11
751,0.00
383,6.10
854,18.49
858,6.15
393,6.17
374,6.06
341,6.00
707,0.00
173,5.89
673,6.04
118,6.17
352,6.13
38,6.02
296,6.05
486,0.00
345,5.95
406,5.92
179,5.90
997,5.88
577,5.88
680,5.73
548,11.95
219,5.89
248,5.91
484,0.00
662,5.85
25,5.96
903,0.00
228,5.77
912,0.00
275,5.73
74,5.72
906,5.74
359,5.68
397,5.77
695,0.00
132,5.73
303,5.70
190,5.62
869,0.00
221,11.88
643,5.76
348,0.00
29,5.76
913,11.95
396,5.90
579,0.00
880,5.79
574,5.91
847,0.00
361,5.88
708,5.74
864,5.77
326,5.69
567,0.00
982,11.92
145,5.72
630,5.73
352,5.70
654,5.67
890,12.03
759,12.20
941,12.05
262,0.00
679,6.00
459,5.94
195,5.84
221,5.88
512,0.00
769,5.88
62,5.77
821,11.95
186,5.86
895,5.72
498,5.83
384,0.00
346,5.74
455,5.76
448,11.78
769,11.82
260,5.84
194,5.68
902,5.72
58,5.74
456,5.78
117,5.80
854,0.00
444,5.68
84,5.68
244,5.65
867,5.65
871,5.81
488,5.88
113,5.91
748,0.00
750,6.03
952,18.23
698,6.27
634,0.00
496,12.12
146,6.30
466,6.07
943,0.00
605,6.20
891,6.31
437,6.14
520,0.00
915,6.32
869,6.40
689,6.45
918,6.54
657,6.56
375,6.65
972,6.53
184,6.65
863,6.65
400,0.00
932,25.13
272,6.66
388,6.63
630,6.77
765,6.55
168,6.64
940,6.47
508,0.00
822,12.38
125,6.61
415,0.00
455,6.56
605,6.74
800,0.00
41,6.84
191,6.69
12,6.69
731,0.00
629,12.44
806,0.00
450,12.63
912,12.50
134,6.78
333,0.00
559,6.62
998,6.47
210,6.62
687,0.00
657,12.27
892,12.32
923,18.34
731,12.56
145,6.64
263,6.71
300,6.67
943,0.00
27,6.74
975,12.34
871,0.00
854,6.78
466,0.00
865,6.91
167,6.75
410,0.00
743,6.89
827,7.01
357,6.94
216,6.80
246,6.76
956,0.00
952,12.85
395,6.62
230,0.00
593,6.70
793,6.88
65,6.67
251,6.61
40,0.00
787,6.62
188,6.53
168,6.45
395,6.46
341,6.47
533,0.00
217,6.31
402,6.16
126,6.07
224,12.48
7,6.13
283,5.88
534,0.00
551,0.00
565,12.41
25,5.96
908,0.00
444,6.03
78,5.87
71,5.86
962,18.28
512,5.89
1,5.97
379,0.00
340,5.86
759,5.87
993,6.04
815,5.88
650,5.79
555,5.94
623,5.85
202,5.88
259,5.84
644,0.00
902,5.78
507,0.00
55,6.10
327,6.04
715,0.00
414,12.50
409,5.99
174,5.91
538,5.81
243,5.87
450,0.00
720,12.42
820,12.55
669,6.00
563,6.04
921,5.99
678,0.00
612,12.67
60,5.97
289,12.66
673,5.96
375,5.84
886,5.90
445,5.74
594,5.79
816,0.00
248,6.04
308,5.96
353,0.00
531,6.09
684,6.20
299,6.03
315,6.01
684,0.00
589,5.96
855,6.03
528,0.00
884,5.96
983,6.08
452,0.00
525,6.16
161,6.28
695,6.18
636,6.25
979,6.34
447,0.00
829,6.17
501,6.24
835,6.38
757,6.30
781,0.00
652,6.45
592,6.61
315,6.51
699,6.50
441,6.59
851,6.63
277,6.72
762,0.00
754,12.56
245,6.67
746,6.67
68,0.00
696,0.00
448,0.00
108,6.60
857,6.62
766,6.55
151,6.67
778,6.51
335,6.56
316,6.53
134,6.55
829,12.41
726,6.55
308,6.56
659,0.00
401,6.52
106,6.48
504,0.00
328,6.53
696,12.33
239,6.51
318,6.33
539,6.41
814,0.00
92,6.46
77,6.48
58,6.42
143,6.46
500,0.00
222,6.43
578,6.34
864,6.41
447,6.21
787,6.18
970,0.00
207,6.31
661,0.00
275,6.40
355,6.44
898,6.41
280,6.42
528,0.00
252,6.45
145,6.39
904,6.23
419,0.00
246,0.00
982,19.13
572,6.30
442,6.26
413,6.39
399,6.27
958,0.00
9,6.41
920,6.35
605,0.00
881,0.00
542,6.45
805,6.45
53,6.38
630,0.00
45,6.39
776,0.00
894,6.27
611,6.29
326,6.38
618,0.00
963,19.19
212,6.30
579,6.18
811,0.00
146,6.07
376,6.15
953,0.00
818,6.25
221,6.31
155,6.30
630,6.21
195,0.00
689,6.20
906,0.00
982,6.24
326,6.27
668,0.00
959,18.86
220,12.89
28,6.49
885,6.61
268,6.48
351,6.49
604,0.00
189,6.47
502,6.48
155,6.42
102,6.33
767,6.33
695,6.32
759,6.32
478,0.00
568,6.45
677,0.00
697,6.47
923,6.53
670,6.40
274,6.50
363,6.49
69,6.55
158,6.61
348,6.54
456,0.00
462,0.00
797,6.55
559,0.00
29,6.68
655,0.00
553,6.56
936,0.00
491,6.64
582,0.00
372,6.69
866,6.65
183,6.87
999,6.69
377,6.73
231,6.73
133,0.00
279,0.00
211,6.70
705,6.70
784,13.11
864,6.81
594,19.20
387,6.65
430,0.00
708,6.56
202,6.70
819,0.00
274,6.53
385,6.53
985,6.47
760,6.42
974,0.00
466,6.54
463,12.94
709,6.68
732,6.69
574,0.00
911,6.70
694,0.00
794,19.44
527,0.00
902,13.18
903,7.01
703,6.96
345,6.98
133,6.82
763,0.00
436,0.00
9,6.87
871,6.76
566,13.04
395,0.00
581,6.88
568,6.91
186,6.88
244,6.78
104,0.00
652,6.69
603,0.00
97,6.59
725,6.46
946,6.54
73,6.66
123,6.55
514,0.00
112,6.57
864,6.57
735,6.58
165,6.44
63,6.63
371,6.52
571,6.42
545,0.00
651,6.36
850,12.93
80,6.56
913,6.47
532,0.00
590,6.46
857,6.47
295,6.46
773,6.50
945,6.55
715,6.56
287,6.70
27,6.58
482,13.17
15,6.55
168,6.55
67,6.49
173,6.50
863,6.27
489,0.00
990,0.00
894,13.16
943,0.00
735,6.31
244,6.41
708,6.34
166,6.34
611,6.34
301,6.34
562,6.21
25,6.22
105,0.00
720,6.29
455,6.46
217,6.30
296,6.37
48,6.22
746,0.00
705,6.23
94,6.28
573,6.28
474,6.36
325,6.15
108,6.18
245,6.05
863,0.00
785,6.09
371,6.01
870,5.91
655,5.91
147,6.03
169,5.86
9,5.75
789,0.00
172,5.82
323,12.70
42,5.70
904,5.65
820,5.66
588,5.79
339,5.84
212,5.84
816,5.67
956,0.00
894,12.62
586,5.90
194,5.91
395,6.01
185,5.96
435,0.00
863,5.81
495,5.86
465,5.86
245,5.82
456,0.00
774,0.00
29,5.88
873,0.00
906,5.92
139,6.05
671,5.98
664,0.00
877,0.00
11,6.10
77,6.11
548,6.15
348,6.21
518,0.00
860,6.00
605,12.45
921,6.08
364,5.93
195,6.07
970,5.99
756,0.00
775,6.10
933,6.00
826,6.06
209,6.10
96,6.03
857,6.11
537,0.00
854,6.22
999,6.30
817,6.29
665,0.00
215,6.38
579,6.33
27,6.43
621,12.56
864,6.31
531,0.00
337,6.30
63,6.35
734,6.32
2,6.44
557,0.00
80,6.19
702,0.00
804,6.19
96,6.24
319,6.18
186,6.19
122,6.12
692,0.00
99,6.20
742,6.24
106,0.00
395,6.20
455,0.00
84,6.14
673,0.00
715,6.12
203,6.11
886,6.04
621,0.00
260,6.22
204,6.23
383,6.13
225,6.22
183,6.13
996,6.04
789,6.10
117,6.10
283,6.03
779,11.73
410,6.03
609,6.04
321,5.93
734,5.83
964,5.97
224,5.95
337,6.04
884,6.12
444,6.13
878,0.00
384,6.12
654,0.00
376,6.18
356,0.00
678,6.06
541,6.03
830,18.88
52,6.08
390,0.00
809,0.00
209,6.04
431,0.00
767,6.04
295,6.12
633,0.00
593,12.15
724,6.07
316,6.06
564,6.08
148,6.05
867,0.00
606,0.00
509,0.00
714,12.14
132,5.92
285,5.99
7,5.97
526,5.90
939,5.92
10,5.98
178,5.88
593,0.00
524,0.00
661,5.75
43,5.78
839,5.72
985,5.74
818,11.92
494,5.91
500,0.00
581,5.82
718,5.71
332,5.83
627,0.00
562,5.86
225,5.86
25,5.93
175,5.69
874,5.68
421,0.00
953,5.83
580,0.00
162,5.84
204,5.93
458,5.87
13,5.90
384,5.81
182,5.82
238,5.83
972,5.77
400,0.00
868,11.84
430,0.00
322,5.75
476,5.72
209,5.82
330,5.77
167,0.00
268,5.81
525,0.00
384,11.73
969,5.71
441,5.85
184,5.62
183,5.74
816,5.74
978,5.85
430,11.68
529,5.79
749,11.84
399,5.75
291,5.60
657,5.58
421,5.53
827,5.65
661,5.80
912,0.00
422,5.71
239,5.79
584,0.00
354,5.67
283,5.72
240,5.81
733,5.70
305,0.00
743,5.79
518,0.00
681,11.93
884,11.77
101,5.86
673,0.00
759,5.84
770,5.96
397,5.89
179,6.01
692,0.00
496,5.95
55,5.93
388,5.85
919,0.00
877,6.00
292,6.18
273,6.12
201,6.12
252,6.15
843,0.00
771,6.05
963,0.00
579,6.15
23,6.23
736,0.00
494,6.17
656,6.18
45,0.00
842,6.12
17,6.22
694,6.22
281,6.24
588,6.18
119,6.20
306,6.21
608,6.15
568,0.00
868,6.29
192,6.32
438,0.00
798,6.16
246,6.37
35,6.38
837,0.00
170,6.31
283,6.37
305,6.38
321,6.44
719,0.00
509,6.51
705,0.00
820,12.16
131,6.56
520,0.00
514,6.52
219,6.55
656,0.00
501,6.50
678,6.63
2,6.69
338,6.67
416,0.00
414,0.00
984,18.57
605,6.70
630,6.71
808,0.00
742,6.94
179,6.83
588,6.92
42,6.95
57,6.78
520,6.79
60,6.88
902,6.88
101,6.70
523,0.00
813,6.69
99,6.69
327,6.70
467,6.57
992,6.50
158,6.62
770,0.00
560,6.46
459,6.44
31,6.43
20,6.50
966,6.47
21,6.48
769,0.00
624,6.35
409,6.54
494,0.00
826,6.36
447,0.00
441,0.00
267,6.43
863,0.00
431,0.00
412,0.00
251,6.14
42,6.16
176,6.16
721,0.00
145,6.17
872,0.00
232,6.04
461,6.04
994,0.00
578,6.02
684,12.34
126,6.01
248,6.04
137,6.04
838,5.92
642,5.97
159,5.96
224,5.94
414,5.98
940,0.00
15,6.05
957,5.93
344,6.00
141,5.78
294,5.73
908,0.00
308,5.85
422,5.79
948,12.24
73,5.89
428,5.72
282,0.00
354,5.81
89,5.82
13,5.91
318,5.76
364,5.66
449,0.00
537,5.71
210,5.72
354,0.00
578,0.00
718,5.66
365,5.81
440,5.66
363,5.75
274,5.73
356,5.68
77,5.62
32,5.52
73,5.31
937,12.28
162,5.32
102,0.00
193,5.34
646,5.38
220,5.45
544,0.00
633,12.23
746,5.35
223,5.36
259,5.36
208,5.43
465,5.37
312,0.00
761,5.41
580,5.50
587,5.55
902,5.62
635,12.02
276,5.54
966,5.48
533,5.50
782,5.47
902,5.72
587,0.00
985,5.59
482,5.68
302,5.76
982,5.55
159,5.58
204,5.63
42,5.59
425,5.50
429,5.52
240,5.53
968,5.51
518,5.61
203,0.00
188,5.55
218,5.58
477,5.48
95,5.52
778,11.55
412,5.40
806,11.36
373,0.00
204,5.59
298,5.55
98,5.44
904,0.00
616,5.58
616,0.00
855,5.55
115,5.61
960,5.49
57,0.00
913,5.62
959,5.81
359,5.88
921,11.56
216,6.02
407,5.78
896,5.80
159,5.80
185,6.00
132,5.77
65,0.00
140,5.85
407,5.75
453,0.00
434,5.81
62,5.90
698,5.78
57,5.78
749,0.00
127,5.86
572,0.00
617,11.39
661,5.74
896,5.70
690,5.79
521,0.00
603,5.89
817,0.00
826,11.33
781,5.91
436,5.98
525,0.00
855,6.10
630,0.00
999,6.04
638,6.16
565,0.00
10,6.14
761,0.00
495,11.57
912,6.22
179,6.14
656,0.00
482,6.10
740,6.22
524,6.23
851,0.00
495,6.11
82,6.05
729,0.00
885,6.02
643,0.00
549,6.11
681,11.60
642,6.15
898,6.21
541,6.11
563,6.19
433,6.39
428,0.00
510,0.00
631,6.43
265,6.30
550,0.00
513,0.00
82,6.46
422,0.00
417,6.45
957,0.00
785,12.01
504,6.50
107,6.56
418,6.38
647,6.47
457,6.43
910,6.34
504,6.32
580,6.36
163,6.42
857,0.00
851,0.00
544,0.00
855,6.25
524,6.28
502,0.00
906,12.24
574,6.30
144,6.41
185,6.33
67,6.33
332,6.27
594,0.00
285,6.36
95,6.36
273,0.00
779,6.36
573,6.31
110,6.41
366,6.41
702,6.45
765,6.46
812,6.48
435,6.42
284,6.36
280,6.39
730,6.52
314,6.53
30,6.59
507,12.37
766,12.31
617,6.52
239,6.36
325,6.30
174,6.39
978,12.35
340,6.33
8,6.21
674,6.21
652,0.00
868,12.41
156,6.18
414,6.08
290,0.00
412,6.22
479,0.00
778,6.10
519,0.00
346,6.16
191,6.17
637,0.00
978,6.22
512,0.00
437,6.23
631,0.00
802,6.33
247,12.36
673,6.27
408,0.00
838,6.12
184,6.08
412,6.17
513,6.20
649,6.10
450,6.18
729,12.42
618,6.20
744,6.15
287,6.19
613,6.16
968,12.79
335,6.38
48,6.17
320,6.31
537,6.18
768,6.22
934,0.00
62,6.40
521,6.41
82,6.42
610,0.00
865,6.29
619,0.00
733,6.32
246,6.43
817,0.00
499,6.38
141,6.43
436,6.40
999,0.00
341,6.45
399,6.12
505,6.26
420,6.28
717,6.41
760,6.34
57,6.35
527,6.44
202,6.57
812,0.00
423,6.40
639,0.00
556,0.00
850,13.02
89,6.47
28,6.43
296,6.37
478,0.00
241,6.24
344,6.13
778,0.00
138,6.25
942,12.72
519,0.00
674,12.55
860,6.35
333,6.20
684,6.23
555,6.28
783,6.37
988,6.21
616,6.22
78,6.27
415,6.25
358,6.25
36,6.25
34,6.15
993,6.19
184,6.20
274,6.16
168,6.23
558,6.06
796,6.13
782,6.14
318,5.93
783,5.99
466,6.07
160,5.94
155,5.93
757,5.83
661,5.84
302,5.82
742,0.00
325,5.88
630,0.00
974,0.00
326,5.94
950,6.00
338,6.09
683,6.10
425,0.00
572,0.00
230,5.88
968,0.00
903,12.27
983,5.96
51,5.97
325,5.87
487,5.76
443,5.83
807,0.00
774,12.25
687,5.99
383,6.02
549,0.00
566,0.00
183,5.87
386,0.00
268,5.86
693,5.76
230,0.00
648,12.35
388,12.07
592,5.93
646,11.98
456,5.87
87,5.92
674,0.00
391,5.76
383,5.77
93,5.77
147,5.65
700,0.00
564,5.61
95,5.58
271,5.58
668,0.00
532,5.60
304,5.57
146,5.52
698,0.00
960,5.56
198,5.66
641,0.00
35,5.61
138,5.65
887,11.84
874,11.88
103,5.66
993,5.57
11,5.65
20,5.67
98,5.63
471,0.00
357,5.57
178,5.44
200,5.38
353,0.00
166,5.38
849,5.49
505,5.61
246,5.55
25,5.51
732,0.00
69,5.52
396,5.44
793,0.00
421,5.56
671,5.60
784,5.68
737,5.62
240,5.76
468,0.00
754,0.00
573,0.00
788,5.81
609,0.00
884,11.78
872,5.84
337,5.94
790,5.87
569,0.00
77,6.04
203,6.13
318,5.92
710,0.00
769,5.78
431,5.81
749,5.82
772,5.91
544,0.00
439,0.00
422,0.00
844,11.93
275,5.98
571,5.94
525,5.91
934,0.00
577,5.82
419,5.94
342,5.87
496,5.85
157,5.95
897,5.86
499,0.00
625,5.85
823,5.85
875,0.00
160,6.06
449,6.09
857,6.14
884,5.91
56,6.06
708,0.00
555,6.07
745,6.13
907,6.10
548,6.19
878,6.26
451,0.00
365,6.30
715,0.00
812,11.79
564,6.33
445,6.45
144,6.48
984,6.38
437,0.00
1000,6.47
612,0.00
78,6.64
735,6.64
693,6.74
574,12.19
278,6.68
623,0.00
43,6.59
931,6.59
978,6.68
290,0.00
604,6.80
500,6.88
22,6.82
212,6.78
388,0.00
341,6.79
260,0.00
355,6.80
569,6.84
125,6.95
866,0.00
942,0.00
873,6.92
424,7.06
236,7.02
196,7.04
105,6.91
454,0.00
927,12.51
102,6.81
99,6.82
745,0.00
42,6.50
702,0.00
369,6.40
757,6.31
542,6.42
504,6.49
567,6.52
748,6.53
695,6.40
512,6.51
283,6.50
581,0.00
838,6.46
268,6.54
392,0.00
394,6.53
819,12.52
582,6.64
452,6.64
359,0.00
738,6.57
65,6.68
998,6.51
146,6.72
873,0.00
699,6.62
327,6.71
117,6.68
25,6.71
901,6.62
326,6.63
585,6.58
335,6.54
529,0.00
542,6.48
896,6.48
994,0.00
880,6.41
219,6.49
257,6.41
309,6.34
618,0.00
831,6.32
6,6.36
901,0.00
4,6.37
418,0.00
489,6.32
156,6.25
986,6.25
514,0.00
475,6.30
28,6.23
89,6.06
5,6.05
403,0.00
930,5.87
345,5.82
522,12.47
826,12.52
671,6.05
325,5.85
294,5.99
23,6.00
958,0.00
921,0.00
216,5.82
605,5.70
966,5.82
177,5.84
507,0.00
940,0.00
902,5.68
728,12.53
873,5.83
996,5.86
707,5.99
406,6.04
143,6.05
448,6.02
988,0.00
503,6.00
7,6.01
377,5.98
744,0.00
1,6.01
857,5.92
114,5.96
7,5.74
425,0.00
261,5.76
902,0.00
427,0.00
123,5.67
412,0.00
867,5.73
60,5.69
483,5.43
443,0.00
894,5.39
425,0.00
101,5.41
684,5.39
551,5.40
970,0.00
718,5.65
11,5.46
485,5.45
586,12.07
779,11.84
437,5.59
474,5.80
412,5.62
892,0.00
186,5.59
789,5.60
294,5.60
510,5.57
23,5.64
468,5.53
938,0.00
504,5.48
671,5.55
543,0.00
477,5.60
877,5.72
459,5.80
428,0.00
920,5.94
622,5.94
700,6.15
205,6.17
453,6.20
712,0.00
342,0.00
406,0.00
87,6.27
127,6.15
999,11.94
25,6.19
841,12.04
734,6.35
146,6.35
904,0.00
117,6.43
998,6.20
267,6.31
510,0.00
539,6.24
445,0.00
468,6.25
72,6.32
951,6.14
888,6.15
637,6.31
786,6.28
206,6.29
476,0.00
42,6.24
638,0.00
870,6.26
909,0.00
910,6.34
492,6.46
746,0.00
133,6.53
689,0.00
573,0.00
581,6.66
663,6.49
909,6.49
87,6.72
854,0.00
980,6.69
940,12.34
313,6.82
184,6.78
657,0.00
969,6.85
392,6.79
742,6.90
558,0.00
30,6.97
889,0.00
891,6.89
589,6.97
722,6.98
644,12.43
180,6.96
287,6.95
251,0.00
972,6.94
147,7.03
257,6.97
103,7.06
569,0.00
282,6.84
198,0.00
790,7.01
789,7.14
501,0.00
488,0.00
76,0.00
822,6.93
507,0.00
665,0.00
422,6.79
942,0.00
641,0.00
722,6.81
553,6.66
338,6.50
379,6.52
422,6.43
728,6.47
475,6.60
436,6.66
230,6.69
304,6.65
466,0.00
966,6.57
953,12.91
163,6.82
508,0.00
724,6.73
934,0.00
536,6.69
415,6.71
793,6.78
169,6.83
420,6.86
643,0.00
172,6.67
943,6.67
127,6.68
477,6.54
228,6.65
758,6.53
276,0.00
809,6.56
960,0.00
872,6.44
323,6.62
526,6.64
376,6.73
754,0.00
781,13.28
713,6.75
739,6.82
437,0.00
571,6.65
728,6.54
750,6.58
651,0.00
907,13.44
122,6.66
163,6.51
272,0.00
909,6.52
379,6.52
242,6.49
107,6.51
729,0.00
369,6.42
423,6.35
840,6.39
675,6.26
422,6.28
980,6.38
395,6.30
114,6.16
20,6.27
427,6.18
571,0.00
434,6.14
738,6.14
228,6.22
168,6.08
660,13.18
149,6.18
141,6.20
666,0.00
383,13.13
570,6.19
868,0.00
929,12.94
673,6.13
892,6.24
354,6.43
984,0.00
579,13.02
98,6.45
506,0.00
210,0.00
648,13.13
322,6.39
636,6.46
687,6.41
391,6.45
275,6.42
209,6.44
466,0.00
769,0.00
428,0.00
102,6.43
203,6.34
794,0.00
293,6.27
230,6.34
643,6.23
665,6.32
683,0.00
358,6.20
437,0.00
654,6.20
675,0.00
481,6.23
210,6.31
903,6.31
890,6.39
240,6.36
656,6.25
363,6.40
827,6.43
765,6.41
625,6.42
345,6.49
561,0.00
235,6.30
365,0.00
435,6.16
194,6.14
460,0.00
17,6.11
810,6.11
867,6.12
133,6.13
472,0.00
514,6.18
163,6.10
997,0.00
932,6.34
628,6.20
865,6.27
551,6.47
961,6.27
569,6.38
611,0.00
950,6.51
988,6.50
811,0.00
361,0.00
649,6.62
198,6.50
928,12.71
578,6.70
34,6.69
651,6.61
629,0.00
370,0.00
493,6.71
237,6.61
864,6.63
501,0.00
323,6.74
299,6.72
754,6.71
286,6.80
329,6.66
29,6.58
96,6.38
70,6.42
679,6.26
718,6.27
244,6.32
358,6.35
724,12.68
178,6.22
716,0.00
680,0.00
205,6.17
128,6.24
260,6.22
898,0.00
815,6.29
280,6.06
77,6.06
1000,0.00
674,6.12
584,6.23
608,0.00
914,6.23
119,6.10
609,0.00
339,6.26
571,0.00
876,12.47
49,6.28
513,0.00
510,0.00
949,0.00
94,6.23
830,12.44
81,6.24
160,6.11
24,6.12
338,5.91
878,0.00
799,5.99
904,0.00
569,6.19
531,0.00
404,6.05
720,6.10
32,6.06
932,0.00
258,6.08
542,12.20
369,6.16
568,6.17
941,0.00
686,18.64
73,6.07
858,5.94
822,5.95
938,5.81
961,18.72
284,5.87
473,0.00
662,5.97
19,5.82
953,0.00
679,12.39
685,5.95
150,5.82
454,5.78
315,0.00
192,5.90
407,0.00
947,5.83
122,5.84
480,5.73
795,6.01
447,0.00
784,0.00
822,5.84
404,5.92
952,0.00
785,6.03
161,6.09
263,6.08
761,6.09
12,6.17
897,0.00
618,6.13
630,6.14
915,6.20
248,6.06
35,6.08
612,6.02
643,0.00
917,18.81
686,6.21
727,6.33
736,6.43
500,6.44
143,0.00
996,6.34
333,6.46
92,6.31
580,0.00
665,6.37
280,6.30
293,6.19
547,0.00
215,6.33
802,12.47
819,6.28
783,6.27
661,6.38
265,6.50
176,6.40
961,0.00
579,6.46
201,6.45
41,6.51
300,6.51
958,6.33
237,0.00
927,18.68
973,6.39
938,12.58
235,6.62
491,6.55
648,0.00
856,6.72
454,6.73
35,6.71
709,0.00
869,6.65
21,6.84
649,0.00
497,6.76
717,0.00
794,6.88
463,6.84
974,6.91
734,6.83
110,6.85
100,6.86
781,19.20
318,6.83
995,12.60
741,12.66
129,6.80
835,6.71
524,6.64
420,0.00
678,6.62
914,6.63
245,6.54
872,6.46
64,6.50
328,6.42
322,6.37
946,0.00
27,6.25
522,6.34
798,6.44
511,0.00
804,6.46
399,6.53
396,6.46
705,6.58
133,6.70
218,6.60
491,0.00
889,6.51
1,6.66
411,0.00
918,0.00
369,6.33
984,6.38
279,6.14
140,0.00
977,12.53
26,6.40
959,0.00
347,6.43
166,6.38
52,6.38
931,0.00
805,6.32
28,6.40
549,6.46
673,6.51
327,6.36
919,0.00
82,6.26
515,0.00
814,12.79
736,6.42
185,6.34
271,6.37
282,6.46
564,0.00
565,0.00
984,6.27
350,12.90
321,6.35
171,6.08
512,12.76
585,6.15
401,6.19
774,6.01
56,6.03
490,0.00
810,5.92
169,5.97
63,5.95
448,0.00
989,0.00
970,0.00
777,12.91
743,12.98
960,0.00
76,6.07
699,6.14
999,18.90
320,6.21
856,6.00
767,6.28
241,6.14
33,6.17
671,0.00
998,13.02
443,6.15
54,6.14
361,0.00
563,12.92
389,12.70
843,6.31
28,6.35
48,6.25
817,6.12
934,0.00
574,6.47
461,0.00
607,6.38
326,6.38
469,0.00
888,6.41
522,6.43
241,6.28
189,6.28
236,6.22
145,6.17
200,6.17
658,0.00
135,6.10
974,12.32
700,6.06
382,12.27
188,6.01
370,5.83
190,5.94
726,5.72
227,5.72
796,5.79
325,6.00
209,5.82
504,0.00
156,5.84
729,0.00
550,5.84
755,5.90
390,0.00
385,5.77
790,0.00
312,5.68
849,5.69
702,5.75
862,5.80
244,5.74
449,0.00
688,5.76
56,5.76
198,5.66
993,0.00
349,5.75
344,0.00
31,5.77
133,5.75
277,5.67
48,5.67
233,0.00
244,5.73
1,5.67
577,0.00
319,5.64
700,5.63
530,0.00
794,5.71
816,0.00
486,0.00
552,11.65
862,11.50
499,5.71
912,0.00
986,5.62
265,5.61
792,5.51
707,18.35
932,11.79
79,5.58
632,5.51
965,0.00
551,11.86
485,5.86
29,5.62
857,5.67
95,5.76
99,5.67
288,0.00
52,5.67
111,0.00
297,0.00
928,5.33
719,5.47
758,5.57
129,5.41
157,5.50
419,0.00
508,5.42
600,0.00
177,5.44
95,5.39
70,5.39
467,5.39
928,0.00
994,11.68
851,0.00
705,5.67
1000,11.95
948,5.87
395,5.88
121,5.96
597,5.88
599,6.03
64,5.92
21,5.92
889,0.00
77,6.01
505,5.80
597,5.90
13,5.94
937,5.78
378,0.00
266,5.92
458,5.87
655,0.00
995,5.97
923,0.00
847,6.01
171,11.72
519,6.11
898,11.68
41,6.14
73,6.03
983,5.93
867,6.03
402,0.00
394,6.08
846,6.08
268,6.25
859,6.09
531,0.00
717,6.29
169,6.31
901,6.25
758,0.00
737,6.37
937,0.00
564,6.34
348,6.33
534,6.25
110,6.24
659,6.27
615,6.28
623,6.15
849,11.81
236,6.19
706,0.00
358,6.15
98,6.03
771,0.00
402,5.98
400,5.98
499,0.00
700,5.98
72,6.19
733,0.00
747,5.94
466,5.99
940,0.00
775,6.21
512,0.00
769,11.37
635,6.11
349,5.97
977,6.13
294,6.23
495,0.00
466,6.13
35,6.22
47,6.22
478,0.00
996,6.22
101,6.37
385,6.09
768,0.00
616,0.00
992,5.87
795,6.04
615,5.90
824,5.88
58,5.88
459,6.01
350,5.97
523,0.00
365,5.99
422,0.00
530,5.96
227,6.12
906,0.00
361,0.00
603,5.91
344,0.00
297,5.76
623,0.00
786,5.72
315,5.58
818,5.75
13,5.76
993,5.66
903,5.68
440,11.88
620,5.83
430,5.64
410,0.00
350,5.59
677,5.61
828,5.67
14,5.68
868,5.66
280,5.76
447,0.00
12,5.65
520,5.60
748,0.00
996,5.59
113,5.61
119,5.78
672,0.00
788,5.55
800,30.25
913,12.04
743,5.92
713,5.79
446,5.90
450,6.00
487,6.01
61,5.88
598,5.97
457,5.98
372,0.00
299,5.98
78,5.78
721,5.74
401,0.00
778,11.74
653,5.84
741,0.00
459,5.77
887,5.81
183,5.83
193,5.92
76,5.83
989,5.70
403,5.60
160,5.72
667,0.00
726,5.64
519,0.00
154,5.60
570,5.61
950,5.69
62,5.63
907,0.00
767,5.56
809,5.60
829,5.65
164,5.48
282,5.32
506,5.37
906,0.00
390,5.38
697,11.35
571,5.46
838,0.00
500,5.68
459,0.00
782,5.47
344,5.46
487,5.59
926,5.57
22,5.57
345,0.00
854,11.29
244,5.77
819,0.00
932,0.00
306,5.67
825,11.35
10,5.70
536,0.00
817,11.30
980,5.69
286,5.59
381,5.39
287,5.57
404,0.00
976,5.44
233,5.61
567,5.53
467,0.00
223,5.66
708,0.00
327,5.72
294,11.27
954,11.30
637,5.62
557,0.00
442,5.80
973,11.39
5,5.84
976,17.58
470,0.00
134,5.51
436,0.00
938,5.60
270,5.51
496,0.00
121,5.51
456,5.58
919,0.00
397,5.64
238,5.65
217,5.70
118,5.60
314,5.62
89,5.52
265,5.47
984,0.00
11,5.42
577,0.00
483,5.47
694,5.55
762,5.55
617,5.49
697,0.00
846,0.00
221,5.68
674,0.00
871,5.63
497,0.00
589,0.00
393,11.51
724,5.85
970,5.95
625,17.41
674,6.05
375,0.00
684,6.17
689,6.29
166,6.11
777,6.19
414,6.28
442,6.24
649,0.00
742,6.25
301,6.22
340,6.15
351,6.16
115,6.11
915,0.00
762,6.14
556,6.19
611,0.00
295,6.17
163,6.20
578,0.00
433,0.00
996,5.92
341,5.87
273,5.83
517,5.93
754,6.03
143,6.18
884,0.00
41,6.07
721,0.00
980,6.04
523,6.04
687,0.00
9,6.11
333,6.17
281,6.03
481,0.00
890,11.79
69,6.08
221,6.04
956,0.00
800,5.99
762,6.01
2,5.98
163,5.76
626,11.26
146,5.88
434,5.72
966,5.78
315,5.87
178,5.88
260,5.82
283,5.77
345,5.85
971,0.00
946,5.87
711,6.03
215,5.88
273,0.00
221,5.92
324,6.02
202,5.93
422,5.98
813,6.03
789,5.96
278,5.96
509,11.42
763,5.99
195,5.98
417,5.85
214,5.97
415,5.92
364,5.90
534,0.00
780,11.57
780,5.83
362,5.85
498,0.00
923,11.82
172,5.90
757,0.00
590,0.00
561,0.00
749,5.56
821,0.00
8,5.53
63,5.51
611,0.00
609,5.46
555,5.50
988,5.51
205,0.00
855,5.53
116,5.64
42,5.63
163,5.60
855,0.00
565,5.64
780,5.72
948,11.71
186,5.81
660,0.00
279,5.62
305,5.50
149,5.46
51,5.50
820,0.00
710,5.49
370,0.00
556,0.00
297,5.37
577,5.50
239,5.62
759,0.00
462,0.00
713,5.60
395,0.00
145,5.63
941,11.63
580,11.60
829,5.72
756,17.25
503,5.90
544,5.91
801,6.00
309,6.01
314,11.81
200,6.04
293,11.93
934,6.06
280,6.10
620,6.17
63,6.13
320,6.04
462,0.00
785,6.10
317,6.02
712,6.02
106,6.11
724,5.94
703,0.00
251,6.07
438,0.00
870,6.03
187,6.07
17,6.08
370,6.01
360,0.00
334,12.02
737,6.01
829,5.91
177,5.92
217,5.86
835,5.85
526,0.00
358,5.82
408,0.00
163,5.71
893,0.00
1000,11.70
123,5.71
526,0.00
967,5.86
509,5.82
800,5.88
151,6.00
309,5.92
261,5.91
212,5.96
917,5.97
130,6.06
974,5.87
302,0.00
282,0.00
108,11.39
544,5.94
498,0.00
118,5.79
346,5.84
474,0.00
464,5.74
126,5.77
516,5.70
231,5.71
560,5.79
676,5.80
133,5.71
18,5.65
947,17.37
412,5.96
697,0.00
334,5.86
28,5.98
133,5.83
616,11.31
270,5.87
724,0.00
661,0.00
538,5.85
777,0.00
60,5.88
193,5.91
892,0.00
254,5.94
119,5.93
754,5.87
7,5.95
404,5.85
604,0.00
142,5.84
828,5.72
953,17.49
104,5.79
429,0.00
522,5.64
564,5.77
268,5.65
96,0.00
817,0.00
214,5.72
883,5.67
174,5.76
339,5.81
184,5.74
616,0.00
615,5.64
247,5.83
429,5.76
620,5.81
191,5.88
876,5.72
704,0.00
112,5.56
951,5.70
507,5.84
491,0.00
287,5.90
227,5.87
161,0.00
92,5.90
546,5.84
168,5.84
744,5.84
959,5.86
237,6.05
330,5.86
234,5.82
147,5.83
485,5.90
39,0.00
900,11.63
130,5.91
598,5.90
284,6.00
663,0.00
753,0.00
409,5.90
341,5.84
934,0.00
715,5.75
704,0.00
310,6.02
481,0.00
987,6.04
383,6.04
223,6.24
90,6.11
630,6.02
137,6.04
703,0.00
802,5.97
220,6.09
230,6.09
323,6.06
352,6.06
159,6.03
61,0.00
811,0.00
432,6.18
177,5.98
298,6.00
95,5.91
455,0.00
695,5.80
4,5.95
366,5.80
314,5.64
578,0.00
526,5.58
486,0.00
272,5.51
268,5.45
937,0.00
831,5.44
188,5.52
844,0.00
845,0.00
968,5.81
105,5.81
704,11.41
489,5.74
355,5.58
266,5.63
872,0.00
93,5.60
66,5.60
252,5.66
472,0.00
783,5.49
710,0.00
984,5.53
703,5.61
751,5.62
958,5.68
697,11.33
471,5.45
772,5.51
165,5.59
901,5.68
330,5.66
528,0.00
279,5.49
969,5.56
463,5.49
349,5.63
995,23.18
854,17.35
278,5.86
386,5.79
112,5.80
119,5.71
279,5.75
234,5.71
579,5.70
709,0.00
418,5.76
811,0.00
381,5.61
860,0.00
610,0.00
588,5.55
829,5.59
594,5.57
338,0.00
890,11.66
390,5.64
344,5.64
733,5.72
258,5.73
740,5.72
963,5.82
202,0.00
675,5.84
325,5.78
194,5.75
849,0.00
807,0.00
958,11.82
483,6.14
396,5.94
316,6.02
736,6.09
755,6.19
313,6.13
365,6.32
132,6.28
825,6.27
494,0.00
881,0.00
488,6.37
581,6.41
56,6.36
967,0.00
706,11.97
241,6.17
830,11.98
121,6.22
217,0.00
349,6.20
570,6.43
651,6.15
443,0.00
393,6.29
125,6.22
600,0.00
809,6.30
111,6.35
889,0.00
772,6.40
840,6.47
700,6.48
156,6.54
596,0.00
707,12.22
158,6.62
344,6.55
488,0.00
760,6.47
742,6.46
847,6.54
416,6.55
946,6.52
582,6.53
187,6.59
887,0.00
880,6.43
911,6.44
719,6.56
120,6.63
728,6.56
719,6.66
831,6.50
802,0.00
477,6.54
903,0.00
831,6.60
564,6.71
809,0.00
441,6.95
875,0.00
742,12.70
467,6.94
27,6.92
974,0.00
997,6.91
332,7.13
50,7.08
393,0.00
360,7.07
568,0.00
938,7.10
796,0.00
608,12.94
194,7.19
411,0.00
978,7.18
141,7.11
456,0.00
845,7.08
413,7.10
783,7.06
97,6.94
834,0.00
59,6.89
319,6.82
642,0.00
795,0.00
182,6.85
895,0.00
903,18.87
209,6.89
664,6.87
647,7.09
656,18.89
126,7.03
556,6.98
610,6.90
73,6.91
59,6.82
61,6.82
693,0.00
550,6.85
898,0.00
519,6.86
566,0.00
361,6.76
694,13.18
582,6.70
389,6.61
155,6.78
920,0.00
992,13.19
968,6.85
301,6.77
422,0.00
713,6.76
167,6.80
202,6.81
971,0.00
795,6.80
537,0.00
609,6.71
935,13.07
940,0.00
903,6.62
673,6.63
693,13.23
991,6.74
883,6.48
995,0.00
114,6.60
824,6.48
387,0.00
880,0.00
760,6.36
104,6.42
383,0.00
738,6.06
22,6.21
426,0.00
126,6.20
117,6.22
118,6.10
451,0.00
323,0.00
791,13.17
703,6.07
54,6.19
466,0.00
934,6.01
806,6.05
391,0.00
442,6.08
183,6.03
286,6.03
353,6.03
14,6.03
800,5.89
934,5.92
378,5.88
244,5.81
308,0.00
196,0.00
431,0.00
466,5.70
814,5.71
917,19.20
221,5.74
20,5.62
334,5.74
928,5.57
263,5.69
240,5.71
516,0.00
847,5.78
105,5.78
147,5.76
256,5.60
195,5.61
136,5.46
761,12.18
721,5.33
971,12.20
826,5.60
167,5.57
1,5.49
348,5.43
387,5.52
932,12.26
246,5.56
397,0.00
959,12.13
963,5.53
74,5.53
888,12.31
362,5.58
339,0.00
553,5.41
391,5.43
21,5.40
320,12.19
628,12.07
363,5.57
215,5.58
784,11.99
299,5.50
542,0.00
20,5.28
474,5.36
288,5.45
859,0.00
667,11.71
368,5.41
359,5.38
135,5.37
940,5.31
265,5.42
775,5.28
406,0.00
789,5.36
760,5.36
904,0.00
695,0.00
691,11.61
106,5.44
76,5.55
945,11.41
437,5.48
288,5.41
499,5.44
519,5.39
801,5.39
659,0.00
527,0.00
857,5.67
532,5.61
533,5.74
835,5.63
396,0.00
645,5.80
72,5.85
511,0.00
921,11.56
287,11.51
969,11.52
485,11.64
813,11.59
415,0.00
502,11.65
452,0.00
991,6.27
424,6.06
815,5.88
30,6.04
699,0.00
210,5.99
68,6.11
852,0.00
774,0.00
181,11.55
770,18.14
607,0.00
533,5.93
667,5.92
203,5.97
360,6.00
748,0.00
869,6.03
684,11.51
887,5.83
3,6.03
136,5.85
695,0.00
46,5.82
38,5.76
560,0.00
601,5.75
830,0.00
355,5.81
135,5.79
560,5.71
221,0.00
90,5.88
798,0.00
291,5.61
778,5.64
654,5.71
377,0.00
455,0.00
440,5.62
765,5.73
422,0.00
461,5.81
500,5.86
204,5.73
180,5.69
938,5.58
424,5.65
328,5.55
387,0.00
765,11.10
725,5.58
963,5.45
459,5.43
37,5.58
416,5.51
958,0.00
885,11.14
764,5.44
911,5.54
97,5.45
135,5.53
985,11.26
90,5.73
787,0.00
565,5.55
540,0.00
707,5.73
312,5.72
918,0.00
792,24.16
195,5.50
287,5.60
636,0.00
783,5.42
212,5.49
114,5.45
825,5.28
883,0.00
551,11.46
873,11.40
71,5.58
109,5.45
871,5.55
471,5.55
332,0.00
526,11.51
209,5.52
818,11.37
637,5.58
44,5.72
885,0.00
190,5.52
549,5.51
700,11.42
985,5.61
80,5.62
185,0.00
471,11.55
269,5.73
279,5.54
73,5.57
4,5.69
786,5.60
31,0.00
768,5.63
271,0.00
757,11.59
657,5.67
866,0.00
771,5.84
186,5.78
120,5.73
485,0.00
197,5.72
491,5.62
311,5.75
90,5.59
677,5.50
595,0.00
754,0.00
219,5.56
274,5.54
850,5.50
494,0.00
472,0.00
961,0.00
712,5.68
231,5.72
543,0.00
111,5.61
389,0.00
948,5.60
27,5.69
370,5.71
655,5.71
262,5.58
720,0.00
533,0.00
808,5.45
216,5.48
805,0.00
599,5.38
897,0.00
1000,5.47
956,17.04
762,11.18
556,5.51
720,5.68
756,5.64
475,0.00
848,5.78
255,5.67
321,5.52
614,0.00
746,5.55
252,5.53
864,5.58
422,5.70
811,0.00
930,5.76
278,11.17
983,17.12
21,5.69
518,0.00
256,5.81
648,5.78
417,5.86
334,5.73
740,0.00
683,5.63
354,0.00
622,11.37
17,5.72
683,5.60
1000,0.00
432,5.73
453,5.69
428,11.46
406,5.60
762,5.70
159,5.82
948,5.69
987,11.40
174,5.74
414,5.85
421,0.00
952,0.00
452,5.85
216,5.82
871,5.82
814,5.89
134,5.98
625,5.84
586,0.00
959,5.90
800,6.01
62,6.19
939,11.61
842,11.65
178,6.20
907,6.04
231,6.14
253,6.02
609,0.00
327,6.14
940,0.00
802,0.00
866,6.20
56,6.20
127,6.10
966,6.19
415,0.00
874,6.28
345,6.34
494,6.21
524,6.20
150,6.18
909,0.00
652,11.66
387,6.26
335,6.31
417,11.86
878,6.29
933,12.00
196,6.41
856,6.28
984,11.83
781,6.20
825,6.32
463,0.00
478,0.00
871,6.28
97,6.25
711,6.24
587,6.29
485,0.00
390,11.93
830,6.20
118,6.21
251,0.00
135,0.00
901,0.00
154,6.06
794,6.03
822,0.00
203,6.05
453,11.74
795,11.75
629,5.90
431,0.00
337,5.98
490,6.11
459,6.00
430,0.00
442,0.00
519,11.62
187,5.87
443,11.54
405,5.79
76,0.00
11,5.79
372,5.71
958,0.00
708,5.75
404,5.76
80,5.82
64,5.74
995,5.65
124,5.77
601,5.68
627,0.00
590,5.55
63,5.56
75,5.48
704,5.54
663,5.55
743,0.00
684,5.62
649,5.75
248,5.53
896,5.52
207,5.47
777,5.48
554,5.57
606,5.58
185,5.46
273,5.58
124,5.54
115,5.48
743,5.51
364,5.58
606,5.50
94,5.54
720,5.55
846,0.00
410,0.00
571,5.47
37,5.48
725,5.48
998,5.54
54,5.46
904,0.00
838,11.85
315,11.74
223,5.60
622,0.00
825,5.74
230,0.00
891,5.66
377,5.57
25,5.51
770,0.00
774,5.49
261,5.49
552,5.48
912,11.57
450,5.71
126,5.73
606,0.00
851,5.66
64,5.60
463,5.67
274,11.75
639,5.73
1,5.78
726,5.52
270,0.00
337,5.60
810,11.72
821,11.62
139,5.73
181,0.00
351,5.58
694,12.02
458,5.74
462,0.00
893,5.65
986,5.81
825,0.00
439,5.96
426,0.00
867,11.62
472,0.00
676,5.96
342,6.07
841,0.00
876,6.28
487,0.00
123,6.35
702,6.35
648,0.00
646,6.40
803,6.39
771,0.00
920,6.60
43,6.69
35,6.72
943,6.42
532,6.46
141,6.33
195,6.53
947,6.38
22,6.42
970,0.00
300,6.44
760,0.00
169,6.29
456,0.00
91,6.25
113,6.23
728,6.19
1,6.27
613,0.00
391,6.20
248,6.24
523,0.00
288,6.06
207,6.12
830,6.08
448,6.09
75,6.01
934,0.00
167,6.03
249,6.04
319,6.00
737,5.94
458,11.44
903,17.74
257,6.13
66,0.00
887,6.06
128,6.14
792,0.00
611,6.07
531,6.06
684,0.00
403,0.00
795,11.59
982,11.66
462,6.26
174,6.04
898,6.19
467,0.00
117,6.08
766,0.00
895,6.10
543,0.00
953,6.13
729,6.21
914,0.00
533,11.99
404,6.35
724,6.36
848,12.19
977,12.04
387,6.28
245,6.30
695,6.16
350,6.17
906,12.04
975,6.17
340,6.40
68,6.20
738,12.35
24,6.29
132,6.19
213,6.12
389,5.93
686,0.00
62,5.88
485,5.82
510,0.00
11,5.79
127,5.70
470,0.00
318,5.45
773,0.00
276,5.60
967,11.98
572,5.66
892,5.48
168,5.62
551,5.67
737,0.00
543,5.62
427,0.00
635,5.66
171,5.75
776,0.00
574,5.82
213,5.81
902,5.74
96,5.88
41,5.79
564,5.73
449,0.00
830,5.76
575,0.00
194,5.87
301,5.89
37,5.86
134,5.76
213,5.64
236,5.69
634,0.00
752,5.71
116,5.69
655,5.58
55,0.00
90,5.77
175,5.61
934,5.53
72,5.64
473,0.00
880,5.61
292,5.65
668,0.00
502,0.00
765,5.51
469,5.54
985,5.51
35,5.55
452,5.48
399,5.57
496,0.00
327,5.57
18,5.56
837,0.00
382,5.51
729,5.44
902,5.35
96,5.50
582,0.00
851,11.67
871,5.49
471,5.36
481,5.48
645,5.33
3,5.49
797,11.63
642,0.00
29,5.59
277,5.42
68,5.45
263,5.36
666,5.38
743,5.39
922,5.36
527,0.00
985,5.44
602,5.58
896,0.00
302,5.62
38,5.73
371,5.65
235,5.65
902,0.00
908,5.79
537,11.25
20,5.89
675,0.00
733,5.70
649,5.88
595,5.89
711,6.03
913,11.53
301,5.97
118,5.95
224,6.04
134,5.88
134,5.95
491,0.00
293,5.81
951,0.00
832,5.84
915,5.88
55,5.88
560,5.89
544,5.90
588,6.01
352,5.93
804,0.00
545,0.00
808,5.97
421,0.00
707,6.25
896,6.19
141,0.00
674,6.29
162,6.37
732,6.18
322,6.26
295,6.32
217,6.21
350,6.27
834,11.87
23,6.32
193,6.18
412,0.00
670,6.15
811,0.00
372,11.82
805,11.85
175,6.20
554,6.33
443,6.40
223,6.18
794,0.00
127,6.23
410,6.32
790,0.00
250,6.41
186,6.28
507,0.00
279,6.32
637,6.24
659,6.34
334,6.13
708,6.24
768,11.83
214,6.39
577,6.31
542,6.38
276,0.00
919,11.84
254,6.29
503,0.00
614,6.24
516,6.32
269,6.41
182,6.28
788,0.00
676,6.25
465,6.33
63,6.20
562,0.00
183,6.20
31,6.09
82,0.00
886,0.00
851,6.18
143,6.12
631,0.00
96,6.10
707,0.00
853,0.00
788,6.00
560,6.12
276,6.03
243,5.89
105,5.90
436,5.83
157,0.00
368,5.88
600,0.00
774,5.86
667,5.99
812,5.98
45,6.04
291,5.96
903,5.99
728,6.07
543,5.94
421,6.07
63,6.09
837,0.00
927,5.95
598,6.05
541,0.00
229,6.01
883,0.00
175,0.00
455,0.00
666,0.00
316,5.95
114,6.01
703,0.00
199,5.93
501,0.00
383,5.87
484,0.00
269,0.00
152,6.02
86,5.94
983,12.16
514,5.85
54,5.84
701,12.23
702,5.88
81,5.90
648,5.83
901,0.00
623,5.79
578,0.00
824,5.84
737,5.93
30,6.01
800,6.02
694,6.02
497,12.27
225,5.94
231,5.89
118,5.86
359,5.84
243,5.85
901,0.00
427,0.00
605,5.78
829,5.86
485,0.00
408,5.87
717,0.00
503,5.98
182,0.00
765,0.00
307,5.96
870,5.86
570,5.91
158,5.92
485,0.00
951,5.97
464,5.97
171,5.97
611,5.89
139,0.00
761,5.91
528,0.00
264,5.94
509,5.88
691,11.75
554,5.95
266,5.99
169,5.88
805,5.96
796,0.00
765,6.00
831,6.13
655,0.00
900,12.19
549,6.23
211,6.15
833,6.12
996,6.33
280,6.40
974,0.00
974,6.47
883,6.43
147,6.57
530,6.45
238,6.46
412,6.21
2,0.00
769,12.29
462,6.26
824,6.31
511,0.00
266,6.25
765,0.00
66,6.39
682,6.38
700,6.38
159,0.00
844,0.00
498,6.44
312,6.48
52,6.59
942,6.54
489,6.55
858,6.65
38,6.49
492,0.00
533,6.49
293,6.66
672,0.00
693,6.49
28,6.52
294,6.56
1,6.59
232,6.39
323,6.31
29,6.31
728,6.31
588,6.29
569,6.50
347,6.28
226,0.00
273,6.39
516,0.00
708,6.42
392,0.00
708,6.65
170,6.47
739,6.55
117,6.59
441,6.52
676,0.00
895,12.47
121,6.62
115,6.46
941,6.46
354,6.43
809,0.00
776,6.57
960,6.47
563,6.50
694,6.50
861,6.49
391,0.00
424,6.57
339,0.00
17,6.52
265,6.49
82,6.43
455,0.00
159,0.00
10,6.39
346,6.29
815,0.00
312,6.27
828,6.14
307,6.14
201,6.19
859,0.00
813,0.00
634,6.25
601,0.00
503,6.04
142,6.15
583,6.01
271,6.02
972,5.95
369,6.02
369,5.89
223,6.00
707,6.08
492,0.00
648,12.41
810,6.29
337,6.15
133,6.31
690,6.14
863,12.48
267,6.20
359,0.00
156,6.06
881,6.10
183,6.10
701,0.00
101,6.03
415,5.95
996,0.00
414,6.10
808,6.19
400,0.00
132,6.10
27,6.18
228,6.16
681,6.06
867,6.06
680,0.00
662,0.00
3,6.11
188,6.08
403,6.16
42,6.25
920,0.00
56,6.29
231,6.26
485,6.11
789,12.45
277,6.18
443,0.00
447,0.00
375,0.00
67,5.98
232,5.89
152,0.00
996,5.86
610,0.00
966,12.57
197,5.85
494,5.85
626,5.88
329,5.91
810,0.00
890,5.88
995,0.00
599,6.02
372,5.83
789,5.91
682,6.12
686,6.15
238,6.13
362,0.00
481,6.14
183,6.05
105,6.08
994,6.08
411,0.00
920,6.17
386,0.00
323,6.28
32,6.16
850,6.26
715,6.28
895,6.27
164,6.33
384,12.39
237,6.15
387,6.26
342,6.13
839,0.00
6,6.09
221,6.09
367,6.10
679,0.00
26,6.13
90,6.02
241,5.91
542,5.82
360,0.00
863,0.00
276,5.88
192,5.73
213,5.72
945,0.00
680,11.79
414,0.00
818,5.75
116,5.92
670,5.77
452,0.00
556,0.00
136,5.88
477,0.00
332,5.83
685,5.75
661,0.00
288,5.78
347,5.78
240,5.72
752,5.79
313,5.84
255,5.64
139,5.62
639,0.00
642,5.58
657,5.48
142,5.66
54,5.65
775,5.65
604,5.72
572,0.00
646,5.68
684,5.70
844,0.00
465,5.83
606,5.77
486,0.00
498,5.88
457,5.93
197,5.76
636,5.83
88,5.84
727,5.79
396,5.78
72,5.77
212,5.81
665,5.67
334,5.68
970,0.00
889,11.68
319,5.53
468,5.54
709,0.00
397,5.59
215,5.67
829,0.00
550,5.63
233,5.79
102,5.60
114,5.62
18,5.52
422,0.00
774,0.00
627,5.56
859,5.49
498,0.00
1000,5.58
187,5.59
190,5.63
867,5.53
518,0.00
173,5.64
337,5.59
797,5.65
978,5.68
61,5.75
566,5.73
526,5.72
136,5.74
967,5.74
451,0.00
132,5.77
424,5.68
236,5.72
541,5.51
885,5.65
181,5.86
98,5.71
246,5.59
861,0.00
210,5.66
575,0.00
637,5.56
683,0.00
197,5.59
59,5.66
621,0.00
78,5.68
367,5.63
780,0.00
459,5.71
443,0.00
436,5.57
131,5.50
563,5.50
609,0.00
569,5.56
870,11.21
32,5.67
231,0.00
878,17.39
531,5.77
31,5.56
266,5.60
839,5.56
413,0.00
749,5.53
590,5.65
821,5.74
486,5.69
446,5.79
231,5.67
575,5.71
154,5.68
634,5.74
137,5.70
860,5.75
550,5.76
796,5.87
986,5.94
131,5.77
58,5.76
651,0.00
182,5.71
763,0.00
437,5.67
29,5.69
745,5.67
585,0.00
741,5.82
977,5.83
239,11.28
725,5.79
385,0.00
287,5.69
612,0.00
782,5.70
403,5.58
144,5.72
863,0.00
821,5.76
144,5.89
478,0.00
826,0.00
184,5.85
983,11.56
429,5.95
600,6.02
775,0.00
435,5.92
436,5.96
578,6.03
639,0.00
904,23.70
484,17.73
945,11.91
237,6.31
93,6.22
492,0.00
872,6.12
228,0.00
597,6.08
390,6.07
764,0.00
518,6.21
505,0.00
864,6.25
634,0.00
723,6.38
674,6.34
348,6.45
556,0.00
462,6.54
1,6.55
431,0.00
183,6.52
344,6.53
306,6.47
580,0.00
552,6.38
703,12.05
226,6.37
722,6.38
690,6.53
719,6.42
82,6.29
107,6.30
124,6.25
867,0.00
804,6.19
578,6.26
59,6.27
944,6.20
359,6.29
394,6.23
823,6.24
298,6.36
32,6.18
531,0.00
882,6.22
597,11.83
157,6.11
270,6.28
875,0.00
410,6.20
488,0.00
91,6.30
163,6.28
811,6.28
433,0.00
773,6.32
894,6.35
913,6.53
331,6.48
864,0.00
370,0.00
59,6.38
169,6.43
637,0.00
242,6.30
631,0.00
744,0.00
799,6.30
57,6.38
942,0.00
626,0.00
639,6.23
367,0.00
511,0.00
176,6.11
337,6.31
976,6.18
132,6.18
208,6.18
314,6.15
627,6.08
908,6.11
366,6.00
453,6.12
32,6.09
970,6.10
445,0.00
698,6.19
11,6.01
979,6.08
230,5.95
726,5.92
561,5.92
835,0.00
968,12.44
466,5.98
778,6.02
296,6.13
205,6.06
346,6.16
742,6.24
844,0.00
125,6.30
674,6.23
916,6.24
698,12.49
128,6.21
793,12.56
652,6.34
844,6.21
291,6.31
201,6.24
925,6.21
34,6.28
886,12.44
341,6.36
821,6.34
912,6.49
394,6.32
69,6.46
606,12.71
685,6.51
241,6.35
945,6.35
230,6.46
372,6.48
994,0.00
898,12.90
175,6.63
765,6.46
176,0.00
293,6.53
615,0.00
834,6.49
172,6.58
621,6.58
48,6.55
794,0.00
486,6.42
406,6.28
349,6.28
800,0.00
771,6.28
445,6.35
81,6.42
389,6.43
280,6.31
93,6.18
673,6.10
610,6.03
826,0.00
888,6.15
636,0.00
883,12.44
191,6.24
321,6.21
533,0.00
895,0.00
714,0.00
808,0.00
519,12.48
283,6.34
196,6.26
500,6.11
318,6.18
675,0.00
408,6.23
862,6.28
868,6.38
860,6.19
786,6.27
485,0.00
694,6.27
391,0.00
610,0.00
726,6.25
219,6.21
205,6.12
451,6.27
397,0.00
109,6.16
900,6.19
908,6.19
984,6.39
521,0.00
191,6.29
6,6.25
392,6.19
389,12.28
768,6.26
76,6.12
456,0.00
531,5.89
781,5.82
624,6.01
540,0.00
277,5.87
383,0.00
10,5.88
874,0.00
330,5.88
173,5.81
805,0.00
382,5.76
935,5.68
177,5.67
96,5.83
403,0.00
257,5.64
678,5.65
773,5.70
191,5.69
12,5.76
764,5.69
834,5.73
666,5.85
904,18.63
638,0.00
481,5.74
738,5.81
347,5.98
380,6.01
179,6.05
758,0.00
684,6.09
478,0.00
790,6.05
795,12.25
809,12.25
259,6.18
252,5.98
552,6.17
922,5.93
83,6.08
711,0.00
944,6.14
876,6.10
853,0.00
678,12.52
57,6.07
887,6.21
783,12.42
39,6.24
801,0.00
492,5.94
693,5.90
640,6.08
207,6.00
517,5.96
358,5.97
625,0.00
120,5.90
775,5.90
360,5.93
266,5.73
575,0.00
945,0.00
441,5.87
689,0.00
14,5.80
38,5.80
331,5.80
474,5.76
960,5.78
943,5.67
733,0.00
381,5.78
457,5.84
344,5.71
624,0.00
403,5.93
537,5.86
540,0.00
248,5.83
856,5.86
909,5.87
30,5.91
424,5.75
773,0.00
232,5.89
629,0.00
69,5.87
44,5.80
245,0.00
789,0.00
648,11.61
498,5.76
845,5.79
335,5.64
71,5.73
478,0.00
438,5.52
949,5.47
956,11.60
479,5.63
523,0.00
124,5.52
488,0.00
548,0.00
988,11.58
78,5.45
33,5.47
748,5.30
216,5.32
993,5.31
90,5.46
302,5.44
57,5.36
496,0.00
536,11.60
477,11.64
926,17.83
880,11.66
394,11.50
276,5.38
562,5.41
627,5.49
536,5.46
340,5.54
336,0.00
635,0.00
359,5.47
797,0.00
780,5.46
723,0.00
657,5.73
667,5.74
939,5.65
765,5.66
978,0.00
976,17.89
55,5.75
276,0.00
741,11.62
442,11.77
707,5.96
434,0.00
517,11.64
27,5.91
918,17.43
106,5.90
660,5.93
421,0.00
509,5.79
889,5.78
857,5.91
940,0.00
43,5.96
30,5.79
170,5.92
226,5.86
225,5.78
707,0.00
463,5.76
837,5.82
199,5.82
724,0.00
519,5.97
108,5.92
369,0.00
778,5.96
738,11.63
18,5.96
302,5.85
559,5.96
112,5.93
515,0.00
792,5.95
267,5.97
961,0.00
494,6.08
337,5.99
207,5.94
324,5.85
397,0.00
319,5.95
911,11.57
388,11.36
169,6.07
177,5.90
797,0.00
87,6.09
649,0.00
460,0.00
192,5.83
961,0.00
567,0.00
331,5.84
742,11.29
516,11.21
187,5.82
987,0.00
919,11.45
856,11.35
223,5.93
124,5.75
593,5.71
966,5.72
32,5.90
982,11.22
39,5.80
203,0.00
245,5.78
536,0.00
847,11.43
905,5.74
126,5.75
808,5.74
120,5.53
71,5.62
662,11.23
693,11.15
377,5.44
50,5.32
45,5.32
907,0.00
522,11.27
286,5.29
170,5.23
696,0.00
701,5.28
627,5.20
729,0.00
311,5.28
225,5.22
537,5.11
250,5.20
859,22.55
904,5.16
771,0.00
715,5.28
588,0.00
918,5.47
174,5.51
685,0.00
656,5.47
601,5.43
165,5.53
848,0.00
713,5.58
458,5.52
349,5.61
430,5.54
370,5.63
852,0.00
902,0.00
739,0.00
332,5.64
571,5.64
598,0.00
513,0.00
917,11.63
910,5.71
139,5.61
131,5.57
664,0.00
689,5.58
42,5.67
942,0.00
833,5.69
532,0.00
846,5.76
193,5.71
857,11.72
89,5.89
279,0.00
59,5.79
678,5.74
525,0.00
16,5.87
634,5.87
691,5.88
702,5.92
709,6.04
366,0.00
697,5.85
972,0.00
712,5.96
748,0.00
559,0.00
989,6.08
955,6.12
84,6.27
414,0.00
304,6.32
394,0.00
192,6.27
962,11.74
845,11.70
914,11.88
310,6.40
168,6.40
158,0.00
867,6.64
376,6.42
500,6.48
932,6.55
596,0.00
989,6.72
25,6.73
186,0.00
313,6.53
261,6.73
43,6.67
145,6.66
691,0.00
968,6.68
600,0.00
762,6.69
343,6.45
782,6.26
455,0.00
898,6.36
197,6.10
217,6.29
905,11.81
79,6.24
517,0.00
7,6.21
396,0.00
770,6.01
272,6.06
906,11.68
286,6.10
573,5.98
377,6.05
376,6.05
555,11.77
156,6.17
884,6.01
932,11.62
896,6.16
578,0.00
658,6.02
325,6.05
648,0.00
189,6.08
115,6.10
970,0.00
453,6.00
626,5.82
527,5.91
638,5.97
156,5.96
672,0.00
496,5.90
38,5.88
380,0.00
235,5.85
895,0.00
798,5.80
132,5.81
28,5.77
578,0.00
156,0.00
123,5.66
29,5.70
397,0.00
745,0.00
583,0.00
375,5.46
131,5.55
977,5.36
32,5.47
962,0.00
263,5.50
970,11.79
770,5.52
688,11.78
512,5.48
271,5.42
546,5.48
202,5.42
973,17.16
84,5.48
944,5.41
627,0.00
217,5.35
362,5.35
751,0.00
980,5.41
985,5.47
616,12.04
923,5.66
86,5.79
122,5.54
857,5.54
77,0.00
928,5.62
831,5.68
392,0.00
353,0.00
323,5.72
352,5.72
883,11.89
836,17.48
269,5.68
534,0.00
463,0.00
787,5.80
178,5.81
316,5.70
296,5.73
659,0.00
4,5.59
613,5.48
247,0.00
760,11.70
581,17.41
500,5.65
99,5.42
825,5.40
676,0.00
564,0.00
739,11.43
971,5.62
458,11.56
348,5.49
183,5.74
978,5.56
142,5.52
507,0.00
130,5.62
851,0.00
622,5.60
642,5.60
401,0.00
190,5.65
292,5.67
118,5.68
283,5.66
827,0.00
275,5.58
448,0.00
282,5.50
115,5.57
399,0.00
943,0.00
946,10.96
380,5.66
889,5.70
338,5.54
275,5.45
165,5.41
566,10.79
52,5.53
772,5.54
802,5.52
251,5.57
956,5.50
378,5.58
498,0.00
157,5.47
818,10.86
166,5.56
570,0.00
304,5.38
998,5.33
497,5.45
164,5.39
216,5.34
692,11.04
198,5.44
819,5.28
348,5.35
362,0.00
967,5.29
382,11.26
872,5.40
18,5.43
625,0.00
370,5.31
258,5.29
948,0.00
987,5.42
859,5.45
614,5.47
629,5.53
966,0.00
831,5.66
990,17.48
671,17.33
224,5.88
525,0.00
274,5.87
597,11.51
896,11.32
596,5.95
68,6.01
91,5.89
150,5.75
116,5.70
902,5.71
3,5.82
104,5.70
547,11.34
305,5.81
380,0.00
828,5.57
868,5.53
516,0.00
503,5.72
885,5.62
636,5.67
598,5.68
634,5.59
838,5.71
969,0.00
733,5.76
321,5.88
143,5.93
910,0.00
544,5.95
319,6.02
512,0.00
557,11.57
70,6.04
974,0.00
351,11.53
819,17.03
878,11.60
993,11.62
414,6.27
340,6.21
534,0.00
776,11.77
361,6.26
637,0.00
709,6.20
877,6.29
500,0.00
145,6.40
512,0.00
106,6.43
634,0.00
391,6.37
528,11.73
305,6.40
883,0.00
669,11.93
805,6.43
864,0.00
110,6.60
862,0.00
641,6.48
302,6.51
851,0.00
246,6.59
651,12.00
895,6.60
154,6.57
131,6.44
887,11.81
383,6.41
815,0.00
388,6.48
115,6.48
418,6.41
766,0.00
19,6.34
474,0.00
835,6.25
303,6.31
321,6.23
32,6.27
606,0.00
930,12.35
660,12.16
228,6.17
73,6.30
44,6.36
226,6.36
544,6.25
676,0.00
235,6.31
495,0.00
442,6.44
976,11.99
265,6.45
438,0.00
346,6.32
156,6.27
340,0.00
749,6.31
365,6.42
909,0.00
46,6.26
131,6.24
606,6.22
958,6.27
846,0.00
312,6.03
79,6.17
854,6.07
769,0.00
879,12.23
683,6.14
148,6.15
52,6.07
998,12.26
367,6.11
213,6.11
75,0.00
578,6.01
272,6.07
213,6.01
967,0.00
827,5.97
586,0.00
296,5.95
888,0.00
351,5.99
330,6.09
229,6.00
166,0.00
393,0.00
952,6.03
267,6.12
191,6.12
133,6.16
959,6.05
862,6.07
246,6.11
264,6.10
424,5.99
18,6.00
454,0.00
469,0.00
665,5.93
140,6.05
676,5.89
831,12.39
832,6.06
238,5.95
794,12.52
437,0.00
574,6.11
564,6.10
703,0.00
827,6.20
421,6.22
658,6.30
313,6.32
301,6.32
472,6.33
235,6.33
325,6.28
251,6.18
179,6.31
564,0.00
752,12.66
834,6.33
812,12.57
445,0.00
870,6.33
497,6.44
160,6.60
903,0.00
65,6.57
948,12.87
604,6.66
785,13.20
95,6.76
572,0.00
478,6.60
673,0.00
872,6.63
695,0.00
498,6.69
171,6.82
703,0.00
342,12.92
752,6.84
745,0.00
330,13.07
795,0.00
304,6.92
194,6.89
953,13.01
190,6.96
377,6.77
161,6.78
927,12.96
559,6.94
356,6.94
459,0.00
800,6.75
902,0.00
739,0.00
746,6.71
308,6.84
29,6.72
181,6.57
806,6.46
60,6.55
260,6.43
526,0.00
626,6.34
707,0.00
286,6.37
576,6.38
313,0.00
253,6.38
184,6.33
219,6.27
288,0.00
565,6.39
534,6.49
732,6.37
382,6.43
192,6.51
369,6.42
93,6.36
779,12.46
848,12.34
981,12.53
117,6.34
344,6.27
610,6.27
575,6.18
98,6.17
610,0.00
207,6.02
897,5.95
181,6.01
941,0.00
386,0.00
502,0.00
297,6.05
38,6.13
209,5.96
921,5.96
123,6.00
427,5.97
864,5.98
402,6.04
275,12.29
453,6.01
78,6.02
346,5.72
782,0.00
284,5.80
579,0.00
256,5.72
431,5.72
268,5.84
575,5.71
118,5.71
218,0.00
313,5.71
461,5.66
247,5.68
945,0.00
765,5.47
119,5.55
431,5.44
141,5.48
33,5.30
349,5.31
298,5.09
81,5.15
123,5.11
949,12.04
697,5.11
73,5.04
242,5.16
262,5.12
802,0.00
34,5.12
779,17.78
669,5.12
951,11.93
210,5.24
308,0.00
666,12.06
241,5.26
717,0.00
925,5.58
243,5.33
430,0.00
576,5.33
955,11.92
681,0.00
26,5.58
391,0.00
179,5.64
745,0.00
893,5.51
765,0.00
818,0.00
325,5.35
941,5.37
332,5.43
836,5.39
578,5.44
391,0.00
687,5.54
736,0.00
749,11.91
498,5.79
181,5.60
116,5.53
783,5.54
661,5.74
850,5.56
563,5.64
243,5.79
945,5.68
16,5.71
407,5.63
744,0.00
57,5.75
972,0.00
5,5.84
466,0.00
320,5.67
200,5.77
225,5.72
818,0.00
365,11.75
375,5.92
781,5.76
889,5.77
59,5.92
539,5.69
929,5.82
814,0.00
15,5.81
346,5.81
903,5.80
519,0.00
991,5.89
882,0.00
484,5.90
256,6.10
913,0.00
129,6.20
711,0.00
300,6.28
178,6.36
346,0.00
927,6.38
368,0.00
641,11.56
425,6.27
236,11.43
352,6.40
464,6.38
234,6.42
553,6.51
891,6.29
494,0.00
805,6.21
994,6.08
995,11.58
126,6.27
872,11.63
764,6.17
102,6.16
263,6.05
959,6.12
782,6.25
14,6.33
619,0.00
734,11.70
645,6.27
196,6.18
783,6.29
719,6.35
11,6.31
318,0.00
492,6.24
202,6.25
307,6.16
37,6.28
869,0.00
930,6.03
593,6.04
144,0.00
760,0.00
617,6.09
764,6.10
316,6.15
475,0.00
734,5.99
815,0.00
281,6.05
795,6.05
574,6.06
644,11.81
170,6.14
466,5.98
852,6.13
270,6.19
234,6.10
422,6.08
675,0.00
720,6.23
106,6.10
959,0.00
344,6.20
504,6.21
752,6.15
692,11.85
923,6.06
342,6.15
561,6.12
161,6.12
819,0.00
440,0.00
361,5.93
960,0.00
664,12.15
998,5.94
152,5.99
20,5.98
618,5.90
533,0.00
396,5.89
514,5.96
909,5.96
1,5.99
312,5.97
733,0.00
876,12.45
865,5.93
949,6.12
121,6.22
822,6.11
990,6.20
516,6.11
464,6.15
49,6.14
754,0.00
803,0.00
444,6.14
889,6.16
976,6.05
993,6.08
566,0.00
259,6.19
113,6.20
851,0.00
920,6.16
444,6.34
36,6.22
155,6.17
201,0.00
459,0.00
76,6.26
374,6.14
963,0.00
470,6.20
700,6.16
411,6.27
409,6.36
434,0.00
814,0.00
970,18.04
714,6.40
260,6.37
267,6.43
568,0.00
266,6.33
619,6.40
779,6.52
775,6.41
199,6.41
853,6.50
349,6.53
622,0.00
398,6.33
56,6.42
493,6.46
388,6.47
14,6.34
611,0.00
942,6.32
220,6.37
377,6.36
795,0.00
852,12.69
793,12.62
632,6.61
720,6.77
813,12.65
80,6.65
914,6.54
792,6.61
674,6.50
271,6.54
520,0.00
37,6.42
993,6.42
313,6.45
170,6.44
677,6.43
61,6.54
765,6.54
668,6.61
348,6.60
961,6.61
161,6.44
767,6.32
120,6.52
332,6.33
495,0.00
967,12.37
276,6.19
547,0.00
632,12.57
226,6.32
228,6.14
481,6.06
564,6.15
493,0.00
599,6.17
436,6.20
98,6.04
560,0.00
868,0.00
977,0.00
818,6.17
709,0.00
921,12.09
367,5.99
13,6.10
545,0.00
403,6.01
273,0.00
22,6.08
802,12.26
22,6.11
201,6.02
780,5.96
401,5.95
364,5.97
668,0.00
490,12.30
311,5.97
829,0.00
466,5.85
192,5.89
144,5.91
344,0.00
496,5.76
710,5.77
405,5.60
37,5.80
507,0.00
146,5.79
407,0.00
440,0.00
912,12.18
797,5.82
228,5.76
946,5.84
978,5.73
159,5.78
62,5.65
331,0.00
688,5.65
55,5.66
981,5.60
108,5.71
559,12.21
669,12.19
610,5.66
30,5.63
102,5.62
931,5.56
768,5.57
11,5.64
146,5.70
643,5.62
868,0.00
54,5.75
112,5.61
139,5.62
158,5.58
50,5.55
550,0.00
996,0.00
902,5.46
874,5.56
735,5.70
114,5.72
131,5.52
662,5.57
533,0.00
315,5.65
652,5.69
558,0.00
75,5.56
642,5.56
418,5.55
827,5.46
175,5.61
894,0.00
714,11.88
492,5.82
223,5.65
63,5.65
304,0.00
56,5.76
22,5.63
329,5.55
549,5.45
621,0.00
479,5.50
212,5.55
374,0.00
670,11.43
402,11.53
783,5.51
694,5.57
632,0.00
24,5.59
239,5.52
6,5.51
935,0.00
447,5.62
419,0.00
879,5.56
162,0.00
624,5.54
910,0.00
391,5.63
249,5.61
267,5.56
347,0.00
378,5.63
629,5.68
144,5.68
507,0.00
634,5.62
453,0.00
395,5.53
305,5.77
864,0.00
795,11.49
481,5.65
352,5.59
930,5.56
771,5.61
176,5.62
923,0.00
287,5.84
223,5.73
675,0.00
382,5.71
227,5.74
792,0.00
525,5.70
197,5.64
334,5.59
649,0.00
553,5.57
472,5.68
976,5.72
74,5.56
234,5.71
438,0.00
114,5.67
940,5.67
49,5.71
359,5.65
456,11.17
134,5.71
231,5.70
623,0.00
602,5.46
301,5.66
428,5.61
909,11.19
264,5.69
235,5.62
656,0.00
316,5.69
4,5.76
833,5.69
875,11.37
870,11.47
228,5.69
237,5.77
903,0.00
202,5.62
550,5.61
283,5.58
577,5.57
14,5.64
54,5.64
768,0.00
72,5.73
806,0.00
56,5.56
709,0.00
91,5.48
168,5.42
77,5.45
83,5.31
51,5.36
128,5.36
664,0.00
948,10.91
388,5.40
324,0.00
21,5.50
92,5.37
552,0.00
536,5.34
556,5.26
99,5.25
893,5.22
257,0.00
330,5.31
475,0.00
876,5.26
411,0.00
138,5.32
64,5.25
629,10.90
91,5.38
552,5.21
248,10.94
943,5.27
64,5.28
912,5.31
186,5.38
753,0.00
920,5.24
383,0.00
541,5.17
886,5.07
87,5.14
719,5.21
248,5.25
652,5.23
767,5.20
781,5.34
276,0.00
750,0.00
185,5.40
397,0.00
133,5.39
213,5.24
167,5.25
4,5.26
775,0.00
288,5.30
40,5.23
554,0.00
935,5.13
983,28.98
102,5.13
481,0.00
998,5.23
54,5.24
930,0.00
753,5.11
586,0.00
845,11.06
745,5.32
148,5.33
829,0.00
53,5.37
546,0.00
594,5.34
484,0.00
242,5.33
907,0.00
185,5.48
622,5.40
51,5.48
43,5.39
829,0.00
888,10.93
379,5.48
211,5.37
897,5.45
33,5.59
221,5.64
968,0.00
438,5.67
692,5.77
539,5.88
332,0.00
656,5.92
589,0.00
456,11.26
4,5.89
142,5.89
114,6.03
166,5.92
559,5.93
397,5.96
985,5.91
842,6.04
305,5.99
790,5.95
87,6.12
523,11.23
573,6.07
124,6.03
968,6.02
778,6.12
2,6.07
328,6.07
817,6.07
725,22.74
971,6.30
860,11.49
707,6.21
461,6.34
107,6.22
335,6.22
155,6.30
728,0.00
893,6.24
20,6.26
611,6.20
967,0.00
60,6.21
259,6.24
636,0.00
10,6.03
352,6.05
254,6.03
36,6.09
743,0.00
306,6.11
428,0.00
829,6.11
101,6.12
559,6.12
192,6.18
698,6.12
508,6.23
79,6.11
123,0.00
186,6.10
828,11.25
942,6.26
215,6.29
493,0.00
133,6.12
678,6.04
913,11.37
255,6.10
669,6.07
271,6.15
638,0.00
237,6.16
926,11.54
861,6.04
627,6.17
77,6.10
856,6.11
955,6.27
82,6.42
372,6.32
622,0.00
646,6.29
434,0.00
259,6.44
492,0.00
118,6.22
307,6.33
8,6.22
508,0.00
21,6.23
738,0.00
65,6.08
237,6.11
805,0.00
13,6.19
987,6.08
793,6.15
501,0.00
242,5.97
767,6.05
491,0.00
489,6.18
903,12.08
645,6.24
260,0.00
274,6.18
390,6.08
816,6.18
582,0.00
833,0.00
910,6.24
260,6.35
849,0.00
382,12.35
486,6.35
633,12.46
512,6.47
86,6.48
233,6.46
656,0.00
380,6.48
898,0.00
535,6.57
802,6.64
981,6.76
57,6.73
450,0.00
678,6.78
338,0.00
218,6.82
1,6.84
346,6.85
962,0.00
378,6.81
112,6.88
865,12.95
176,6.89
475,0.00
887,0.00
739,6.89
959,29.74
340,13.16
766,7.13
160,7.10
430,6.85
839,0.00
682,7.00
989,7.07
480,7.04
141,6.94
416,6.84
298,6.85
767,6.92
203,6.99
431,0.00
900,6.92
374,6.93
953,6.98
453,0.00
611,0.00
408,6.76
64,6.74
688,0.00
100,6.73
807,6.69
833,0.00
518,6.85
95,6.97
745,6.87
214,6.96
269,6.98
536,6.92
975,0.00
196,6.98
179,7.02
794,7.05
448,7.14
535,6.95
249,6.96
393,0.00
712,6.95
286,7.02
451,7.04
787,6.94
481,6.94
232,6.90
463,6.88
354,6.80
877,0.00
392,6.83
22,6.85
911,0.00
574,0.00
257,12.92
862,6.73
679,6.74
312,6.54
822,0.00
781,0.00
361,6.47
175,6.39
175,6.34
84,6.39
4,6.34
734,0.00
638,6.27
578,0.00
584,6.33
815,0.00
634,6.41
312,0.00
468,6.53
48,6.45
575,0.00
819,13.43
414,6.56
352,6.60
476,0.00
916,6.56
194,13.59
523,13.60
845,6.54
196,6.66
375,0.00
281,0.00
914,6.47
555,6.43
549,6.48
792,6.42
918,6.46
290,6.58
142,6.53
66,6.43
261,6.43
499,0.00
997,13.37
192,6.40
855,13.52
977,6.44
927,6.53
999,6.71
374,0.00
456,6.71
912,6.76
342,6.91
866,6.74
430,6.80
988,0.00
67,6.89
94,6.96
906,6.90
66,6.91
456,0.00
964,0.00
125,6.72
890,0.00
778,6.85
123,6.94
963,0.00
600,6.89
300,7.05
699,0.00
716,7.16
81,7.22
931,0.00
242,7.02
802,0.00
450,7.02
507,0.00
883,0.00
649,0.00
256,13.65
251,7.17
703,7.23
854,7.18
13,7.18
152,7.06
666,0.00
482,6.99
103,7.02
738,0.00
517,7.05
994,0.00
111,7.25
30,7.18
226,7.16
86,7.30
441,7.08
529,0.00
37,7.17
128,7.06
203,7.07
519,6.97
283,7.05
562,6.98
504,6.98
665,7.09
57,6.82
554,0.00
562,6.86
963,6.86
187,6.89
525,0.00
679,6.71
98,6.77
393,13.14
586,13.16
863,6.75
207,6.87
282,6.62
32,6.66
208,6.66
584,0.00
740,6.68
593,6.75
943,6.81
899,6.82
668,6.98
839,20.04
608,6.89
315,6.76
409,13.21
82,6.66
682,0.00
129,6.57
294,6.57
814,0.00
749,6.50
576,6.55
228,6.75
989,6.72
435,6.74
966,0.00
604,6.61
962,0.00
723,6.77
650,6.80
527,0.00
413,0.00
708,6.96
608,6.92
363,0.00
702,6.96
70,6.93
193,6.83
828,0.00
404,6.98
944,6.79
692,6.90
615,0.00
611,6.80
218,6.80
951,6.65
310,6.80
297,6.68
447,0.00
660,0.00
697,13.90
304,6.71
611,6.72
356,0.00
506,13.80
614,6.85
688,6.86
355,0.00
97,6.79
633,6.71
732,0.00
216,6.65
925,0.00
602,6.69
546,0.00
67,6.73
994,6.72
220,0.00
885,6.91
326,6.87
287,6.85
642,7.05
110,7.03
57,7.01
818,0.00
540,7.02
744,13.89
618,7.10
870,14.04
305,7.16
543,0.00
460,7.24
871,0.00
176,7.33
237,7.33
377,0.00
664,0.00
14,7.22
801,0.00
327,7.16
967,7.06
879,13.81
300,7.16
429,7.16
31,7.02
768,6.94
981,0.00
511,7.02
725,0.00
325,0.00
88,6.79
398,0.00
537,6.77
744,6.82
308,6.69
972,0.00
238,6.66
281,6.58
973,13.44
269,6.66
43,6.54
193,6.55
724,0.00
356,6.46
186,6.47
164,6.56
125,6.38
45,0.00
819,6.34
1,6.35
665,0.00
990,13.01
215,6.39
509,0.00
250,6.50
808,13.09
512,6.54
754,6.60
301,6.50
547,6.58
271,6.77
10,6.62
517,0.00
256,6.57
486,13.38
293,6.67
967,6.65
474,6.84
882,6.70
118,6.68
531,0.00
915,6.64
872,0.00
675,6.67
46,6.81
615,0.00
993,6.82
949,6.82
612,6.72
927,34.35
602,0.00
922,20.82
478,6.86
850,7.04
302,6.93
892,6.81
467,0.00
656,6.82
394,6.91
30,6.91
905,14.21
642,7.15
836,7.29
336,7.15
674,0.00
604,7.29
313,7.31
888,0.00
960,34.50
604,7.45
187,7.32
394,7.10
92,7.22
667,0.00
444,7.26
916,7.21
171,7.33
744,0.00
747,7.39
105,7.53
417,7.34
951,7.43
551,0.00
620,7.30
581,7.40
711,7.41
656,7.21
11,7.21
751,0.00
585,7.20
700,0.00
842,7.32
122,7.35
629,7.40
769,13.81
175,13.90
427,7.51
132,0.00
557,0.00
726,0.00
598,13.74
559,7.36
585,7.45
618,13.91
986,13.80
131,7.51
266,7.16
559,7.23
74,7.23
775,7.25
452,7.26
380,0.00
282,7.12
50,6.94
466,0.00
608,6.94
291,7.04
608,6.99
249,7.09
308,6.99
361,0.00
34,6.98
151,6.75
529,0.00
999,0.00
769,13.71
536,0.00
828,6.77
456,6.78
609,6.87
919,13.96
656,7.03
734,6.91
378,6.97
95,6.98
340,0.00
359,6.90
989,7.01
367,7.05
183,6.97
159,6.94
266,6.84
91,6.90
151,6.79
261,6.70
200,6.57
979,6.57
114,6.66
737,0.00
800,6.55
441,0.00
818,0.00
584,14.09
778,6.64
184,0.00
375,13.92
677,6.81
514,6.83
110,6.65
483,0.00
343,6.60
718,0.00
43,6.61
221,6.48
118,6.52
130,6.42
877,0.00
724,13.74
167,6.53
305,6.47
549,6.41
760,6.48
981,6.49
4,6.32
546,6.73
90,6.49
958,6.49
960,0.00
217,6.57
951,6.52
302,6.61
170,6.42
265,6.42
808,0.00
493,6.46
44,6.50
867,0.00
502,6.37
682,6.47
466,6.49
7,6.39
769,0.00
655,6.36
549,0.00
379,6.32
768,6.48
793,6.37
763,6.47
67,6.39
25,6.38
161,6.32
317,6.32
231,6.47
21,6.37
2,6.38
467,6.43
608,0.00
3,6.36
907,13.05
129,6.37
340,6.43
970,0.00
451,6.09
41,6.15
729,13.03
799,6.02
349,0.00
642,0.00
951,6.21
694,6.36
384,6.27
56,6.32
201,6.42
137,6.48
950,6.49
114,6.68
360,0.00
549,6.59
127,6.59
877,6.48
272,6.70
91,6.56
677,6.47
10,6.56
533,0.00
402,6.47
412,6.59
976,20.52
794,13.36
835,6.76
242,6.76
396,6.78
111,6.93
305,6.82
245,6.83
800,6.84
809,0.00
4,6.89
812,0.00
58,6.83
431,0.00
706,6.84
884,6.85
735,0.00
939,0.00
556,6.93
568,0.00
754,0.00
597,6.83
56,6.87
326,6.87
914,20.69
10,7.02
640,0.00
285,6.87
872,0.00
709,6.85
393,6.95
1000,6.96
434,6.81
358,6.75
140,6.92
982,13.29
724,13.28
369,0.00
562,6.87
728,0.00
191,6.89
501,6.85
268,6.91
850,6.75
556,0.00
933,7.02
421,7.01
387,7.01
713,0.00
630,7.12
211,6.95
661,0.00
53,6.74
963,6.80
861,34.19
35,6.87
364,7.09
925,6.80
629,0.00
347,6.56
328,6.46
133,6.37
607,0.00
106,6.32
366,0.00
925,0.00
354,6.36
819,6.40
397,0.00
717,6.28
564,6.21
808,19.49
211,6.26
711,0.00
273,13.11
961,6.05
537,6.07
336,6.03
251,6.11
200,6.16
174,6.12
331,0.00
297,6.03
869,0.00
810,6.06
293,6.19
337,6.27
372,0.00
801,6.26
481,26.90
852,6.37
927,6.39
293,6.46
955,6.23
650,6.36
3,6.39
913,0.00
774,6.24
397,0.00
813,6.42
46,6.44
33,6.34
238,6.38
953,6.28
365,0.00
743,6.28
510,6.29
438,13.02
608,6.35
233,6.27
970,0.00
547,13.37
616,6.41
936,13.41
825,6.32
69,6.52
719,0.00
967,6.56
983,0.00
188,6.45
429,0.00
830,6.48
8,6.46
170,6.55
108,6.45
346,6.45
518,0.00
616,13.39
556,0.00
831,13.49
766,0.00
988,6.63
907,19.83
458,6.54
702,6.70
678,0.00
912,13.39
730,6.82
218,6.84
302,6.95
36,6.89
818,0.00
341,6.85
835,0.00
461,6.85
679,6.94
894,6.95
674,6.87
960,6.88
17,7.03
14,6.79
884,6.88
577,6.93
23,7.06
822,0.00
257,6.98
341,6.99
35,7.03
775,0.00
391,7.06
887,0.00
215,6.92
618,0.00
542,0.00
967,13.39
964,7.12
347,7.13
589,0.00
568,7.01
660,0.00
664,7.13
716,0.00
77,7.26
674,7.25
162,7.29
326,7.25
419,7.26
401,0.00
873,7.50
832,0.00
489,7.50
5,7.57
933,7.45
562,7.53
119,7.27
695,0.00
665,7.50
669,13.78
782,7.37
720,7.52
921,7.34
438,7.41
496,0.00
668,14.08
811,7.59
460,7.44
90,7.60
968,0.00
478,7.63
967,7.55
795,7.64
566,7.74
204,7.78
715,0.00
575,7.62
829,0.00
229,7.50
813,0.00
390,14.30
315,7.59
856,7.63
68,7.66
996,0.00
768,7.57
731,7.67
305,7.65
568,0.00
775,7.59
820,0.00
280,7.70
341,7.79
975,7.63
568,7.64
757,14.46
877,14.45
214,7.66
947,7.67
1000,0.00
636,7.72
17,7.76
758,7.48
893,7.58
919,7.59
591,0.00
792,7.81
20,7.82
836,0.00
776,7.72
932,7.61
690,7.71
214,7.78
471,14.59
681,7.80
48,7.56
256,0.00
625,7.64
517,7.65
365,0.00
332,7.49
182,7.57
289,7.32
22,7.30
229,7.39
308,7.38
827,0.00
561,0.00
829,7.18
316,7.26
268,7.38
809,0.00
83,7.43
987,14.90
921,14.85
332,7.42
316,7.25
220,7.21
669,7.29
871,7.29
820,7.19
936,7.24
72,7.08
27,7.23
260,7.08
806,0.00
382,7.00
975,0.00
855,6.89
476,6.92
469,6.75
861,6.76
520,6.87
653,6.78
335,0.00
999,6.87
837,21.38
800,6.96
114,6.99
530,6.87
950,27.91
860,21.37
260,6.98
813,7.04
536,0.00
27,7.01
915,0.00
429,6.94
317,6.93
169,6.94
655,6.98
578,6.99
309,7.01
748,21.43
130,6.88
795,6.86
158,6.90
867,6.93
418,6.98
686,14.63
224,6.96
348,6.88
633,0.00
508,6.87
83,6.90
470,6.82
944,6.64
65,6.69
493,0.00
255,6.75
604,0.00
557,0.00
127,6.52
637,6.41
443,6.46
39,6.50
745,6.30
167,0.00
512,6.49
738,6.60
16,6.68
169,6.67
35,6.69
100,6.55
835,13.96
732,6.67
327,6.73
360,6.54
125,6.54
107,6.48
788,6.35
301,0.00
950,0.00
886,13.83
996,13.76
183,6.51
302,6.51
253,6.57
750,6.63
311,6.71
63,6.65
673,0.00
809,6.72
954,6.63
500,6.77
732,6.91
920,6.91
197,6.86
730,13.98
991,6.98
824,6.98
536,0.00
978,6.93
237,7.04
411,0.00
291,6.88
660,6.90
230,6.99
974,0.00
866,6.84
836,21.49
321,6.93
714,6.77
573,0.00
830,6.86
929,0.00
862,6.89
674,7.01
630,7.10
123,7.13
25,7.09
36,7.04
808,0.00
934,13.83
62,6.98
894,13.87
699,6.96
176,6.83
22,6.79
816,6.79
20,6.88
953,6.77
457,6.82
704,0.00
579,6.69
261,6.86
862,6.81
972,0.00
730,6.93
318,6.96
279,6.89
134,6.90
436,0.00
655,6.90
628,6.97
301,0.00
617,6.90
65,6.72
999,0.00
376,6.79
335,0.00
991,0.00
117,6.76
803,0.00
931,6.82
500,0.00
51,7.07
534,0.00
926,13.30
714,7.06
741,0.00
117,6.92
787,7.01
734,7.11
573,0.00
614,0.00
424,0.00
240,6.71
296,6.72
693,0.00
50,6.71
780,13.33
501,6.56
274,0.00
392,13.32
751,6.66
279,6.72
65,6.51
444,6.53
774,27.88
291,6.58
815,6.62
391,6.39
891,6.27
892,13.39
841,6.34
575,13.14
251,6.33
759,0.00
114,6.30
271,6.47
954,6.40
256,6.44
858,13.11
590,6.31
70,6.18
507,0.00
615,6.14
824,0.00
475,0.00
936,0.00
284,6.18
219,6.13
575,0.00
468,0.00
438,6.23
656,0.00
710,6.24
370,6.27
456,6.10
5,6.11
265,0.00
153,6.30
26,6.21
258,0.00
998,6.28
205,6.32
746,0.00
349,6.35
859,12.98
832,6.23
12,6.25
478,6.28
493,0.00
628,6.15
418,0.00
727,6.28
524,6.35
420,6.40
804,6.36
383,6.32
685,6.25
647,0.00
238,6.54
197,6.47
474,6.51
888,0.00
881,6.52
576,0.00
311,6.57
384,6.38
742,0.00
42,6.42
169,6.43
39,6.40
118,6.31
643,6.22
839,12.99
468,6.26
295,6.27
662,6.24
399,6.22
425,6.18
749,6.17
472,0.00
129,6.14
553,6.12
309,6.09
707,0.00
927,6.19
538,6.20
410,6.25
165,6.12
779,6.14
595,6.29
501,6.20
400,6.18
253,12.58
111,6.14
628,6.12
656,6.13
148,6.17
432,0.00
190,6.06
443,0.00
947,6.06
188,6.07
200,0.00
883,26.14
931,6.12
442,6.11
40,6.15
322,6.05
116,5.96
657,0.00
909,6.01
955,0.00
586,6.05
665,0.00
402,5.96
131,6.02
51,5.99
908,5.98
816,5.99
680,6.04
128,6.11
750,0.00
266,6.06
648,0.00
214,12.43
502,6.21
521,0.00
691,6.16
14,6.20
262,6.19
632,6.06
229,6.38
587,0.00
298,12.73
530,6.42
967,6.51
300,6.34
291,0.00
246,6.43
565,0.00
981,6.32
940,12.92
69,6.39
383,0.00
686,6.48
605,6.51
610,6.49
333,6.57
183,6.44
928,0.00
965,6.63
583,0.00
834,6.80
463,13.22
858,7.02
295,6.99
901,0.00
860,7.11
921,7.23
59,7.24
756,0.00
456,7.21
315,7.25
725,7.24
490,7.22
883,7.19
847,7.28
843,7.42
101,7.25
355,7.30
69,7.32
666,0.00
984,13.61
596,0.00
231,7.36
834,0.00
271,7.36
297,7.45
247,7.38
412,7.39
710,7.35
734,0.00
462,7.55
649,13.48
835,13.47
19,7.64
932,0.00
71,7.53
311,7.61
612,0.00
264,7.55
716,0.00
521,13.52
765,13.62
337,7.69
821,7.63
427,7.71
130,7.50
301,7.50
543,7.53
218,7.55
828,7.47
592,0.00
621,7.49
253,7.57
383,0.00
704,7.62
361,7.67
112,7.50
547,0.00
935,7.58
693,0.00
638,7.52
377,7.55
436,7.32
744,7.35
180,7.40
338,7.28
58,7.31
736,7.22
410,0.00
167,0.00
899,7.24
479,0.00
527,13.46
728,7.31
306,13.70
606,7.19
643,0.00
742,0.00
854,0.00
502,13.51
886,7.12
290,7.07
348,7.00
819,0.00
763,13.84
422,6.81
886,0.00
796,13.83
389,6.86
730,13.98
275,6.87
383,6.77
684,0.00
461,6.73
693,6.77
803,6.96
490,0.00
458,6.95
321,6.82
274,0.00
134,6.88
595,6.92
969,6.92
415,6.98
475,6.79
885,6.79
739,0.00
291,14.20
872,6.93
910,6.99
202,6.87
754,6.94
813,0.00
407,6.96
996,0.00
725,6.80
985,0.00
130,6.88
894,6.83
635,0.00
904,0.00
975,14.41
677,6.95
379,6.85
788,6.89
837,7.09
53,7.09
211,0.00
129,7.18
867,0.00
144,14.58
258,7.11
143,7.06
139,6.95
27,7.03
712,6.80
714,6.82
474,0.00
848,6.88
417,6.86
754,14.42
292,6.90
977,0.00
243,7.01
27,7.00
353,7.03
177,6.92
670,6.84
123,6.84
493,0.00
571,14.15
122,6.85
819,0.00
467,0.00
8,6.72
485,0.00
750,13.90
497,6.68
948,6.76
312,6.89
348,6.93
731,13.77
866,6.87
666,6.92
221,6.92
908,13.83
424,6.93
250,7.06
109,6.93
626,0.00
365,6.86
456,0.00
461,6.86
957,6.85
99,6.89
15,6.95
640,6.81
734,6.85
766,6.94
720,0.00
490,6.98
369,6.84
621,6.94
558,6.94
46,6.83
23,6.80
663,6.75
532,6.76
569,6.64
806,6.56
760,0.00
973,6.76
911,13.53
655,6.80
229,6.90
320,6.63
175,6.72
530,6.63
843,0.00
762,0.00
792,6.61
282,6.62
743,0.00
821,6.48
111,6.41
400,0.00
349,6.47
427,0.00
960,6.50
978,6.55
374,0.00
904,6.51
413,6.64
413,6.59
355,6.63
36,6.56
865,6.49
755,0.00
317,6.54
137,6.55
159,6.55
550,0.00
912,6.55
331,6.69
961,6.72
282,6.59
97,6.60
334,6.59
416,6.65
981,6.57
140,6.57
860,6.43
687,6.37
2,6.40
606,0.00
666,13.25
200,6.33
84,6.24
636,6.03
556,13.19
930,6.18
541,6.27
973,0.00
268,6.06
548,6.20
731,0.00
641,6.18
910,6.14
684,6.27
275,6.24
281,6.25
473,6.15
825,0.00
120,6.06
437,6.17
597,0.00
265,6.05
733,12.88
427,12.96
967,6.16
732,6.06
521,6.18
910,6.21
875,6.23
361,6.32
81,6.31
353,6.35
181,6.17
902,12.86
722,0.00
512,19.57
829,19.63
123,6.12
733,0.00
850,6.21
446,0.00
856,6.41
356,6.46
129,6.40
881,6.27
462,6.45
748,6.31
479,6.31
822,6.36
6,6.37
164,6.35
160,6.38
500,0.00
632,6.18
784,6.18
672,6.16
545,6.34
712,6.35
113,6.17
524,0.00
372,6.08
375,6.15
331,6.27
288,6.12
85,6.07
265,0.00
224,6.06
252,6.09
782,6.16
735,19.56
805,12.76
383,6.31
352,6.10
109,6.21
853,6.21
445,6.22
523,12.89
993,6.23
602,0.00
752,6.17
335,6.16
803,0.00
515,6.35
517,0.00
910,0.00
342,6.42
727,6.35
526,0.00
368,6.48
29,6.51
643,6.35
103,0.00
965,19.42
118,6.42
581,6.35
109,6.21
789,6.13
430,0.00
600,6.22
508,6.21
84,6.31
721,6.30
44,6.38
460,6.21
869,0.00
750,6.36
937,0.00
920,6.37
218,6.37
744,12.33
730,6.29
919,12.50
753,0.00
396,6.31
541,0.00
479,6.31
998,12.48
998,6.29
322,6.21
288,6.16
733,0.00
298,6.20
751,6.20
714,6.31
697,6.33
163,6.32
734,0.00
904,12.73
1,6.37
184,6.44
164,6.53
27,6.51
546,6.59
849,0.00
263,6.58
110,6.69
542,6.51
853,6.60
668,6.62
854,6.78
175,6.71
353,6.80
20,6.69
794,6.70
672,0.00
81,6.86
321,6.78
610,0.00
959,6.77
894,6.75
820,12.92
4,6.82
632,13.06
972,13.16
120,6.73
339,6.77
430,6.77
416,6.80
315,6.73
898,6.82
284,6.83
32,6.85
81,6.66
96,6.66
235,0.00
539,0.00
387,6.59
632,6.57
569,0.00
453,6.68
689,13.06
834,6.76
22,6.75
355,6.77
759,0.00
235,6.76
992,0.00
19,6.82
928,0.00
91,6.86
99,6.81
826,0.00
111,0.00
530,6.86
497,6.84
558,0.00
317,6.70
972,6.76
907,6.83
526,0.00
820,13.24
558,13.16
200,6.87
319,6.89
630,6.71
702,6.77
770,6.94
735,0.00
987,13.16
617,7.09
880,0.00
277,0.00
818,6.82
38,6.91
320,6.78
565,6.80
104,6.64
750,0.00
388,6.65
307,6.49
855,0.00
451,6.41
107,6.60
704,0.00
711,0.00
503,6.50
709,6.50
59,6.43
824,6.47
779,6.48
487,6.41
133,6.58
890,6.39
733,6.50
821,6.58
898,6.45
527,6.52
353,6.59
997,6.61
102,6.72
384,13.36
778,13.41
250,6.44
446,6.49
697,0.00
902,13.30
324,6.49
237,6.38
213,6.58
504,0.00
557,0.00
131,6.38
625,6.26
996,6.36
745,6.49
678,6.53
129,6.55
410,6.46
765,0.00
466,0.00
568,13.25
373,6.34
29,6.32
449,6.33
738,0.00
357,6.30
117,6.41
691,6.30
722,0.00
344,6.33
322,6.28
888,0.00
170,6.35
993,6.37
829,6.38
454,0.00
87,6.34
420,13.27
25,6.41
947,6.30
139,6.31
45,6.31
968,6.15
411,6.24
388,6.15
194,6.16
859,13.29
741,6.17
6,6.24
880,13.07
462,6.18
265,6.12
143,6.18
494,0.00
767,6.18
951,19.28
404,6.25
335,6.19
662,12.75
150,6.35
336,6.13
290,6.26
545,0.00
387,6.05
293,6.05
304,5.97
483,5.94
18,6.02
692,0.00
745,0.00
788,0.00
931,12.54
878,5.95
106,5.84
686,0.00
690,5.72
500,5.76
792,0.00
881,12.52
486,5.95
80,5.96
363,5.88
534,5.89
72,5.89
645,12.39
160,6.02
550,5.82
995,5.92
523,6.08
91,6.01
22,6.04
413,12.30
547,5.98
766,6.03
418,5.87
964,5.94
346,5.95
266,0.00
268,5.99
55,6.03
537,0.00
366,6.03
405,6.03
813,6.13
26,6.07
316,6.21
362,6.19
317,6.10
158,6.16
756,0.00
1000,12.61
984,6.33
788,6.41
68,6.45
370,6.36
718,6.40
84,6.42
308,0.00
191,6.38
279,6.32
558,0.00
226,6.41
166,6.34
279,6.53
911,6.55
248,0.00
546,6.68
325,6.53
6,6.44
865,0.00
966,6.52
295,6.70
869,0.00
560,6.53
484,6.65
361,6.70
894,0.00
76,6.63
142,12.81
385,12.83
401,6.69
484,0.00
878,6.53
433,6.53
355,6.52
598,6.55
495,0.00
290,6.77
373,6.87
61,6.88
291,6.70
469,0.00
199,0.00
966,6.60
973,19.34
111,6.79
788,12.81
590,6.94
769,6.86
203,6.87
678,0.00
872,6.83
517,6.90
856,0.00
379,12.78
394,0.00
528,6.91
517,0.00
422,7.00
89,7.01
189,7.06
900,6.95
156,7.07
581,0.00
318,6.86
508,0.00
631,0.00
236,7.06
567,7.05
557,7.06
120,6.93
145,6.78
172,6.82
539,0.00
471,6.71
576,0.00
608,12.85
139,6.72
8,6.58
220,6.56
698,6.48
35,6.66
797,0.00
174,0.00
741,12.81
556,6.42
30,6.49
492,6.25
500,6.20
138,0.00
704,6.27
246,6.41
343,6.30
613,6.29
335,6.37
901,6.33
495,6.43
806,6.21
793,12.82
522,6.24
552,6.24
968,18.99
256,6.37
170,0.00
715,6.36
101,6.24
545,0.00
486,6.15
517,6.23
709,6.24
431,6.32
337,6.39
227,6.25
797,0.00
158,6.31
726,6.35
732,0.00
460,0.00
760,6.26
249,6.34
178,6.24
791,0.00
801,6.09
419,6.02
823,6.19
115,0.00
338,6.24
335,6.02
647,0.00
885,0.00
300,5.94
753,5.87
962,12.81
905,5.99
279,5.96
138,5.92
573,0.00
511,5.81
442,0.00
37,5.85
580,0.00
27,5.93
136,5.93
708,5.83
58,5.84
338,0.00
79,5.95
284,5.96
172,0.00
235,5.73
203,5.76
695,12.58
738,5.79
953,5.83
44,5.65
174,5.70
704,5.69
930,5.77
693,0.00
750,0.00
560,5.64
176,5.71
882,0.00
837,0.00
578,5.96
944,5.93
8,0.00
44,6.07
579,0.00
258,5.79
300,5.80
807,12.11
759,5.93
85,5.78
535,5.86
417,5.87
790,5.82
841,0.00
576,5.95
812,5.92
117,0.00
878,18.75
347,5.83
646,0.00
693,5.86
456,5.94
145,5.87
264,5.80
969,5.80
431,0.00
38,5.82
790,12.21
980,5.94
236,5.83
643,0.00
853,5.98
327,6.10
7,5.98
337,5.96
590,0.00
57,6.00
282,6.01
484,5.83
768,12.07
184,6.02
448,5.87
433,5.94
725,5.93
538,0.00
536,11.99
829,6.09
560,6.25
55,6.25
426,0.00
782,12.18
81,6.31
705,0.00
919,12.29
526,0.00
4,6.34
122,6.44
868,6.29
543,0.00
211,6.35
812,6.38
564,6.45
458,0.00
327,6.39
59,6.38
681,6.48
55,6.54
56,6.51
933,0.00
631,12.36
963,6.57
934,6.74
328,12.44
869,6.89
74,6.83
795,0.00
812,12.48
223,6.85
997,6.87
755,0.00
715,0.00
118,7.01
419,0.00
475,6.79
664,6.81
445,0.00
52,6.69
996,6.77
257,6.86
6,6.83
246,6.68
607,0.00
170,6.64
661,0.00
713,6.76
229,6.66
157,0.00
165,6.78
112,6.62
52,6.52
142,6.55
483,6.45
727,6.46
650,6.32
10,6.55
696,0.00
913,6.47
83,6.49
291,6.49
197,6.49
141,6.55
389,6.44
380,0.00
21,6.28
804,12.24
252,6.29
569,0.00
5,6.16
522,0.00
783,6.24
131,6.37
456,6.25
698,0.00
658,0.00
789,0.00
707,0.00
824,6.30
231,6.33
374,0.00
31,6.25
780,0.00
84,6.04
858,0.00
34,6.01
396,5.88
849,0.00
139,5.73
871,12.21
688,5.82
613,5.64
749,0.00
225,5.70
294,5.73
102,5.67
629,5.72
760,5.74
602,5.62
111,5.62
832,5.57
504,5.57
766,5.69
494,12.23
773,5.75
231,0.00
118,5.48
356,5.56
532,0.00
822,5.51
253,5.45
112,5.31
950,12.16
87,5.45
174,5.24
732,0.00
475,5.35
402,5.32
911,0.00
675,5.44
791,0.00
857,12.38
873,12.49
827,5.53
18,5.62
46,5.61
157,5.65
111,5.61
672,5.52
378,0.00
79,5.61
217,5.60
262,5.60
98,5.64
633,0.00
772,5.67
945,5.68
614,5.55
845,5.55
157,5.67
128,5.56
666,5.55
158,5.72
985,0.00
386,5.74
123,5.74
72,5.73
372,5.72
519,5.59
271,5.64
940,0.00
919,5.53
367,5.51
112,5.45
641,0.00
680,5.48
703,5.53
725,0.00
340,5.49
450,5.49
961,5.51
281,0.00
965,17.94
467,5.49
49,5.68
98,5.57
707,0.00
381,5.62
869,5.63
474,5.73
64,5.60
497,5.73
872,5.70
870,5.87
392,5.88
636,0.00
40,5.84
71,5.85
462,5.80
690,5.79
777,5.84
961,0.00
665,0.00
379,11.47
49,5.94
984,0.00
132,5.80
246,5.84
885,5.77
529,5.72
346,5.79
70,5.70
855,0.00
896,5.64
610,5.72
433,11.03
122,5.59
119,0.00
31,5.65
775,0.00
757,5.48
832,0.00
116,5.44
446,0.00
788,5.61
635,5.70
105,5.71
442,5.68
380,5.76
264,5.56
54,5.56
261,0.00
58,5.57
65,5.58
154,5.52
512,0.00
748,5.53
86,5.61
758,5.56
420,5.60
143,5.51
142,5.50
376,0.00
333,5.47
540,0.00
597,5.42
71,5.43
55,5.43
736,0.00
913,11.36
678,5.53
900,11.59
398,5.73
426,5.85
949,0.00
161,5.97
704,5.95
565,0.00
648,5.99
441,6.00
859,6.17
541,6.15
636,0.00
15,6.23
892,6.18
653,6.25
387,6.06
151,6.06
113,6.19
576,0.00
108,6.32
940,0.00
354,6.26
883,0.00
922,17.65
775,12.23
867,6.17
389,0.00
731,6.19
429,0.00
406,6.39
221,6.50
735,12.22
211,6.52
467,0.00
502,12.31
381,6.45
4,6.39
150,6.31
154,6.36
159,6.37
996,0.00
998,6.37
684,0.00
611,6.44
937,6.62
29,6.71
761,6.73
821,6.70
51,6.77
554,6.75
21,6.85
738,6.78
766,12.35
514,6.81
24,6.90
237,6.85
140,6.66
226,6.71
395,6.60
851,0.00
94,6.76
798,0.00
232,6.55
435,0.00
163,6.60
813,6.52
920,6.61
613,6.57
778,6.71
804,6.84
495,0.00
770,7.08
16,7.12
850,0.00
322,7.08
512,7.07
66,6.95
873,6.99
752,7.17
290,7.04
164,0.00
556,0.00
858,7.19
191,7.21
403,0.00
302,0.00
675,0.00
858,12.84
279,6.97
473,6.95
892,6.94
397,0.00
824,6.96
952,7.04
267,6.84
637,0.00
800,0.00
930,6.84
332,6.96
500,7.07
252,6.94
900,0.00
956,6.93
112,7.09
473,7.00
466,0.00
619,6.99
767,7.06
930,0.00
357,7.00
958,0.00
426,13.33
225,7.14
35,7.05
932,0.00
341,6.93
358,6.88
485,6.87
223,7.08
168,6.96
569,0.00
149,6.92
711,0.00
646,6.93
864,7.01
999,31.70
402,7.13
340,6.80
472,6.78
46,6.76
496,0.00
127,6.76
911,6.63
95,6.73
588,0.00
910,6.70
773,6.79
676,13.57
835,6.92
339,6.88
525,6.88
363,0.00
764,13.54
148,6.84
53,6.77
55,6.78
850,6.78
106,6.78
760,0.00
134,6.80
72,6.66
223,6.53
832,0.00
230,6.42
79,6.45
247,6.39
424,6.39
534,0.00
526,6.53
826,6.36
493,13.42
115,6.47
660,0.00
93,6.35
837,6.33
895,6.37
225,6.26
254,6.42
68,13.20
880,6.38
760,6.25
414,6.29
939,6.29
785,13.25
585,0.00
397,6.40
939,6.36
698,6.37
422,6.44
634,0.00
944,6.54
938,0.00
537,6.40
15,6.39
583,6.39
940,6.50
333,6.28
185,6.28
363,0.00
336,6.42
450,6.37
816,13.33
320,6.13
333,6.28
384,6.25
724,0.00
198,6.16
116,6.21
573,0.00
831,6.20
940,0.00
282,6.23
573,0.00
849,6.25
819,6.27
495,6.28
239,6.39
276,6.35
923,6.27
972,6.44
332,6.48
700,6.49
169,6.63
200,6.61
627,0.00
128,6.49
838,6.50
652,13.31
436,6.38
870,6.60
838,6.46
526,6.55
501,6.62
752,6.60
825,6.63
326,6.75
996,6.92
14,6.84
435,6.86
113,6.79
578,6.69
654,6.81
72,6.91
960,0.00
512,0.00
919,13.29
217,6.93
273,6.83
780,6.94
267,7.04
112,6.86
821,0.00
135,6.93
250,6.95
65,6.86
613,0.00
911,6.85
650,6.95
220,6.88
758,6.80
639,6.85
922,13.43
232,6.97
709,6.81
682,0.00
505,6.79
992,6.75
53,6.76
821,6.69
9,6.84
128,6.61
21,6.63
200,6.74
629,6.65
896,6.73
844,6.59
362,6.66
652,0.00
291,12.96
623,6.70
743,0.00
544,6.80
776,6.67
567,0.00
78,6.72
161,6.63
610,6.64
639,6.75
393,0.00
697,12.82
320,0.00
567,6.71
876,6.64
160,6.65
226,6.62
774,0.00
861,12.93
795,6.61
983,12.94
58,6.50
179,6.43
530,0.00
453,6.39
272,6.34
282,6.36
166,6.36
611,0.00
909,6.35
732,13.06
754,12.89
931,6.49
443,13.02
660,6.56
103,6.62
986,6.60
138,6.73
508,0.00
310,6.59
222,6.51
518,0.00
809,13.07
3,6.45
587,0.00
676,0.00
532,0.00
339,6.37
341,6.44
215,6.35
905,0.00
37,6.27
360,6.35
692,13.23
230,6.40
772,6.27
130,6.27
979,0.00
373,6.29
158,6.30
610,0.00
905,6.07
309,6.29
79,6.04
975,0.00
500,0.00
662,6.05
319,6.06
564,6.06
13,6.17
656,0.00
414,6.05
235,5.97
554,5.97
462,0.00
234,5.97
694,0.00
416,5.95
366,0.00
644,6.13
720,5.91
716,0.00
576,6.02
917,5.98
315,6.06
763,6.02
374,6.15
548,5.96
871,0.00
327,6.10
954,18.92
975,12.60
277,6.01
275,5.93
369,6.04
953,5.93
703,6.05
539,6.08
134,6.07
584,0.00
736,6.09
582,6.01
514,0.00
847,6.00
337,6.14
879,0.00
343,6.19
748,0.00
194,6.17
244,12.70
930,12.48
104,6.20
227,6.17
150,6.04
843,0.00
142,6.04
960,5.92
534,0.00
511,5.98
813,6.03
392,12.34
308,6.27
512,6.05
103,6.19
443,6.16
179,0.00
716,0.00
612,6.20
3,6.35
744,6.27
257,6.33
386,6.33
863,0.00
567,0.00
805,6.36
17,6.41
329,6.41
980,6.32
160,6.48
570,6.38
336,0.00
402,6.50
55,6.58
346,6.52
293,6.53
254,6.55
857,0.00
803,6.60
61,6.73
973,0.00
81,6.79
137,6.69
365,6.69
219,0.00
888,6.61
21,6.65
896,6.71
560,0.00
797,6.60
565,6.56
885,0.00
450,6.63
743,0.00
770,12.69
125,6.77
27,0.00
833,6.65
526,0.00
853,6.56
756,6.71
986,12.77
801,6.80
120,6.90
403,6.69
696,0.00
472,6.73
567,6.79
15,6.87
530,0.00
188,6.68
906,0.00
984,6.74
951,25.96
211,6.91
667,6.78
515,0.00
673,6.68
989,6.78
185,6.75
939,0.00
504,6.88
784,6.81
617,6.80
471,6.81
11,6.72
346,6.67
688,0.00
503,0.00
906,6.60
735,6.45
329,6.56
615,0.00
168,6.41
1,6.32
313,6.38
606,6.42
161,6.46
366,6.46
958,12.64
289,6.48
767,12.66
988,6.43
342,6.41
157,6.53
845,0.00
89,6.34
204,6.33
157,6.38
617,6.36
179,6.37
891,0.00
935,6.08
828,0.00
464,0.00
725,0.00
924,13.00
547,6.48
293,6.60
877,6.52
474,13.12
796,6.60
535,0.00
782,6.57
524,6.70
353,6.50
315,6.56
904,6.47
128,6.59
511,6.56
397,6.46
174,0.00
780,6.55
453,6.65
834,6.54
433,6.47
421,13.11
991,19.24
33,6.42
257,6.45
865,6.45
747,0.00
888,13.30
979,13.21
319,6.69
705,6.44
415,6.57
557,0.00
884,13.40
413,6.67
98,0.00
274,13.47
251,6.68
773,6.46
267,6.64
746,6.70
120,6.76
999,6.60
67,6.61
169,6.51
275,6.63
322,6.51
702,13.26
574,13.28
469,6.53
197,6.57
786,13.27
850,6.53
455,6.54
317,6.56
274,6.63
742,0.00
570,6.56
94,6.67
3,6.46
536,0.00
379,6.47
384,6.55
138,6.48
207,6.41
278,6.47
80,6.39
513,0.00
560,6.48
865,6.55
70,6.45
73,6.39
488,0.00
981,6.21
635,0.00
844,6.18
32,6.27
351,6.32
898,0.00
759,6.43
946,6.44
439,6.52
569,12.52
958,12.59
603,6.54
236,6.39
968,0.00
577,0.00
75,6.37
148,6.35
448,0.00
712,12.92
117,6.28
196,6.25
148,6.13
752,0.00
429,6.13
714,6.14
963,0.00
678,6.13
495,6.14
2,6.11
699,0.00
993,12.68
620,0.00
593,0.00
443,12.65
629,6.13
684,6.15
945,6.20
703,0.00
915,0.00
982,12.57
888,5.94
322,0.00
672,0.00
210,5.94
955,5.81
387,0.00
166,5.78
498,0.00
606,5.83
817,5.70
793,0.00
825,0.00
4,5.88
716,12.24
260,5.92
784,12.37
839,12.25
445,5.78
311,0.00
877,18.83
713,0.00
185,5.88
567,5.80
806,5.89
639,0.00
200,5.99
695,0.00
519,0.00
468,0.00
585,5.97
209,6.06
688,6.14
900,0.00
865,18.92
820,0.00
805,12.54
295,6.30
646,6.26
240,6.30
414,6.18
914,0.00
838,0.00
665,6.16
135,6.12
990,6.05
182,6.09
348,6.06
440,6.03
369,6.08
807,6.14
795,6.22
885,6.29
154,6.26
177,6.33
597,0.00
633,12.54
852,6.44
845,12.32
266,6.35
108,6.19
542,6.41
186,0.00
104,6.28
351,6.21
135,6.21
500,0.00
571,0.00
394,12.31
579,12.20
3,6.08
828,6.06
714,6.19
629,0.00
487,6.13
993,12.21
220,6.23
487,12.18
493,6.27
806,6.09
199,6.24
630,0.00
890,12.09
449,6.27
409,6.25
721,6.25
568,0.00
273,6.38
354,0.00
812,6.34
135,6.33
51,6.27
974,0.00
119,6.26
685,6.24
16,6.29
756,12.13
503,6.33
747,6.28
546,6.38
256,6.22
937,6.33
720,12.13
643,6.42
291,6.28
144,6.39
992,6.29
420,6.34
463,6.34
249,6.46
81,6.43
397,0.00
221,6.34
900,6.29
413,6.38
250,6.23
452,0.00
892,25.11
974,6.17
475,6.09
774,6.13
339,6.13
643,0.00
334,6.20
490,0.00
236,6.16
7,6.24
903,6.23
492,6.29
900,0.00
82,6.18
451,0.00
381,0.00
343,6.32
104,6.24
79,6.17
993,12.25
48,6.11
251,6.07
785,6.00
525,6.17
930,0.00
76,6.07
549,0.00
516,12.42
980,6.25
191,6.03
25,6.18
593,6.12
756,0.00
312,6.27
175,6.27
756,0.00
11,0.00
310,6.32
878,0.00
346,6.35
167,6.44
96,6.32
270,6.34
210,6.21
884,0.00
789,12.34
441,12.24
466,6.17
921,6.03
453,6.16
635,6.07
814,6.11
493,6.02
597,0.00
99,6.03
263,6.04
695,0.00
57,6.05
64,6.04
239,6.04
936,5.98
727,5.97
627,0.00
385,6.04
826,6.04
182,0.00
172,12.26
79,6.14
940,12.35
791,6.09
263,6.10
531,0.00
890,6.01
514,5.93
202,5.88
151,5.96
886,0.00
259,5.93
582,0.00
427,0.00
571,5.86
332,0.00
855,5.91
370,5.97
521,6.05
792,0.00
915,12.12
142,6.10
634,5.91
865,5.86
956,5.99
437,0.00
849,5.89
435,5.87
267,6.00
913,0.00
282,6.01
696,6.04
297,6.05
891,6.12
186,6.13
321,6.05
210,6.18
670,0.00
596,6.05
635,0.00
492,0.00
539,6.10
984,18.48
667,6.25
209,6.11
304,6.09
605,6.10
797,6.10
8,0.00
298,6.13
701,0.00
644,0.00
849,6.15
348,6.18
623,6.18
748,12.43
775,6.36
140,6.17
400,0.00
831,12.43
30,6.26
833,0.00
467,0.00
806,12.32
331,6.20
491,0.00
779,6.34
1,6.19
440,6.26
745,0.00
456,6.24
550,6.24
795,6.31
1000,12.45
739,6.49
478,6.39
349,6.50
834,6.51
660,0.00
225,6.61
616,0.00
458,0.00
695,6.55
682,6.65
874,6.66
378,6.73
666,6.66
65,6.58
110,6.74
83,6.64
417,0.00
63,0.00
372,6.65
794,6.65
152,6.77
939,12.72
408,6.93
456,6.76
871,0.00
693,6.76
700,0.00
803,6.72
773,6.78
570,6.79
538,6.82
429,7.00
673,0.00
905,12.92
288,6.88
429,6.88
709,6.94
546,6.76
475,6.75
784,6.69
325,0.00
216,6.78
162,6.78
52,0.00
994,0.00
301,6.65
553,6.66
267,6.78
524,0.00
669,0.00
689,6.64
538,0.00
835,6.70
767,6.76
986,6.67
17,6.48
115,6.70
808,0.00
885,6.60
266,6.65
674,6.59
753,0.00
465,6.75
498,0.00
409,6.86
376,6.80
62,6.84
525,13.07
807,6.85
276,6.91
338,6.86
655,0.00
678,0.00
972,13.05
330,6.79
147,6.87
852,0.00
62,6.75
781,0.00
133,13.15
169,6.65
412,6.66
153,6.53
839,0.00
855,6.51
29,6.57
592,6.42
746,13.03
253,12.89
155,6.49
331,6.24
546,0.00
530,6.40
333,6.46
842,0.00
577,6.23
265,6.33
589,0.00
792,0.00
870,6.19
826,6.27
604,6.33
401,6.41
484,0.00
83,6.28
90,6.22
428,0.00
127,6.16
273,5.99
754,0.00
938,12.86
222,0.00
882,6.02
566,6.07
519,6.00
504,6.16
648,6.04
75,5.94
599,5.90
515,5.90
826,6.03
509,0.00
355,5.91
975,18.84
75,6.08
470,0.00
890,12.70
493,6.02
675,6.11
221,6.26
297,6.20
550,12.78
944,6.27
208,6.28
271,0.00
113,6.14
455,6.18
370,6.11
461,0.00
884,6.08
301,6.06
538,0.00
743,6.02
335,6.01
366,5.95
119,6.07
912,0.00
470,12.77
870,6.18
945,6.02
449,6.09
430,6.09
984,13.04
393,6.20
808,6.17
526,0.00
867,0.00
439,6.37
591,0.00
293,6.37
56,6.37
172,6.41
738,0.00
754,0.00
227,6.34
891,6.41
814,12.78
937,6.43
47,6.43
179,6.42
80,6.45
369,6.34
143,6.33
900,6.27
599,0.00
916,0.00
695,12.86
892,12.66
609,6.41
749,6.41
688,0.00
995,6.49
249,6.50
532,6.42
669,0.00
771,6.51
163,6.59
802,6.54
497,12.58
100,6.59
891,0.00
492,6.72
979,0.00
575,0.00
453,6.43
137,6.42
325,6.53
722,0.00
552,6.64
171,6.57
772,0.00
705,12.65
720,12.76
223,6.51
736,6.51
553,0.00
622,6.55
429,6.49
1000,0.00
349,6.36
75,6.36
472,0.00
871,12.61
669,0.00
286,6.38
453,6.35
16,6.37
126,6.41
323,6.28
451,0.00
815,6.21
840,6.24
832,6.34
958,0.00
311,6.24
479,0.00
381,6.24
612,6.25
189,6.21
458,12.46
881,6.22
600,12.23
48,6.03
193,5.93
83,5.96
148,5.88
489,0.00
813,5.87
24,6.01
220,6.08
203,6.07
917,0.00
250,5.99
348,5.95
877,12.53
102,5.98
265,5.81
787,12.33
428,5.90
215,6.06
162,6.04
45,6.04
858,0.00
13,6.05
171,6.01
876,0.00
876,18.76
839,12.47
504,5.97
621,5.96
804,0.00
712,6.03
352,6.09
459,5.96
309,5.93
753,0.00
548,5.85
939,0.00
216,5.85
941,5.94
717,5.96
217,6.15
135,6.04
467,6.04
542,0.00
713,5.99
569,0.00
724,6.14
556,6.04
827,0.00
669,6.24
98,6.18
934,0.00
458,6.17
73,6.23
108,6.20
638,6.09
379,6.14
572,0.00
571,6.21
983,0.00
315,6.13
485,0.00
990,6.16
174,0.00
817,6.19
141,6.12
20,6.18
704,0.00
973,0.00
841,0.00
54,6.20
551,6.20
486,6.14
120,6.22
482,12.30
718,6.17
318,6.18
502,0.00
699,6.10
234,6.06
772,6.06
961,12.41
309,6.17
391,6.07
229,6.13
338,6.14
741,12.32
906,6.09
704,6.15
440,0.00
577,6.27
20,6.22
179,6.14
219,6.08
385,6.10
290,6.11
541,0.00
840,0.00
919,6.05
252,6.20
915,6.24
109,6.14
92,6.08
718,0.00
354,6.25
584,6.14
122,0.00
330,0.00
922,6.10
679,6.16
887,12.32
16,6.23
490,0.00
71,6.10
976,0.00
456,6.08
746,0.00
77,6.22
604,0.00
407,0.00
444,0.00
535,0.00
346,5.95
782,0.00
787,6.04
691,6.08
496,0.00
155,6.03
63,6.03
133,5.97
884,0.00
986,5.85
294,5.75
350,5.81
253,5.91
463,5.86
795,0.00
981,12.11
915,6.01
548,5.96
765,5.90
674,5.89
374,5.93
659,12.07
944,6.02
628,6.04
180,5.87
164,5.97
378,0.00
415,5.84
792,5.89
659,5.90
566,5.93
774,0.00
163,5.95
915,5.95
431,6.04
126,5.93
75,5.85
987,0.00
98,5.76
18,5.78
149,5.74
834,0.00
738,0.00
650,5.78
399,5.69
581,0.00
62,5.69
106,5.71
500,5.70
329,5.77
234,5.80
985,5.70
788,11.85
429,5.60
199,5.47
731,5.45
890,5.47
246,5.46
393,11.69
628,11.50
299,5.42
542,5.27
457,0.00
261,5.36
3,5.37
78,5.32
824,11.45
248,5.42
8,5.18
836,0.00
51,0.00
889,5.23
535,5.28
219,5.38
825,5.45
444,0.00
340,5.29
766,5.17
732,5.20
560,5.27
761,0.00
517,5.51
894,5.39
516,5.40
91,0.00
30,5.35
10,5.35
478,5.37
8,5.23
711,5.12
591,5.25
370,5.09
634,5.16
810,5.23
386,0.00
140,5.09
858,0.00
689,5.11
605,5.23
482,11.15
770,5.37
662,0.00
236,5.43
942,0.00
814,5.38
854,0.00
499,5.38
159,5.57
133,5.54
584,0.00
926,11.43
244,5.60
821,11.36
13,5.60
767,5.67
346,5.82
410,11.64
451,0.00
923,5.81
226,6.02
497,0.00
925,11.74
782,5.90
917,6.01
150,6.12
916,0.00
10,6.12
548,0.00
119,6.09
869,0.00
591,11.91
196,6.11
402,6.13
553,17.99
746,11.80
517,6.20
502,6.35
989,6.41
862,11.80
681,6.38
541,6.39
65,6.26
577,6.16
197,6.22
901,0.00
593,0.00
576,6.33
694,6.32
276,6.35
63,6.23
798,11.48
499,6.22
99,6.19
195,6.23
261,0.00
540,6.23
449,6.22
311,6.20
552,6.08
246,0.00
951,17.36
297,6.14
720,6.11
776,6.17
160,6.22
803,6.19
493,6.35
229,6.26
910,0.00
541,6.34
394,6.29
939,6.28
806,6.29
177,6.37
45,6.42
987,0.00
502,0.00
454,11.45
408,6.28
58,6.24
987,0.00
213,6.20
171,6.05
221,5.96
523,0.00
173,5.85
807,5.85
105,5.97
220,5.82
719,0.00
826,5.84
202,5.84
409,5.70
610,5.57
989,5.34
878,17.12
40,5.56
665,0.00
969,5.54
198,5.47
722,11.52
81,5.54
327,5.39
809,0.00
905,5.50
300,5.56
38,5.61
51,5.50
686,0.00
260,5.52
324,5.48
126,5.42
954,0.00
451,5.49
331,5.50
998,0.00
617,5.48
403,5.33
674,5.45
794,11.84
719,5.71
39,5.72
283,5.68
138,5.61
310,5.72
754,0.00
361,5.72
899,0.00
783,5.81
960,5.91
23,5.78
137,5.89
492,5.79
908,5.82
366,5.70
53,5.86
942,5.80
812,5.88
953,0.00
274,6.04
242,5.89
194,5.77
625,0.00
486,0.00
798,5.85
363,5.86
403,5.73
595,5.73
428,5.71
171,5.64
640,0.00
280,5.67
787,11.95
570,5.75
781,5.63
748,5.78
241,5.81
556,0.00
604,5.88
263,5.75
897,11.99
276,6.08
398,0.00
973,6.01
670,0.00
175,6.07
548,0.00
236,6.03
109,6.10
570,0.00
469,0.00
504,6.09
762,6.09
399,6.10
678,11.68
884,6.32
490,11.58
555,6.40
622,6.18
854,17.58
9,6.18
282,0.00
391,0.00
919,6.06
405,6.17
84,6.25
758,0.00
907,6.11
983,6.13
95,6.18
713,0.00
612,6.23
341,6.27
448,0.00
758,6.30
840,6.43
995,18.14
145,6.23
511,11.63
644,11.64
80,6.24
846,6.16
242,6.17
19,6.06
254,0.00
338,6.21
88,6.19
100,6.22
433,6.00
693,0.00
785,6.08
93,6.17
824,0.00
577,6.11
746,5.99
222,6.24
719,6.24
121,6.25
936,11.96
116,6.32
681,6.14
463,0.00
334,6.23
543,0.00
554,0.00
442,0.00
633,6.24
341,6.26
5,6.35
100,6.21
432,6.23
332,6.30
428,6.10
268,0.00
579,6.11
944,0.00
89,6.33
67,6.47
212,6.35
2,6.29
559,0.00
567,6.37
283,6.28
670,0.00
192,6.08
33,5.99
16,5.86
406,0.00
491,5.80
892,5.79
126,5.93
1,5.76
463,0.00
21,5.88
292,5.80
129,0.00
343,5.85
128,5.82
616,0.00
333,5.80
92,5.85
374,0.00
725,11.96
67,5.72
938,12.13
102,5.55
928,11.89
392,5.88
611,5.68
820,17.44
529,5.76
42,5.77
79,5.84
338,5.65
244,5.70
531,0.00
349,5.60
39,5.59
252,5.54
785,0.00
998,5.53
597,5.63
931,0.00
668,11.80
790,5.64
196,5.75
40,5.57
933,5.58
601,5.68
708,0.00
246,11.91
503,5.65
185,0.00
365,5.57
917,0.00
424,5.60
419,0.00
331,5.58
727,0.00
921,5.49
168,5.63
137,5.64
527,0.00
880,5.44
848,5.36
5,5.36
261,0.00
223,5.39
113,5.40
289,5.24
953,0.00
592,0.00
989,23.61
330,5.32
971,0.00
175,5.45
499,5.46
35,5.46
665,0.00
788,5.25
962,5.40
510,0.00
860,11.76
16,5.55
712,11.63
471,5.70
963,0.00
708,5.69
499,5.77
573,0.00
188,5.82
736,5.87
154,0.00
631,5.96
777,5.82
535,0.00
558,5.90
671,0.00
308,5.84
211,5.90
518,0.00
278,5.77
417,11.62
782,11.57
73,6.03
164,5.96
908,5.80
804,5.86
51,5.87
166,5.76
529,5.89
637,5.71
173,0.00
574,5.81
827,0.00
747,5.84
330,5.98
661,0.00
96,5.93
99,5.85
396,5.80
536,0.00
552,5.80
338,5.80
277,5.71
461,0.00
986,5.81
962,5.76
137,5.62
25,5.73
805,5.74
456,5.75
101,5.78
469,0.00
688,5.67
142,5.66
847,5.65
411,0.00
838,5.79
680,5.80
780,5.91
778,0.00
833,6.11
106,6.02
907,0.00
137,6.14
306,6.08
958,6.01
724,6.02
908,6.12
489,11.48
38,6.17
61,6.11
662,6.14
530,0.00
788,5.96
608,6.04
71,6.01
707,0.00
981,11.52
394,5.98
257,5.92
550,5.69
769,0.00
813,5.66
879,5.57
2,5.73
80,5.70
598,0.00
898,5.70
277,5.59
956,5.68
273,5.74
705,0.00
892,11.63
74,5.82
223,5.69
468,0.00
210,5.63
623,0.00
881,5.68
242,11.51
666,5.83
254,0.00
671,0.00
471,5.76
436,5.75
958,5.73
219,5.76
532,0.00
731,5.69
434,11.67
958,5.89
132,5.73
795,5.72
936,5.82
185,5.89
169,5.86
859,5.93
756,11.64
428,0.00
897,17.21
135,5.92
692,0.00
608,5.96
45,5.89
975,0.00
4,5.90
656,0.00
953,5.91
651,11.58
220,6.06
340,5.84
187,0.00
638,11.55
299,5.52
400,11.64
562,5.56
210,5.61
618,5.55
554,0.00
86,5.43
178,5.45
911,11.48
647,11.45
293,5.57
234,5.40
343,5.45
971,11.46
551,5.42
735,5.46
938,0.00
884,11.42
711,5.79
324,0.00
638,5.67
95,5.67
437,0.00
601,0.00
376,5.55
896,0.00
797,5.68
649,5.61
953,5.73
45,5.90
412,5.77
696,0.00
512,0.00
413,5.85
935,11.52
43,5.95
227,0.00
727,5.92
484,5.87
380,0.00
996,23.37
846,11.68
77,6.13
460,0.00
88,6.03
324,5.95
351,5.95
633,0.00
864,5.97
295,6.03
724,0.00
952,0.00
674,5.98
571,5.95
205,6.05
754,0.00
696,5.99
893,5.99
691,12.06
387,12.11
947,6.14
290,6.15
659,17.91
860,6.11
879,0.00
439,6.30
407,0.00
291,6.29
196,6.24
506,6.18
507,6.24
885,6.25
946,12.05
276,6.42
617,0.00
861,12.19
866,6.39
116,6.60
635,0.00
990,0.00
476,6.52
20,6.63
775,0.00
163,6.62
418,0.00
584,12.11
120,6.66
119,6.55
599,0.00
868,6.56
280,6.60
407,0.00
449,6.59
187,6.60
465,0.00
954,18.09
666,0.00
161,6.52
698,0.00
725,12.13
867,12.15
946,6.50
139,6.64
778,6.54
377,6.68
920,12.33
603,6.72
904,0.00
122,6.70
170,6.70
632,6.73
929,0.00
622,6.70
121,6.76
795,6.67
587,6.74
612,6.78
618,0.00
631,12.47
961,12.57
940,12.48
391,6.47
580,6.61
543,0.00
606,6.62
463,6.61
337,6.61
322,6.55
282,6.49
381,6.39
433,6.43
628,6.38
47,6.44
916,6.16
236,6.24
750,6.24
182,6.17
70,6.10
365,12.13
259,5.96
266,5.91
602,0.00
72,6.01
23,6.01
397,0.00
525,5.97
206,5.98
41,5.91
731,5.68
820,0.00
820,5.79
8,5.89
898,5.67
966,5.88
286,5.94
848,0.00
678,5.96
773,0.00
512,6.07
740,0.00
315,6.12
461,6.19
449,6.15
43,6.07
52,6.00
188,5.93
323,5.90
875,5.90
406,0.00
987,18.08
281,5.97
569,0.00
374,5.87
825,0.00
644,12.57
724,6.08
806,12.56
349,6.17
633,0.00
983,6.13
443,0.00
120,6.02
844,12.68
817,6.05
54,6.06
313,5.77
238,5.95
816,5.93
530,0.00
909,0.00
765,5.91
984,5.92
944,12.63
959,12.54
221,6.01
585,12.55
164,6.12
959,6.25
2,6.15
533,0.00
449,6.06
518,6.19
710,6.10
837,6.22
790,6.23
825,6.29
160,6.38
439,0.00
622,0.00
394,12.94
292,6.51
194,6.48
966,12.76
960,12.87
212,6.63
746,0.00
955,6.54
632,18.91
600,13.00
376,0.00
727,0.00
595,6.65
939,6.68
109,6.77
111,6.81
359,6.79
647,0.00
576,6.74
231,0.00
932,6.85
442,6.80
170,6.71
263,6.88
801,6.54
257,0.00
514,6.57
282,6.56
260,6.50
552,6.38
986,0.00
458,6.40
317,6.48
367,0.00
278,6.44
631,6.40
405,0.00
73,6.58
238,6.55
333,0.00
523,6.55
164,0.00
577,6.68
625,0.00
999,6.67
595,0.00
476,0.00
209,6.84
379,6.68
456,0.00
927,12.75
302,6.58
285,6.46
309,6.51
549,6.42
286,6.37
874,0.00
363,6.35
380,6.36
644,6.37
421,6.32
748,6.32
710,6.35
922,0.00
679,6.41
624,6.41
488,6.35
638,6.50
380,12.55
348,6.33
625,0.00
76,6.21
201,6.29
31,6.18
8,6.11
69,6.20
780,12.22
168,6.20
791,0.00
915,0.00
992,5.99
181,5.94
167,5.87
651,5.95
405,0.00
922,5.91
651,0.00
242,5.97
87,5.87
346,5.87
807,0.00
547,12.60
754,5.98
403,5.98
82,5.99
183,5.79
685,18.78
923,5.97
254,5.93
736,0.00
401,5.85
666,5.81
1000,5.88
15,5.83
746,0.00
209,5.85
316,5.88
793,5.71
271,5.69
50,5.74
130,5.65
768,0.00
762,5.71
187,5.77
797,0.00
183,5.64
65,5.73
689,0.00
347,5.77
535,0.00
539,5.64
984,5.75
571,0.00
748,5.78
204,5.77
832,12.46
255,5.79
251,5.74
274,5.70
148,5.62
818,0.00
963,5.66
385,0.00
991,5.70
839,5.76
64,5.77
4,5.78
622,0.00
730,5.73
385,0.00
402,0.00
609,6.04
391,5.87
804,6.00
351,5.82
579,0.00
891,5.93
633,5.95
80,6.00
393,5.86
982,5.85
960,18.32
533,0.00
129,6.00
120,5.99
390,5.96
523,0.00
946,6.00
865,11.99
563,5.94
357,5.87
240,5.99
894,5.89
629,6.01
1,5.96
27,5.83
428,0.00
904,5.83
380,5.93
75,5.87
853,0.00
486,0.00
411,5.89
841,5.89
263,5.82
635,5.89
460,18.46
788,11.91
860,6.21
287,5.94
640,6.01
902,6.07
148,6.15
282,6.07
797,6.08
715,6.13
252,6.06
160,6.03
703,0.00
403,6.01
783,6.18
638,6.30
732,6.39
156,6.22
247,6.32
132,6.29
148,6.27
56,6.12
848,0.00
422,6.23
446,6.21
685,0.00
128,6.30
537,0.00
414,6.20
333,6.22
287,6.14
313,6.15
243,5.94
172,5.99
17,6.03
584,0.00
715,5.93
846,5.94
956,0.00
869,6.15
423,0.00
282,6.13
52,6.08
694,0.00
751,5.99
322,6.18
19,6.02
958,0.00
449,0.00
828,0.00
937,11.96
368,0.00
715,6.11
324,6.22
746,0.00
536,6.16
662,0.00
49,6.03
109,6.03
996,6.12
141,6.23
301,12.02
460,6.13
806,6.26
854,6.15
296,6.16
528,0.00
438,6.24
225,0.00
766,6.36
290,6.46
905,0.00
167,6.30
167,6.39
654,6.27
941,6.38
347,6.19
425,0.00
185,6.30
557,0.00
89,6.29
55,6.30
964,0.00
150,6.14
447,0.00
966,12.16
534,12.26
485,6.22
242,6.20
76,6.15
311,6.06
497,5.95
91,0.00
754,6.07
308,6.08
709,0.00
61,5.99
119,6.11
416,0.00
175,6.14
270,6.02
991,5.94
372,0.00
21,0.00
517,6.09
677,0.00
291,5.92
434,0.00
186,5.87
517,0.00
713,6.08
949,0.00
42,6.11
787,0.00
393,6.11
526,0.00
916,6.15
621,0.00
254,6.27
107,6.26
242,6.28
316,6.26
289,6.23
768,6.20
399,0.00
235,6.30
594,0.00
97,6.02
607,0.00
963,12.26
128,6.16
619,6.16
429,0.00
943,6.12
141,6.14
647,6.16
237,6.05
909,0.00
390,6.10
558,0.00
722,0.00
759,5.92
197,0.00
865,5.95
293,6.02
219,6.10
757,0.00
264,5.97
610,5.86
203,5.96
442,0.00
607,12.00
251,5.85
43,5.75
919,5.63
121,5.81
29,5.60
823,5.51
815,0.00
449,0.00
500,5.58
302,5.77
394,5.66
225,0.00
340,5.66
595,0.00
463,12.02
413,5.63
166,5.72
137,5.71
616,0.00
977,5.75
87,5.70
626,0.00
408,5.68
556,0.00
785,5.70
299,5.80
980,5.86
523,0.00
342,5.74
512,0.00
590,0.00
353,5.75
635,0.00
534,5.80
713,5.83
528,5.83
528,0.00
814,5.93
149,5.94
441,5.94
470,5.81
384,0.00
900,5.74
417,5.81
572,5.80
458,5.76
695,0.00
677,5.77
73,5.79
418,0.00
541,5.66
221,5.64
573,5.66
115,5.66
763,5.63
790,5.69
967,5.79
68,5.93
460,5.84
675,0.00
542,5.95
514,0.00
164,5.78
831,5.81
111,5.82
4,5.86
275,5.78
925,0.00
760,5.77
474,5.82
716,0.00
178,5.83
49,5.86
1000,0.00
366,5.77
71,5.91
301,5.80
210,5.68
567,0.00
342,5.75
264,5.69
115,5.70
327,5.60
836,0.00
832,5.78
584,5.88
341,0.00
547,11.61
938,5.95
420,5.82
493,0.00
487,5.82
391,0.00
452,5.83
636,5.81
517,11.47
281,5.89
362,5.92
514,0.00
646,5.82
173,5.94
839,5.94
526,5.90
120,5.90
774,0.00
446,5.86
459,0.00
769,5.78
274,5.82
584,0.00
853,5.72
4,5.81
132,5.75
565,5.76
815,5.81
13,5.86
665,0.00
737,5.70
229,5.75
781,5.64
246,5.75
808,0.00
490,5.62
259,5.70
364,0.00
301,5.65
276,5.63
323,0.00
346,5.70
982,0.00
220,5.70
295,5.69
302,5.67
824,5.67
93,5.73
461,0.00
493,5.53
468,5.63
944,0.00
498,5.54
378,5.58
197,5.66
537,0.00
766,5.74
20,5.61
996,5.65
861,0.00
419,5.70
939,5.77
801,0.00
278,5.85
635,5.83
970,0.00
144,6.03
938,0.00
815,5.91
937,5.98
553,11.68
160,6.00
769,5.95
239,6.07
475,6.12
755,0.00
848,0.00
682,6.03
693,0.00
969,11.99
635,6.04
358,6.04
194,5.95
782,6.00
477,6.04
856,6.04
601,0.00
565,0.00
751,12.04
488,6.10
460,0.00
691,12.09
790,12.05
949,12.04
982,6.28
347,6.17
457,6.13
249,6.26
594,6.15
399,6.13
6,6.19
927,0.00
198,6.11
102,6.10
538,0.00
926,6.15
792,11.80
123,6.12
661,6.01
479,0.00
133,6.08
687,0.00
989,6.05
439,6.01
549,11.68
63,6.22
656,6.00
849,6.09
553,0.00
404,6.18
299,6.25
160,6.20
299,6.20
210,6.17
194,6.06
906,0.00
900,6.10
485,6.12
399,0.00
57,6.09
283,6.09
137,6.06
590,0.00
782,5.92
556,0.00
45,5.91
312,5.96
384,0.00
699,5.78
271,5.77
885,5.62
352,5.67
238,5.62
383,0.00
894,5.71
146,5.70
361,5.77
342,5.78
478,0.00
90,5.83
560,0.00
831,11.66
525,5.75
936,17.55
133,5.79
659,5.67
514,11.62
677,5.84
547,5.87
493,5.78
224,5.83
487,0.00
838,5.84
979,5.74
278,5.82
345,5.71
379,5.68
804,5.73
513,5.72
344,5.64
421,0.00
278,5.68
902,11.92
46,5.60
345,5.46
600,5.55
702,5.66
340,5.60
672,5.59
954,5.55
575,5.59
767,17.38
684,5.75
76,5.82
451,0.00
970,17.56
710,5.64
909,5.72
788,0.00
870,5.76
82,5.77
311,5.67
357,5.61
419,5.66
241,5.57
135,5.58
597,0.00
27,5.46
535,5.48
752,5.53
352,11.68
612,0.00
911,11.64
751,5.53
201,5.43
147,5.52
173,5.55
37,5.56
930,5.53
761,5.66
802,0.00
612,5.79
713,0.00
308,5.80
336,0.00
300,5.80
149,5.77
984,0.00
274,5.74
416,0.00
48,5.59
862,11.28
53,5.45
48,5.56
463,0.00
782,11.29
558,5.55
108,5.51
879,17.18
438,5.54
446,5.39
447,0.00
584,5.41
305,5.47
208,5.51
938,0.00
640,5.43
865,5.46
968,0.00
889,11.34
24,5.54
903,5.48
972,5.61
906,11.15
750,11.17
963,5.74
595,5.83
74,5.81
829,0.00
410,11.32
502,5.86
438,5.87
814,0.00
869,5.75
385,5.99
314,5.96
850,11.55
575,5.87
691,5.98
326,5.77
544,0.00
509,5.80
165,5.84
846,0.00
890,0.00
128,5.87
953,0.00
323,5.95
416,0.00
432,5.93
248,5.92
211,5.94
567,0.00
913,0.00
88,5.78
638,0.00
404,5.90
768,5.94
282,5.74
651,5.92
565,5.79
308,5.70
566,0.00
224,5.80
589,5.80
49,0.00
139,5.93
822,5.78
323,5.79
981,5.89
168,5.89
488,0.00
451,0.00
339,5.93
871,5.87
211,0.00
83,6.08
995,0.00
434,11.73
563,0.00
155,6.13
855,6.14
695,6.15
66,6.10
961,6.32
979,6.43
893,6.09
15,6.18
865,11.61
604,6.17
838,6.15
828,17.35
268,6.39
404,11.69
691,6.27
866,11.56
952,11.70
838,17.42
251,11.99
839,6.34
184,6.29
277,6.28
984,12.04
208,6.27
130,6.18
615,0.00
398,0.00
349,5.97
543,0.00
566,0.00
103,5.98
329,0.00
864,17.56
83,11.71
988,5.99
924,17.46
586,0.00
574,5.94
535,5.96
846,11.79
97,6.01
288,6.02
563,5.90
794,5.87
739,5.89
157,5.92
38,5.93
609,0.00
744,5.94
422,0.00
665,0.00
602,5.88
940,5.95
875,11.44
517,5.98
982,5.88
781,0.00
816,6.12
658,5.96
314,5.97
701,6.06
438,6.09
709,6.10
303,5.92
806,5.91
482,5.84
147,5.96
305,5.87
20,5.82
284,5.72
182,5.75
956,5.75
929,17.53
574,5.76
448,5.90
398,5.79
940,5.83
97,5.91
740,5.91
209,5.97
593,0.00
920,12.13
355,5.96
646,0.00
414,0.00
397,0.00
265,12.04
823,5.84
281,12.03
944,5.81
160,5.56
623,11.90
123,5.56
260,0.00
797,17.45
72,5.47
430,5.51
680,5.60
226,5.54
706,11.78
477,5.60
269,5.73
20,5.63
785,5.55
467,0.00
499,0.00
445,0.00
324,11.67
717,11.46
949,5.65
706,5.80
455,5.56
886,0.00
973,5.57
689,5.67
455,5.74
752,0.00
799,5.79
379,0.00
249,5.87
569,5.87
862,11.70
373,5.90
124,5.90
930,0.00
505,5.85
237,5.88
164,5.98
951,0.00
815,11.85
24,5.85
873,5.74
784,5.74
863,0.00
764,6.05
52,6.03
985,6.00
69,0.00
575,6.09
685,6.10
581,6.16
838,6.12
170,6.12
741,0.00
456,0.00
590,6.13
767,0.00
579,0.00
599,0.00
603,6.32
817,6.33
448,6.46
187,6.33
677,0.00
1,6.19
497,6.19
531,0.00
68,6.14
461,0.00
439,6.10
819,6.23
966,6.20
334,6.21
7,6.29
536,0.00
977,0.00
849,12.16
650,6.38
852,11.97
265,6.42
582,0.00
432,6.42
903,6.42
260,6.43
554,6.40
523,6.44
2,6.30
378,0.00
775,11.99
717,0.00
495,6.42
360,6.33
320,0.00
936,6.32
222,6.50
485,0.00
221,6.56
441,6.52
717,6.53
647,6.60
1000,12.10
462,12.14
220,6.59
407,0.00
983,6.84
42,6.75
729,0.00
587,6.61
215,6.58
909,0.00
368,6.61
958,0.00
60,6.67
474,6.64
948,0.00
572,6.74
692,6.65
967,0.00
365,6.86
453,6.69
326,0.00
872,6.72
613,6.73
717,6.77
638,6.98
394,0.00
569,6.92
145,6.77
994,6.57
321,6.68
824,18.69
445,0.00
529,12.89
656,6.63
245,6.80
134,6.58
350,6.48
713,0.00
484,6.41
835,0.00
99,0.00
438,0.00
880,6.38
150,0.00
308,6.59
103,6.54
890,6.46
390,0.00
443,6.47
581,0.00
979,12.68
277,6.65
706,12.79
745,6.61
722,6.57
861,6.60
36,6.42
211,6.53
804,0.00
716,0.00
738,13.00
996,6.72
911,13.01
916,6.81
34,6.82
994,6.78
410,6.83
425,0.00
593,6.72
404,6.68
764,6.72
578,0.00
735,6.67
319,6.59
140,6.59
964,6.64
126,6.65
8,6.63
626,0.00
828,13.14
196,6.39
442,6.29
694,0.00
891,6.35
108,6.39
951,6.30
369,0.00
990,6.24
125,6.44
795,0.00
113,6.44
68,6.43
982,0.00
947,6.22
888,6.29
525,6.38
96,6.42
355,6.45
915,0.00
223,6.27
563,0.00
708,6.32
388,6.34
394,6.22
604,6.30
192,6.43
294,6.23
856,12.99
588,6.30
203,6.21
838,0.00
856,13.00
389,6.37
182,6.30
345,0.00
309,6.39
381,0.00
136,6.36
437,0.00
409,6.26
189,6.26
593,6.26
410,0.00
374,6.24
117,6.19
519,6.19
3,0.00
144,6.27
78,6.18
384,6.23
971,0.00
307,5.98
220,6.00
535,12.62
603,6.13
369,6.14
181,6.06
758,0.00
222,6.00
80,5.96
606,0.00
105,5.95
786,12.59
877,12.54
209,5.72
841,12.45
33,5.82
797,5.81
195,5.90
205,5.77
884,5.91
5,5.86
503,0.00
453,5.76
854,12.59
850,5.80
213,5.95
793,5.89
335,5.97
46,5.92
500,0.00
154,0.00
469,6.00
25,6.04
737,5.97
624,5.98
983,6.10
263,5.94
495,5.97
563,0.00
503,5.94
47,6.05
425,5.94
459,0.00
342,5.81
558,0.00
718,5.77
418,0.00
573,0.00
764,5.76
801,5.85
494,0.00
268,5.68
689,5.74
27,5.66
281,5.75
140,5.74
579,0.00
766,0.00
216,5.60
968,0.00
413,5.68
795,5.74
550,5.64
183,5.70
725,5.53
662,5.48
76,5.71
273,5.62
7,5.63
248,5.57
997,0.00
393,5.69
317,5.85
337,5.70
616,5.70
793,0.00
607,5.77
761,0.00
1,6.01
967,0.00
197,0.00
934,0.00
276,5.93
861,0.00
207,6.02
724,0.00
420,6.05
972,11.93
880,11.82
331,11.84
446,6.05
311,6.03
896,0.00
161,5.98
562,11.83
218,5.97
186,5.98
994,11.77
205,5.92
532,5.77
638,0.00
655,5.75
334,0.00
127,5.76
720,0.00
656,5.80
684,0.00
775,0.00
847,6.00
898,6.01
69,6.04
939,0.00
669,0.00
883,6.08
362,6.12
571,6.22
31,6.18
664,0.00
875,6.16
370,6.18
121,6.28
647,0.00
627,0.00
552,6.21
856,0.00
944,6.24
9,6.28
522,0.00
883,6.21
881,0.00
208,6.27
203,6.22
148,6.23
489,11.91
980,11.87
767,0.00
655,6.44
278,6.19
322,6.38
986,6.15
670,0.00
900,6.42
475,0.00
398,0.00
215,6.37
912,6.38
325,6.38
552,12.15
126,6.43
713,6.21
297,6.31
728,0.00
989,6.21
77,6.22
87,6.08
824,18.25
328,6.32
469,6.20
996,6.17
624,12.29
758,6.24
12,6.25
764,12.40
760,12.40
857,18.07
40,12.29
70,6.25
878,0.00
956,18.13
391,12.34
741,12.28
418,6.42
801,0.00
68,6.41
216,6.47
592,6.41
569,0.00
945,12.30
865,18.25
23,6.59
483,6.34
74,6.57
557,0.00
810,6.37
941,6.19
696,6.25
300,6.33
653,0.00
452,0.00
547,6.18
41,6.23
267,6.20
226,6.12
80,6.18
604,0.00
643,6.02
450,0.00
654,5.99
178,6.04
920,6.01
560,6.02
386,6.07
186,6.01
128,0.00
698,12.32
615,0.00
496,6.02
880,6.04
441,0.00
852,12.40
883,6.15
412,0.00
753,12.43
223,12.47
196,6.29
666,6.05
408,6.20
377,6.16
226,6.00
249,6.03
712,0.00
133,5.98
601,6.01
331,6.05
861,5.94
576,6.02
350,5.99
277,5.90
518,0.00
146,5.93
499,5.96
513,6.01
348,5.84
101,5.72
529,0.00
765,5.86
296,5.69
337,5.61
246,5.61
66,5.65
387,11.79
779,5.59
962,5.64
826,5.82
742,5.90
104,5.63
658,5.65
377,5.66
995,17.97
113,5.65
553,0.00
284,5.52
353,0.00
720,5.62
176,5.65
724,0.00
90,5.59
469,0.00
261,12.16
594,5.64
875,0.00
845,5.52
726,5.60
172,5.65
87,5.66
179,5.46
103,5.38
16,5.44
626,0.00
990,5.32
981,0.00
865,5.48
53,5.51
527,0.00
545,5.56
503,5.52
37,5.63
938,5.59
309,5.61
610,5.56
214,5.62
575,0.00
319,5.56
191,5.55
478,5.50
685,0.00
545,0.00
943,11.73
259,5.62
51,5.57
339,5.47
784,0.00
351,5.47
63,5.47
188,0.00
921,0.00
424,0.00
516,5.55
306,5.50
675,5.45
436,5.41
950,18.01
641,11.38
892,5.55
291,5.52
438,0.00
393,5.48
43,5.63
663,0.00
866,5.57
503,5.63
981,0.00
655,5.76
96,5.77
968,0.00
167,5.72
204,5.87
439,0.00
244,5.82
452,0.00
661,5.85
452,0.00
836,11.57
392,5.98
728,17.64
1000,11.64
60,5.90
429,5.90
550,5.88
865,5.82
764,6.03
23,5.98
71,5.84
663,0.00
364,5.86
813,0.00
596,5.84
168,5.92
956,5.87
203,5.97
755,5.99
822,6.03
711,6.10
459,6.02
441,6.08
1000,0.00
260,6.22
447,6.23
814,0.00
340,6.27
290,0.00
17,6.19
654,6.04
636,0.00
538,0.00
231,6.00
801,0.00
976,5.96
144,6.04
866,5.97
772,0.00
984,6.02
884,6.10
682,0.00
97,6.21
527,6.03
257,6.01
740,6.02
380,0.00
860,6.09
201,6.10
464,6.18
403,6.00
984,11.57
290,6.02
537,0.00
357,6.12
827,0.00
295,6.28
331,6.30
231,6.35
247,6.24
542,6.21
419,0.00
570,6.29
173,6.28
446,6.12
110,6.13
222,6.08
414,0.00
591,6.19
682,6.04
77,6.17
959,11.88
291,6.05
177,6.10
132,6.11
968,6.13
166,6.14
318,6.15
347,6.03
106,6.10
708,6.08
906,11.85
327,6.16
611,0.00
904,12.04
509,6.22
765,6.14
522,12.07
418,6.26
171,6.12
969,6.24
286,6.05
104,6.13
166,6.03
481,0.00
379,5.83
367,5.83
739,5.93
610,0.00
600,5.80
741,5.81
64,5.70
791,0.00
694,5.61
81,5.75
387,5.75
804,0.00
591,5.78
1,5.78
432,0.00
599,5.73
161,5.81
113,5.87
826,0.00
584,5.72
75,5.76
398,5.78
424,5.70
619,0.00
822,5.75
214,5.72
921,0.00
964,11.95
628,0.00
281,5.76
379,0.00
306,5.70
215,5.73
658,5.73
75,5.80
81,5.60
171,5.62
840,0.00
452,5.33
162,5.44
130,5.42
626,0.00
656,5.23
593,5.28
915,5.38
78,5.42
70,5.31
261,5.25
403,0.00
836,5.33
980,5.38
700,5.46
269,5.41
371,0.00
990,5.35
768,0.00
751,11.66
492,5.58
834,5.58
78,5.50
328,5.62
738,0.00
332,5.68
614,5.59
717,0.00
61,5.59
441,0.00
193,11.53
651,5.56
270,0.00
23,5.48
365,11.65
645,5.50
497,5.51
811,11.47
855,5.50
561,5.21
597,5.29
544,5.44
264,5.30
459,5.31
6,5.37
486,5.28
529,0.00
22,5.31
936,5.15
627,5.29
488,0.00
835,5.21
494,0.00
817,5.42
130,5.45
226,5.45
112,5.38
769,5.31
66,5.47
286,5.43
166,5.35
917,5.34
87,5.30
865,5.23
649,0.00
847,5.33
393,0.00
524,5.24
165,5.35
931,5.35
150,5.45
604,0.00
265,5.57
894,5.51
463,5.48
930,0.00
477,0.00
936,5.69
182,5.84
216,5.82
458,5.82
276,5.74
333,5.70
274,0.00
603,5.80
889,5.87
684,0.00
623,0.00
176,5.84
155,5.78
492,0.00
823,5.85
587,0.00
802,0.00
979,5.69
233,5.55
521,0.00
164,5.50
606,5.50
803,17.23
102,5.62
337,5.54
886,0.00
859,5.76
131,5.61
815,0.00
860,5.67
840,5.78
417,5.64
626,5.79
645,11.10
22,5.71
763,11.06
296,5.66
181,5.69
366,5.71
368,0.00
400,5.66
569,5.64
756,5.66
23,5.85
341,5.72
584,0.00
14,5.68
696,0.00
479,5.67
150,5.62
405,0.00
849,0.00
872,5.66
858,5.52
698,5.66
726,5.75
623,5.75
295,5.81
553,5.76
138,5.72
2,5.66
930,0.00
392,5.74
741,5.60
727,0.00
524,5.66
355,5.78
382,0.00
861,5.55
990,0.00
82,5.82
693,11.32
175,5.77
607,0.00
256,5.57
218,5.54
869,0.00
535,5.55
376,5.52
396,5.65
696,0.00
229,5.53
4,5.60
119,5.42
63,5.42
293,0.00
559,0.00
139,5.44
898,0.00
610,5.34
818,0.00
610,5.62
779,5.49
278,5.69
468,0.00
397,0.00
204,5.69
733,0.00
114,5.73
879,0.00
311,5.69
524,5.81
997,11.54
729,17.18
95,5.97
107,5.89
786,11.58
389,5.79
774,29.15
810,5.92
689,17.06
877,17.04
564,11.79
587,17.21
321,6.13
681,11.85
178,6.08
145,6.06
320,6.09
361,6.09
702,0.00
364,6.24
195,6.17
308,5.98
135,5.98
51,0.00
562,0.00
911,6.06
818,0.00
532,5.97
957,6.02
49,6.09
748,0.00
839,5.98
801,0.00
508,6.04
627,0.00
484,6.01
811,6.05
471,6.13
124,6.19
339,6.14
844,6.05
587,6.14
32,6.25
968,0.00
611,11.77
335,6.05
318,6.05
645,0.00
594,11.85
252,5.86
488,5.96
601,5.92
820,5.99
967,6.03
782,0.00
872,11.72
185,6.42
385,6.27
642,6.25
148,6.25
366,6.43
584,6.34
325,6.48
222,6.44
919,0.00
390,6.25
804,0.00
917,6.12
353,6.26
196,6.31
200,6.21
576,0.00
665,6.07
226,6.10
802,0.00
287,12.01
982,11.82
60,6.04
369,6.01
637,5.93
988,0.00
266,6.14
846,12.03
543,6.11
37,6.14
701,6.10
217,6.11
325,6.06
67,6.14
862,12.21
614,6.18
337,6.19
917,18.10
943,12.31
37,6.20
607,6.40
443,12.41
500,6.32
341,6.29
74,6.25
740,6.24
351,6.24
308,0.00
100,6.42
764,6.31
935,6.37
608,0.00
637,6.25
231,6.22
796,0.00
451,6.28
336,6.33
795,0.00
464,6.16
346,6.14
164,6.16
225,6.14
418,6.12
421,6.05
442,6.07
339,6.06
780,0.00
940,6.00
165,12.04
711,6.12
819,12.10
364,6.05
159,0.00
367,12.05
687,6.08
812,5.97
84,5.97
352,5.96
163,6.00
40,11.85
954,11.81
155,5.85
798,0.00
402,5.67
656,5.73
974,0.00
787,5.95
632,0.00
937,5.98
541,5.83
329,5.98
591,0.00
504,6.00
763,0.00
151,5.98
41,5.95
825,5.89
109,5.90
223,0.00
790,6.08
939,6.15
785,0.00
424,6.16
299,6.15
46,6.22
624,0.00
145,6.09
543,0.00
511,6.03
650,0.00
452,6.10
645,0.00
395,0.00
332,6.09
730,0.00
787,6.07
179,6.09
1000,5.99
233,6.14
194,6.03
102,0.00
421,0.00
75,6.03
594,0.00
478,12.00
796,6.00
750,12.21
14,5.97
289,5.98
922,5.93
631,0.00
347,5.97
982,0.00
757,0.00
753,6.01
164,6.06
776,0.00
309,5.97
110,5.94
404,6.01
575,0.00
788,5.98
760,6.11
387,6.18
306,6.29
191,6.27
568,0.00
879,6.31
454,0.00
695,6.28
522,0.00
785,0.00
406,6.57
672,0.00
567,6.70
334,6.66
174,12.59
608,6.75
510,0.00
346,6.72
655,0.00
737,0.00
995,6.83
83,6.97
838,12.87
889,6.86
55,6.86
671,0.00
794,6.82
860,0.00
8,6.78
700,6.64
836,6.49
221,6.62
796,0.00
93,6.56
687,0.00
999,6.56
718,6.65
165,6.80
784,6.88
377,0.00
210,6.88
974,6.82
954,13.06
458,0.00
555,0.00
218,6.88
378,6.88
259,0.00
112,7.01
353,7.08
961,6.98
486,6.96
452,6.91
818,6.84
472,6.85
301,6.66
193,6.71
716,6.45
413,6.64
6,6.51
926,0.00
745,12.60
874,0.00
543,6.96
788,6.83
881,12.79
457,6.88
209,6.85
27,6.87
927,6.80
297,6.90
199,6.82
36,6.82
58,6.74
579,0.00
141,6.73
788,0.00
66,6.59
447,6.47
385,6.50
963,6.55
476,6.51
381,6.51
100,6.38
448,6.23
364,6.13
822,0.00
476,6.02
349,0.00
888,6.15
347,0.00
433,12.79
449,6.32
835,6.23
665,6.24
430,13.04
220,6.20
198,6.08
704,0.00
734,13.01
170,6.15
283,0.00
59,0.00
744,5.99
77,6.08
99,0.00
832,12.71
334,6.09
791,0.00
936,6.11
8,5.99
742,0.00
234,5.81
602,0.00
92,5.64
918,0.00
877,5.53
158,5.63
334,5.49
77,5.52
940,0.00
828,5.30
506,0.00
376,5.30
590,5.41
648,5.50
12,5.44
697,0.00
644,12.39
306,5.53
962,5.49
590,12.19
476,12.32
698,12.40
385,12.42
836,5.80
540,12.31
12,5.89
747,18.39
256,5.88
24,5.70
73,5.62
33,5.55
118,5.48
985,0.00
985,5.39
843,0.00
314,5.45
536,0.00
102,5.46
385,5.45
365,5.46
178,5.55
185,5.43
236,5.44
264,5.39
534,0.00
558,5.38
954,11.82
715,5.51
955,0.00
405,5.53
683,0.00
332,5.62
619,0.00
577,5.52
229,5.46
155,5.57
782,18.54
407,5.63
490,0.00
75,5.50
734,11.77
875,5.55
272,5.56
940,0.00
552,5.64
878,5.68
202,5.75
312,5.66
105,5.53
284,5.53
683,0.00
433,5.51
270,5.54
594,0.00
365,5.56
419,0.00
514,5.65
769,0.00
701,5.60
617,5.56
219,5.60
555,0.00
607,5.72
168,5.70
623,0.00
45,5.63
838,0.00
521,5.77
658,5.78
31,5.72
845,0.00
489,5.59
966,0.00
51,5.65
872,11.11
928,11.18
916,11.16
124,5.87
415,11.30
305,5.80
193,0.00
363,5.78
341,5.66
13,5.57
935,0.00
723,0.00
396,0.00
750,5.78
791,17.95
174,5.57
206,5.71
987,0.00
895,5.67
955,5.75
750,5.76
775,0.00
898,0.00
683,5.90
907,6.00
61,6.09
835,6.10
282,6.17
280,6.13
17,6.19
2,6.13
84,6.07
474,0.00
517,5.90
557,0.00
569,6.00
523,0.00
807,11.60
182,6.05
576,0.00
157,6.05
679,0.00
808,5.94
775,0.00
472,5.95
717,0.00
787,11.58
985,6.09
497,6.10
480,5.90
305,5.90
586,11.46
539,5.85
994,5.94
935,6.08
276,6.34
251,6.25
628,6.17
785,0.00
109,6.20
190,6.21
144,6.12
959,17.65
126,6.31
367,6.12
617,6.14
348,6.02
920,0.00
547,6.02
179,6.06
74,6.18
983,6.15
276,0.00
638,0.00
585,0.00
969,6.23
680,6.21
395,6.19
106,0.00
203,6.23
91,6.14
138,6.05
108,0.00
826,0.00
215,6.07
563,0.00
726,11.95
326,6.14
431,6.10
229,6.17
980,0.00
800,6.22
414,6.21
971,24.32
852,12.08
428,6.38
85,6.24
564,0.00
320,6.24
216,6.22
42,6.14
392,0.00
408,6.21
887,0.00
856,0.00
862,5.97
705,0.00
894,6.10
181,6.13
92,6.13
375,6.13
991,0.00
164,6.27
157,6.25
943,6.09
420,6.21
712,0.00
303,6.07
316,6.10
13,6.09
739,0.00
911,6.24
984,6.32
624,12.40
524,6.29
262,6.36
127,6.30
140,6.22
148,6.25
805,6.26
487,6.16
799,6.27
953,17.80
373,6.35
817,6.47
137,5.99
33,6.08
43,5.99
760,0.00
121,6.05
641,0.00
309,6.13
597,6.07
294,6.17
992,12.33
544,6.27
491,6.34
483,0.00
12,6.16
678,6.04
907,0.00
752,6.20
297,6.07
589,6.04
455,6.13
326,6.03
545,12.23
781,5.97
921,6.02
590,6.03
358,5.96
806,0.00
345,12.24
408,12.24
256,6.20
135,6.08
512,5.95
117,6.11
382,5.94
23,5.94
600,17.83
318,5.94
739,12.36
890,5.85
316,12.31
919,12.47
755,6.05
502,0.00
892,5.93
646,0.00
51,6.10
950,0.00
689,6.17
48,6.18
835,0.00
663,6.16
581,0.00
612,6.04
367,6.07
743,6.10
347,6.22
4,6.35
377,6.30
616,0.00
880,0.00
304,6.40
133,6.41
618,0.00
820,6.35
117,6.43
890,0.00
954,6.20
149,6.21
206,6.26
366,6.20
310,6.22
678,0.00
574,6.19
835,12.57
747,6.31
48,6.42
691,0.00
413,6.28
555,6.29
669,18.68
139,12.60
742,6.50
621,6.54
354,6.49
61,6.40
527,6.52
651,0.00
13,6.58
598,0.00
385,6.64
358,0.00
698,6.56
918,0.00
24,6.66
283,6.63
307,6.56
315,0.00
311,0.00
549,6.66
198,6.69
319,6.71
443,6.76
451,12.64
381,6.62
491,6.67
765,6.70
275,6.53
54,6.44
609,6.56
487,6.57
316,6.68
221,6.62
771,6.66
356,6.67
600,6.71
469,6.78
117,6.49
965,6.58
575,0.00
632,6.60
258,6.54
764,0.00
487,0.00
53,6.67
714,6.69
793,12.57
609,6.64
121,6.54
931,12.82
34,6.59
857,19.49
58,6.60
468,6.46
931,0.00
447,6.40
593,0.00
571,6.29
118,6.41
617,0.00
162,6.47
279,6.36
8,6.24
379,6.19
931,6.18
898,0.00
18,6.21
195,6.21
921,0.00
664,6.24
105,6.23
817,6.31
433,0.00
68,6.42
221,6.49
702,6.30
502,6.39
485,6.30
122,6.34
823,6.41
281,6.48
342,6.40
126,6.28
364,6.39
368,6.26
794,12.56
39,6.23
399,6.16
242,6.06
797,12.48
84,5.96
677,0.00
734,6.02
562,0.00
576,5.93
52,6.14
63,5.94
82,0.00
983,0.00
362,5.95
413,6.03
880,5.84
226,5.99
144,5.88
200,5.80
32,5.81
35,5.77
188,5.76
926,0.00
184,5.85
24,5.83
923,0.00
844,5.89
551,5.96
286,5.97
403,5.84
67,5.72
196,5.85
44,5.80
427,5.81
323,5.69
752,5.68
516,5.76
536,0.00
206,5.76
408,5.87
218,5.80
794,12.24
74,5.73
166,5.71
399,0.00
837,5.72
415,5.73
195,5.75
625,0.00
814,12.37
525,5.76
579,5.69
923,5.61
785,12.03
618,5.67
103,5.69
498,0.00
611,0.00
176,5.68
980,0.00
950,5.79
671,5.83
53,5.88
284,5.88
998,0.00
491,5.75
645,5.75
859,0.00
315,5.84
26,5.68
992,0.00
735,0.00
550,5.65
627,5.63
738,0.00
19,5.74
581,0.00
836,5.64
613,5.64
238,5.70
159,5.67
951,0.00
841,12.01
23,5.76
528,0.00
78,5.71
207,5.88
368,5.68
654,0.00
847,5.63
94,5.64
110,5.69
359,5.66
974,0.00
793,5.71
811,11.62
991,5.89
332,5.72
262,5.84
217,5.81
385,5.81
143,5.81
657,0.00
966,5.78
876,5.94
859,18.42
198,6.10
107,5.90
172,5.93
822,6.07
293,5.93
232,0.00
803,0.00
285,6.03
883,11.71
85,6.11
501,0.00
496,6.02
298,6.06
91,6.03
926,0.00
874,5.97
72,6.21
370,6.10
398,0.00
972,11.89
582,6.14
774,6.33
208,12.08
336,6.21
245,6.23
905,11.80
806,11.92
265,6.19
575,0.00
261,6.07
97,6.09
46,6.12
554,6.13
734,0.00
961,6.00
386,6.03
831,5.98
31,6.14
836,6.05
713,6.02
26,6.13
788,6.01
546,0.00
295,6.14
575,0.00
491,6.10
150,6.15
448,6.07
664,0.00
880,6.05
207,6.11
395,6.17
642,6.28
973,6.31
561,6.13
530,6.24
610,6.25
642,6.40
531,6.34
156,6.38
501,0.00
147,6.30
575,6.30
980,6.49
322,6.40
64,6.40
148,6.36
253,6.30
734,0.00
291,0.00
434,0.00
813,6.23
152,6.24
348,6.38
888,6.25
703,6.33
850,6.44
707,0.00
711,6.32
158,6.43
96,6.29
272,6.29
649,0.00
113,6.30
644,0.00
878,6.29
744,12.34
873,12.49
787,0.00
885,6.56
641,0.00
797,6.77
470,0.00
380,6.74
136,6.76
748,0.00
279,6.71
553,6.71
698,0.00
359,0.00
570,12.94
747,6.81
733,6.70
798,6.66
137,6.79
935,6.87
249,6.87
626,0.00
545,0.00
644,18.88
640,13.28
227,6.97
142,6.90
870,6.80
968,6.82
337,6.89
147,6.88
890,0.00
928,6.78
647,6.86
718,0.00
72,6.91
337,6.92
875,6.84
355,0.00
850,0.00
463,6.87
351,6.91
724,0.00
190,6.75
29,6.64
24,6.63
959,0.00
832,13.06
900,6.57
315,6.51
26,6.43
906,0.00
662,18.70
116,6.45
998,18.82
467,6.89
401,6.69
417,6.58
498,6.73
730,6.76
794,6.76
821,6.78
10,6.91
260,6.84
215,6.85
60,6.67
69,0.00
511,0.00
287,6.71
738,6.61
656,6.62
820,6.80
32,6.72
807,0.00
915,6.70
461,0.00
83,6.78
575,12.90
40,6.81
711,12.86
449,6.48
509,6.32
474,6.39
194,6.50
978,6.28
489,0.00
447,6.24
80,6.34
984,0.00
755,6.25
681,6.34
690,0.00
803,6.24
449,13.03
43,6.33
965,19.28
724,6.22
114,6.13
70,6.26
736,12.98
255,6.17
731,6.24
552,6.24
41,6.24
81,6.17
496,6.15
349,0.00
247,0.00
494,6.17
646,0.00
37,6.20
948,6.16
654,6.20
557,0.00
741,6.28
774,6.19
640,0.00
659,6.27
974,0.00
378,6.33
169,6.51
983,6.33
355,6.34
381,6.30
574,6.34
726,6.28
126,6.42
492,6.42
734,0.00
457,6.51
323,6.44
472,6.54
572,6.54
271,6.62
399,6.45
293,0.00
759,13.05
682,0.00
683,13.16
368,6.41
197,6.37
265,6.47
172,6.36
245,6.32
330,6.35
411,6.36
247,6.25
78,6.08
18,6.08
735,6.11
953,6.11
824,0.00
243,6.18
448,0.00
654,6.20
760,0.00
925,6.28
893,0.00
372,6.31
629,13.02
729,6.38
984,13.05
474,0.00
995,6.64
783,6.65
178,6.62
143,6.50
434,6.49
548,6.62
558,12.72
60,6.51
520,0.00
939,12.69
696,6.54
269,6.65
844,6.55
448,6.55
682,0.00
687,6.42
131,12.77
778,6.57
160,6.58
831,6.64
83,6.58
990,6.40
695,0.00
144,6.52
524,0.00
633,6.47
374,6.59
248,6.54
25,6.50
187,6.41
679,0.00
478,6.38
627,6.41
660,0.00
953,6.41
23,6.42
12,6.24
966,12.49
318,6.26
438,0.00
734,6.16
15,6.33
294,6.27
905,6.27
518,6.36
333,6.23
564,6.25
156,6.38
776,0.00
968,6.30
272,6.34
685,0.00
993,6.46
408,6.39
247,6.40
891,0.00
185,6.20
367,6.28
663,0.00
442,6.20
431,0.00
670,6.26
570,6.33
539,0.00
409,6.37
883,6.47
612,6.55
18,6.56
336,6.50
879,6.47
249,6.53
631,0.00
610,6.36
610,0.00
68,6.34
478,0.00
800,6.32
605,6.40
706,12.63
147,12.63
325,6.21
648,0.00
567,12.78
667,6.14
875,6.22
163,6.17
198,6.14
83,6.14
565,0.00
861,12.62
501,0.00
110,5.98
388,0.00
388,5.98
451,5.90
823,0.00
142,6.04
134,5.96
278,5.85
981,5.92
193,5.93
347,5.93
81,5.80
470,0.00
586,5.73
729,5.77
289,5.86
767,12.30
523,5.84
579,0.00
472,5.87
169,5.90
183,5.91
33,5.80
360,5.82
36,5.67
888,5.66
696,5.69
826,5.78
679,5.96
614,5.99
737,6.01
274,5.97
348,6.00
801,5.89
822,0.00
388,6.19
50,6.12
447,0.00
732,6.12
264,6.18
258,6.13
583,0.00
850,0.00
978,6.10
515,6.17
723,12.45
808,6.24
565,6.14
980,19.10
332,6.18
765,6.19
757,0.00
414,6.22
543,0.00
178,6.21
570,0.00
248,6.08
457,0.00
811,6.01
824,5.98
858,5.87
391,5.88
7,5.89
632,0.00
289,5.85
670,12.12
387,0.00
197,5.92
674,11.89
591,5.77
89,5.72
209,5.81
373,5.62
74,5.62
273,0.00
161,5.62
649,5.58
452,0.00
310,5.68
895,0.00
218,5.72
16,5.74
907,0.00
647,5.63
44,5.56
385,5.61
449,5.51
181,5.60
758,0.00
532,5.63
312,5.73
773,11.29
140,5.47
429,0.00
698,5.58
55,5.45
485,5.42
465,0.00
800,5.49
348,5.58
471,5.61
180,5.66
608,0.00
618,0.00
270,5.40
562,0.00
918,0.00
114,5.28
275,5.22
221,5.06
227,5.06
499,0.00
632,0.00
61,4.92
21,4.91
255,4.96
572,0.00
113,4.75
351,4.76
299,10.95
492,4.70
78,10.73
279,10.75
708,4.71
982,4.87
620,10.93
633,0.00
504,4.65
49,4.68
913,0.00
372,0.00
681,4.74
202,4.92
591,4.90
876,4.95
447,10.98
404,5.11
985,11.08
577,10.94
393,5.22
737,5.17
202,5.35
700,5.19
937,5.28
520,0.00
507,5.47
925,11.36
156,5.58
314,5.39
300,5.50
111,5.56
816,11.25
860,17.50
26,5.57
562,5.67
667,5.74
88,5.73
248,0.00
565,5.57
878,0.00
864,0.00
432,5.71
948,0.00
430,5.72
364,5.81
153,5.76
75,0.00
76,5.84
172,5.75
404,0.00
429,0.00
560,5.83
964,11.42
195,5.83
965,11.40
253,5.95
205,6.05
338,5.85
218,5.91
437,0.00
637,0.00
594,5.94
252,5.96
817,0.00
106,5.98
512,0.00
910,5.96
62,6.08
416,0.00
654,6.02
249,0.00
58,6.18
253,6.16
243,6.02
414,5.93
836,5.98
487,0.00
350,5.97
237,6.02
358,6.14
415,6.09
323,6.17
600,0.00
8,6.16
156,6.16
749,0.00
52,6.13
774,6.14
821,0.00
806,6.03
181,0.00
804,6.02
138,6.05
53,5.98
279,5.94
468,0.00
670,0.00
336,5.90
512,0.00
282,5.81
362,10.85
385,5.67
227,5.62
633,0.00
748,0.00
184,5.45
543,0.00
161,5.27
69,5.23
383,0.00
964,16.50
127,5.19
234,5.10
988,5.15
302,5.19
987,5.07
26,5.08
786,10.77
451,5.11
558,0.00
712,5.20
100,5.18
529,0.00
60,5.07
689,0.00
965,10.82
55,4.94
526,4.85
426,5.08
32,4.93
944,0.00
316,4.95
826,0.00
143,5.04
526,0.00
766,10.94
673,4.99
42,4.98
626,0.00
41,4.89
703,0.00
660,4.79
103,4.91
474,0.00
244,4.79
868,4.83
821,0.00
156,4.87
63,4.86
773,0.00
489,4.90
181,4.94
754,0.00
433,10.91
468,0.00
997,4.85
218,4.96
875,4.89
238,4.96
486,4.88
286,0.00
14,4.97
820,0.00
408,5.00
654,5.03
575,0.00
892,11.27
402,4.98
126,5.11
376,10.95
303,5.02
845,15.62
219,5.00
163,0.00
94,4.98
669,5.18
103,5.03
250,0.00
150,0.00
227,4.99
824,0.00
850,5.03
517,5.15
686,5.11
721,5.13
662,5.09
713,0.00
726,5.22
803,5.32
272,5.40
368,0.00
560,5.40
621,0.00
761,10.54
460,5.24
437,5.36
705,16.02
259,5.38
104,5.41
795,16.29
901,5.41
236,5.45
447,5.38
25,5.39
375,0.00
790,5.35
580,10.38
645,5.46
131,5.52
968,5.62
155,5.62
505,5.42
163,5.41
771,0.00
976,16.35
506,5.32
132,5.46
955,0.00
623,5.48
999,10.50
973,5.49
705,5.54
53,5.62
214,5.65
69,5.53
739,0.00
139,5.53
467,5.43
275,5.37
274,0.00
181,5.42
638,0.00
801,0.00
322,5.42
675,0.00
302,5.48
545,0.00
442,5.46
330,0.00
128,5.41
794,0.00
671,5.38
476,0.00
421,0.00
537,5.38
520,5.44
296,5.46
942,16.50
443,0.00
590,0.00
679,5.57
776,0.00
287,5.60
668,5.56
698,5.56
182,5.78
827,5.56
395,5.72
737,5.59
41,5.56
932,0.00
67,0.00
396,5.77
831,5.82
104,5.89
736,5.69
565,0.00
418,5.61
159,5.58
649,0.00
513,5.64
619,0.00
797,0.00
407,5.57
134,5.65
604,0.00
905,5.68
285,5.61
889,0.00
951,16.07
42,5.63
217,5.64
742,11.03
635,5.61
405,0.00
902,0.00
720,5.77
686,0.00
236,5.81
30,5.81
237,5.72
911,5.77
416,5.74
674,5.82
276,0.00
935,5.95
90,5.83
772,0.00
903,5.82
938,11.40
721,5.95
350,6.03
566,0.00
654,6.00
260,6.08
477,6.08
537,0.00
981,6.12
891,0.00
443,6.27
767,6.28
148,6.41
321,6.36
233,6.29
12,6.29
329,6.16
579,0.00
962,6.14
66,6.24
285,6.21
958,0.00
708,6.31
967,11.67
203,6.34
197,6.33
502,6.27
136,6.29
897,0.00
572,6.34
586,6.20
416,11.67
928,6.35
432,0.00
279,6.42
217,6.31
108,6.31
945,0.00
113,6.16
993,6.20
768,6.27
573,6.27
754,6.27
233,6.17
963,6.19
575,6.31
314,6.33
955,0.00
662,6.32
842,6.33
17,6.32
698,0.00
436,6.36
440,0.00
988,6.40
408,6.39
941,6.43
365,6.42
658,6.34
169,6.33
204,6.38
422,6.28
923,0.00
984,0.00
827,12.04
285,6.20
219,5.97
48,6.12
941,0.00
624,11.80
460,5.88
34,5.67
124,5.70
957,5.59
28,5.59
663,0.00
278,5.67
357,5.63
252,5.62
651,0.00
617,5.55
917,5.50
819,5.60
254,5.67
912,0.00
400,5.78
679,5.83
181,5.99
914,0.00
362,5.98
840,5.93
327,0.00
892,0.00
571,6.12
262,6.06
793,6.16
857,6.31
580,0.00
830,6.32
187,6.42
58,6.27
487,6.38
594,6.41
112,6.15
606,0.00
407,6.10
65,6.06
456,6.05
198,6.21
604,0.00
696,6.14
898,6.20
994,6.23
129,6.20
668,6.21
739,6.18
325,6.36
797,0.00
996,12.49
134,6.22
349,6.06
889,12.47
461,6.12
428,6.12
403,0.00
819,6.11
960,6.14
656,6.11
461,6.12
474,6.20
469,6.25
462,12.66
153,6.30
999,6.26
958,6.25
117,6.05
557,6.20
120,6.24
749,0.00
983,12.51
564,12.55
151,6.30
732,12.64
368,12.49
777,6.45
967,12.45
258,6.51
772,12.47
332,6.58
181,6.41
705,6.49
245,6.61
854,6.61
996,6.74
404,6.65
180,6.60
203,6.63
46,6.54
303,0.00
393,0.00
553,0.00
56,6.46
178,6.39
988,0.00
209,6.50
184,6.40
789,0.00
550,6.25
436,6.20
942,6.20
300,6.22
122,6.19
920,0.00
859,6.09
192,6.07
484,12.09
290,5.92
334,5.88
646,0.00
116,5.91
887,0.00
398,5.95
735,5.96
265,6.06
350,6.07
281,6.07
857,0.00
188,0.00
299,6.02
432,0.00
432,0.00
682,0.00
798,6.07
868,0.00
725,0.00
982,6.10
461,6.11
592,0.00
770,6.17
862,6.18
914,0.00
795,12.37
935,12.44
327,12.41
885,6.30
179,6.25
695,12.43
6,6.25
822,0.00
884,0.00
912,0.00
463,12.30
659,6.34
457,12.47
963,6.23
495,6.47
395,0.00
529,6.29
57,6.31
136,6.20
913,0.00
357,6.20
71,0.00
666,0.00
824,0.00
462,0.00
904,6.22
40,6.27
498,6.12
696,0.00
420,0.00
895,12.81
486,6.17
545,6.15
65,6.18
535,6.19
76,6.19
137,6.22
746,0.00
707,6.18
118,6.28
775,6.17
975,6.23
798,0.00
950,0.00
754,6.36
525,6.30
176,6.31
146,6.28
255,6.24
991,12.19
629,6.24
40,6.17
15,6.14
547,0.00
548,0.00
502,12.13
58,6.23
717,0.00
230,6.03
927,6.03
948,6.06
320,6.29
576,0.00
613,6.12
691,0.00
562,6.13
462,0.00
555,6.13
55,6.06
4,6.03
547,6.06
484,6.07
594,0.00
466,5.91
376,0.00
825,12.26
861,6.07
74,6.06
940,12.13
971,6.16
420,0.00
503,12.46
111,6.16
48,6.02
355,5.99
472,5.99
747,0.00
45,6.05
379,0.00
77,12.14
263,12.13
599,5.92
388,0.00
649,5.98
93,5.91
33,5.83
744,0.00
598,5.81
461,0.00
662,5.92
301,5.88
675,5.93
616,5.82
305,5.89
928,24.40
82,5.83
237,0.00
522,0.00
313,5.81
820,11.78
227,5.67
562,0.00
751,5.72
472,0.00
926,0.00
985,12.07
585,5.90
91,5.94
857,0.00
5,5.98
873,0.00
885,0.00
576,6.01
892,12.09
26,5.98
649,0.00
532,5.84
379,5.80
744,0.00
46,5.79
378,0.00
683,12.04
454,11.97
736,5.98
412,0.00
566,5.85
616,0.00
896,5.87
387,6.00
308,5.77
116,5.84
366,5.75
91,5.80
513,5.66
768,0.00
716,5.65
774,5.75
505,5.85
358,5.85
86,5.80
905,0.00
294,5.72
286,5.78
759,5.71
391,5.72
390,5.65
378,5.69
198,5.49
710,5.43
194,5.52
182,5.49
883,0.00
187,5.49
196,0.00
328,5.52
184,5.61
907,0.00
682,5.59
333,5.73
186,5.75
860,0.00
317,5.72
858,0.00
716,5.69
925,5.71
969,11.55
137,5.77
991,11.79
76,5.85
627,0.00
947,5.94
659,5.99
495,6.00
970,6.10
736,18.17
804,12.03
42,6.42
868,12.06
870,6.32
68,6.38
329,6.33
13,6.31
672,0.00
874,0.00
419,6.09
103,6.06
322,6.01
242,6.03
590,5.94
370,5.93
835,0.00
855,11.90
914,5.98
331,6.12
762,12.09
273,6.15
303,5.99
69,6.15
896,0.00
437,6.18
251,6.20
109,6.21
443,6.19
620,6.23
433,6.31
42,6.25
641,0.00
637,12.19
546,6.21
142,12.12
791,6.08
976,6.22
588,6.27
697,6.21
13,6.27
21,6.26
828,6.21
575,0.00
911,6.36
806,0.00
881,6.22
565,6.20
825,6.39
884,6.34
675,0.00
22,6.23
99,6.30
207,6.26
481,0.00
416,6.28
183,6.19
965,6.19
912,6.37
570,0.00
562,6.31
380,0.00
168,6.33
336,6.24
152,6.29
629,6.18
487,0.00
206,0.00
315,6.25
269,6.08
483,0.00
814,5.99
378,0.00
546,0.00
696,24.00
208,5.84
341,0.00
426,0.00
704,5.75
434,5.76
88,5.59
604,11.92
627,0.00
438,5.57
237,5.58
163,5.61
54,5.53
418,5.49
31,5.56
69,5.54
868,5.55
96,5.56
117,5.62
520,0.00
981,0.00
75,5.63
137,5.51
36,5.35
891,0.00
946,0.00
733,5.57
210,5.41
495,0.00
559,0.00
611,0.00
881,5.69
741,0.00
179,5.75
268,5.80
439,5.73
892,5.78
918,17.82
865,5.87
596,5.79
580,0.00
242,12.11
464,0.00
709,12.08
688,5.77
224,5.67
179,5.71
763,5.77
510,0.00
812,0.00
996,5.80
180,5.88
906,0.00
401,5.84
797,5.83
612,0.00
450,5.91
498,5.98
286,5.98
453,5.91
689,0.00
951,6.08
407,6.03
541,0.00
396,6.24
827,18.00
347,6.27
151,6.33
631,6.10
291,6.17
768,0.00
707,12.37
740,6.20
861,12.38
860,6.21
62,6.18
479,6.20
483,0.00
514,12.28
891,6.24
430,6.36
846,6.28
856,6.37
12,6.38
793,0.00
490,6.30
254,6.43
757,0.00
982,12.19
657,6.57
169,6.56
302,6.57
183,6.55
463,0.00
130,6.55
946,6.54
297,6.67
502,0.00
719,6.54
370,6.70
860,0.00
773,6.82
18,6.95
54,6.96
458,6.85
144,6.80
276,6.80
146,6.83
836,12.11
229,6.67
590,0.00
896,6.39
277,6.40
954,6.36
71,6.51
507,6.43
553,6.44
866,6.54
13,6.44
198,6.21
867,0.00
69,6.40
666,0.00
912,0.00
846,0.00
113,6.36
442,6.39
50,6.27
889,6.19
792,6.21
79,6.36
668,0.00
932,6.31
2,6.29
946,0.00
70,6.44
882,18.56
155,6.24
283,6.18
866,6.19
431,0.00
309,6.17
534,12.42
12,6.10
655,0.00
861,30.18
288,6.07
551,0.00
942,6.26
431,0.00
577,12.38
985,6.35
666,6.43
979,6.58
550,12.63
154,6.42
275,6.43
326,6.53
907,12.68
741,6.41
922,6.58
355,6.46
252,6.52
504,0.00
626,6.52
201,6.54
654,6.33
36,6.47
306,6.33
561,12.94
933,6.39
29,6.29
433,0.00
527,6.22
11,6.22
575,6.35
374,6.37
234,6.46
840,0.00
155,6.36
798,6.23
93,6.16
578,6.02
163,6.07
624,0.00
219,6.12
419,6.13
228,6.15
922,0.00
509,0.00
723,6.26
918,6.33
858,6.43
414,0.00
887,6.29
9,6.32
673,6.32
5,6.34
997,12.82
876,12.69
28,6.26
365,6.25
381,6.28
677,0.00
324,6.19
589,0.00
528,6.37
470,6.41
514,0.00
160,6.23
307,6.08
468,0.00
712,6.04
459,6.13
711,5.99
980,12.49
931,6.24
550,6.33
436,0.00
424,0.00
473,6.21
730,6.32
689,0.00
979,6.34
186,6.34
746,6.20
174,6.17
473,6.12
797,0.00
784,18.72
277,12.46
792,12.52
590,12.55
130,6.10
891,0.00
44,6.13
198,6.27
865,6.17
348,6.00
99,6.05
322,5.95
21,5.98
805,6.05
604,0.00
91,6.08
698,0.00
897,12.54
723,6.15
686,6.11
34,6.10
55,6.21
837,6.00
513,0.00
470,5.98
513,6.02
88,6.03
192,5.98
361,5.93
882,0.00
122,5.97
352,0.00
516,5.95
603,6.01
973,12.11
399,0.00
929,0.00
539,5.89
600,0.00
890,5.96
417,6.06
780,0.00
185,6.15
507,6.03
730,12.46
530,6.21
939,12.34
867,6.20
60,6.31
124,6.26
296,6.07
199,6.03
285,6.04
721,6.04
550,0.00
738,6.16
775,12.23
69,6.19
810,0.00
921,6.30
423,0.00
914,0.00
722,12.48
862,6.14
833,19.02
961,12.41
601,6.05
634,6.09
770,6.10
214,6.18
233,6.08
686,6.08
20,6.09
764,0.00
184,12.07
593,6.02
723,12.13
322,6.01
93,6.05
595,0.00
530,0.00
929,5.98
447,0.00
134,6.12
665,0.00
67,6.15
732,18.67
301,6.15
967,6.21
147,6.12
355,6.09
290,5.95
950,12.00
981,6.01
731,6.00
43,6.06
96,5.99
549,0.00
92,6.05
414,5.97
495,5.98
687,6.03
447,6.09
392,5.98
635,5.95
348,6.06
818,0.00
846,6.08
463,6.21
871,6.22
228,6.29
307,6.21
884,6.07
801,6.08
504,0.00
530,6.05
992,0.00
703,0.00
377,0.00
731,12.38
428,6.21
716,12.30
718,6.34
39,6.08
322,6.11
651,6.11
11,6.21
574,0.00
973,0.00
398,6.07
926,6.05
373,6.16
431,0.00
669,6.08
287,12.07
555,6.03
59,6.04
933,18.40
877,6.05
885,12.10
292,6.19
203,0.00
54,6.02
819,12.09
6,5.99
778,0.00
165,5.94
986,0.00
426,6.03
81,6.09
485,0.00
230,12.11
826,6.08
612,11.98
185,6.04
172,5.93
71,5.96
654,0.00
656,11.94
634,5.95
234,5.93
851,0.00
149,5.78
411,11.93
262,5.77
377,0.00
594,0.00
661,0.00
626,12.03
459,6.03
873,6.03
275,6.02
208,6.00
431,5.98
449,5.89
385,5.97
384,0.00
739,5.94
410,0.00
198,6.00
556,0.00
646,6.05
245,6.04
122,6.05
933,0.00
881,5.92
123,6.10
830,5.91
874,0.00
587,6.15
871,6.20
697,6.22
228,0.00
527,6.19
304,6.28
722,0.00
435,6.20
39,6.22
568,0.00
954,0.00
964,31.41
777,12.37
668,6.13
81,6.11
705,0.00
825,6.13
348,6.15
133,6.19
594,0.00
456,6.18
681,6.27
247,6.16
447,6.05
921,0.00
576,6.04
220,6.10
921,0.00
139,6.17
996,0.00
11,6.17
775,6.04
538,6.23
261,6.04
264,6.03
701,6.09
324,6.13
400,6.06
143,5.96
298,6.12
459,6.04
953,5.97
297,6.09
94,6.09
553,12.04
575,6.01
130,0.00
290,5.91
598,0.00
189,6.01
801,0.00
790,11.82
566,6.12
445,0.00
439,12.03
455,6.24
121,0.00
641,0.00
242,6.12
604,11.96
24,6.28
188,6.07
484,6.10
663,0.00
863,6.11
864,0.00
997,6.16
780,6.20
936,0.00
518,6.29
719,0.00
801,6.22
75,6.26
233,6.34
822,6.33
939,6.38
834,0.00
423,6.47
50,6.30
587,0.00
179,6.09
292,0.00
741,0.00
726,12.13
652,6.00
973,0.00
334,5.96
798,0.00
178,6.17
454,12.16
785,12.18
808,12.08
817,12.24
537,0.00
727,6.01
469,0.00
994,6.01
16,6.14
129,6.07
318,6.01
453,6.01
463,5.95
107,5.93
529,5.87
181,0.00
466,5.96
521,5.89
727,0.00
638,11.95
963,18.11
81,5.84
281,5.82
401,5.84
451,0.00
337,5.87
970,5.87
857,5.96
13,6.05
898,5.80
782,5.86
903,6.00
652,6.16
914,12.18
875,6.08
51,6.22
828,0.00
930,12.29
441,6.13
853,6.09
391,6.10
103,0.00
402,0.00
508,6.20
216,6.23
280,6.14
102,6.18
1000,24.20
656,6.07
469,5.75
875,5.75
166,5.80
761,5.67
437,0.00
80,5.86
366,5.81
731,0.00
571,5.65
394,0.00
222,5.62
15,5.76
29,5.61
746,5.62
734,5.59
30,5.65
254,5.67
299,5.68
949,5.57
950,5.65
57,5.66
42,0.00
315,5.66
618,5.64
845,11.71
67,5.82
820,0.00
56,0.00
586,5.71
192,5.80
610,0.00
297,12.01
911,5.86
492,11.80
384,5.84
293,5.70
225,5.64
675,0.00
281,5.62
382,5.65
499,0.00
970,5.72
408,5.75
461,0.00
803,5.76
122,0.00
426,0.00
699,5.94
580,0.00
918,11.83
803,5.90
889,5.99
64,6.00
389,6.00
436,6.01
103,6.08
588,0.00
509,5.96
396,0.00
770,6.09
456,0.00
573,6.03
458,12.12
632,6.09
580,0.00
830,5.89
728,0.00
863,12.18
954,6.10
271,6.06
657,5.96
50,6.00
328,5.84
367,5.85
556,5.94
558,5.91
735,12.03
60,6.00
431,0.00
938,24.23
204,12.24
743,6.32
486,6.16
477,0.00
335,6.30
85,6.30
836,0.00
165,6.29
990,6.30
877,6.42
11,6.59
725,0.00
510,0.00
825,6.51
875,6.55
275,6.67
880,6.68
576,0.00
417,6.81
915,0.00
813,0.00
587,6.72
786,6.73
494,0.00
266,6.71
375,6.64
92,6.69
566,0.00
607,18.44
981,6.74
870,18.80
207,6.86
540,0.00
217,6.93
100,6.90
939,0.00
134,7.02
42,6.95
206,6.86
864,0.00
422,6.94
505,7.00
906,6.85
77,6.88
851,12.72
45,6.85
888,0.00
71,0.00
318,6.80
270,6.61
341,6.67
990,6.50
222,6.61
432,0.00
976,6.47
175,6.58
974,12.57
549,6.59
140,6.46
21,0.00
982,6.44
932,12.37
198,6.36
589,0.00
553,12.40
538,6.43
682,6.43
469,6.45
399,6.33
922,0.00
698,6.40
616,6.55
448,6.33
906,6.38
997,24.65
178,6.35
441,0.00
620,6.42
244,6.20
623,6.32
167,6.34
638,6.30
170,6.24
114,6.26
738,6.08
862,6.20
855,6.21
987,6.24
659,0.00
503,6.25
88,6.37
569,0.00
885,6.32
575,0.00
602,6.50
294,6.41
754,6.41
162,6.41
254,6.60
712,6.41
176,6.41
537,6.44
854,6.43
192,6.56
101,6.38
793,6.44
760,19.09
282,6.60
911,19.02
101,6.62
560,6.46
690,6.54
840,0.00
679,6.65
232,6.53
412,6.60
261,0.00
173,6.61
854,0.00
426,6.59
500,0.00
283,6.68
1,6.67
714,0.00
608,6.77
788,19.41
144,6.77
448,0.00
693,0.00
863,13.81
752,0.00
582,6.90
36,7.11
781,0.00
780,13.52
628,19.52
656,7.11
695,13.73
591,7.16
838,7.13
199,7.23
554,0.00
810,7.28
652,7.19
699,7.35
174,7.34
651,0.00
698,13.80
946,7.38
871,7.43
876,7.42
376,7.50
944,7.35
671,7.46
858,13.78
494,7.38
824,13.71
220,7.34
152,7.34
711,0.00
250,7.28
851,0.00
776,7.25
812,0.00
253,7.30
674,7.33
13,7.39
277,7.17
780,7.20
47,6.94
435,7.00
567,6.91
101,6.97
107,6.76
616,0.00
95,6.62
343,6.69
828,0.00
16,6.56
913,6.48
982,12.95
329,6.47
904,6.52
454,12.96
234,12.87
846,0.00
270,6.40
452,6.31
477,6.20
183,6.26
450,6.18
30,6.30
591,6.22
605,6.22
864,0.00
227,6.18
63,6.19
501,0.00
88,6.10
895,12.71
745,6.10
54,5.96
890,5.99
468,0.00
858,12.98
4,5.92
551,0.00
316,5.95
488,0.00
630,12.88
405,5.84
968,13.03
967,5.98
583,0.00
265,5.78
728,5.79
812,5.80
215,5.52
898,0.00
603,5.59
946,5.65
413,5.59
512,5.52
487,0.00
938,5.70
450,5.81
722,13.13
428,5.75
325,5.77
727,5.83
360,5.71
979,5.85
664,5.81
248,5.83
994,0.00
631,5.66
190,5.74
994,5.70
569,0.00
258,5.75
504,5.75
200,5.84
825,0.00
889,5.88
10,5.98
434,0.00
973,5.87
917,6.04
520,6.18
542,6.26
540,12.79
46,6.36
622,0.00
649,12.69
849,12.82
54,6.23
739,12.79
50,6.30
73,6.32
156,6.18
904,0.00
292,6.23
720,19.03
228,6.24
671,0.00
463,6.23
664,6.32
863,0.00
488,6.28
641,6.28
373,6.40
800,0.00
566,6.47
124,6.46
224,6.59
123,6.68
624,12.54
18,6.70
589,6.61
821,6.61
432,0.00
134,6.55
618,6.47
802,0.00
264,6.50
336,6.51
896,12.40
96,6.50
227,6.52
59,6.48
963,6.39
63,6.40
867,12.19
564,6.39
684,6.43
682,12.12
289,12.16
740,6.49
505,0.00
834,6.64
190,6.46
949,0.00
861,6.55
384,6.48
444,6.35
41,6.29
409,6.24
693,0.00
817,19.45
967,19.57
22,6.26
879,12.12
781,12.07
310,6.45
647,6.46
153,0.00
863,6.38
460,6.36
939,0.00
979,6.46
368,6.58
818,6.54
304,12.33
582,6.62
294,6.63
522,6.54
720,6.42
264,0.00
245,6.59
394,6.50
334,6.62
764,0.00
331,6.61
107,6.67
748,6.68
422,6.57
98,6.52
180,6.42
89,6.34
130,6.34
997,0.00
49,6.51
56,6.41
353,12.59
345,6.30
867,0.00
815,18.91
922,6.40
59,0.00
162,6.25
423,6.41
35,6.49
51,6.42
716,12.66
97,6.42
675,6.30
146,6.25
137,6.15
52,6.33
878,6.16
399,0.00
395,6.14
367,6.21
319,6.13
733,6.14
58,6.12
824,0.00
989,6.09
260,6.04
135,6.04
16,6.18
495,0.00
681,5.94
670,5.99
944,0.00
161,6.01
328,6.08
736,5.96
296,6.08
793,6.14
21,6.14
549,0.00
988,0.00
805,6.08
178,6.17
21,6.13
59,0.00
275,0.00
894,6.14
629,18.03
851,12.68
497,6.03
424,0.00
528,6.06
159,6.05
612,0.00
341,6.01
512,5.97
900,6.11
146,6.12
629,0.00
475,6.13
684,6.14
440,0.00
353,5.99
515,5.95
118,5.93
297,5.94
291,5.84
672,0.00
328,5.72
243,5.68
15,5.77
915,5.78
328,5.86
664,5.76
265,0.00
181,5.80
996,0.00
365,5.82
79,5.73
465,0.00
671,5.60
80,5.70
293,5.64
33,5.58
244,5.52
333,5.52
387,0.00
551,5.43
51,5.43
621,5.51
895,5.52
971,5.33
992,5.39
19,5.50
567,5.50
466,5.58
653,5.61
357,5.53
96,5.76
673,5.59
393,0.00
321,5.61
238,5.57
759,0.00
527,5.40
640,5.52
723,5.59
351,5.55
802,5.61
409,5.63
137,5.61
361,5.60
140,5.58
297,5.51
931,0.00
747,5.59
304,5.57
216,5.72
234,5.64
380,0.00
877,5.56
598,5.39
173,5.40
789,5.57
759,5.76
256,5.69
841,5.62
845,5.76
75,5.91
225,5.70
446,5.70
517,5.64
414,0.00
12,5.59
438,5.56
282,5.54
697,0.00
568,11.64
321,11.46
276,5.53
372,5.61
599,11.47
580,0.00
674,0.00
514,5.59
392,5.57
270,5.64
440,5.57
652,0.00
401,5.54
795,0.00
730,5.71
281,5.89
528,5.67
779,0.00
234,5.79
306,5.83
413,5.91
99,5.88
957,5.78
250,5.87
638,0.00
345,5.84
978,0.00
573,0.00
323,6.15
776,11.45
724,6.11
744,6.12
129,6.00
301,5.90
259,0.00
950,0.00
471,5.95
598,11.64
861,5.94
18,6.01
448,0.00
631,5.89
107,5.97
685,11.47
995,6.06
169,6.09
746,11.44
142,5.96
530,0.00
819,6.07
570,0.00
587,0.00
686,5.97
612,6.09
505,6.01
543,11.60
76,6.01
358,6.02
261,0.00
698,5.99
587,11.49
303,5.92
533,0.00
698,5.81
392,0.00
121,5.75
630,0.00
479,0.00
512,5.71
522,0.00
667,5.83
123,0.00
30,5.88
531,0.00
741,0.00
301,5.92
426,0.00
370,0.00
13,5.89
781,0.00
643,11.40
472,5.96
179,5.92
166,5.90
379,5.91
280,5.91
176,5.91
835,0.00
204,5.95
560,0.00
951,5.76
240,5.85
43,5.68
303,0.00
385,5.69
473,0.00
70,5.57
319,5.55
897,0.00
562,5.52
640,0.00
281,5.64
482,0.00
601,11.49
455,5.53
508,11.54
558,11.59
11,5.71
293,5.47
393,0.00
788,0.00
492,17.01
827,11.66
817,11.78
381,5.63
947,5.63
18,5.64
455,5.53
106,5.64
332,5.57
592,0.00
940,5.74
489,5.83
498,0.00
296,5.80
44,5.83
739,5.76
805,5.77
499,5.85
3,5.80
49,5.61
827,5.62
123,5.84
430,0.00
436,0.00
448,5.58
853,5.64
347,5.76
556,11.65
604,5.64
631,11.69
118,5.75
139,5.61
465,5.69
865,5.73
570,0.00
901,5.86
607,5.67
736,5.88
895,5.93
446,5.87
256,5.89
73,5.89
299,0.00
628,0.00
627,5.92
945,5.94
355,6.05
586,0.00
169,5.93
268,5.97
974,11.94
17,5.86
867,0.00
874,0.00
649,5.95
86,6.09
216,6.01
37,6.02
794,0.00
453,6.00
546,0.00
55,6.09
710,6.02
168,0.00
612,6.02
333,6.10
377,6.11
684,6.07
91,6.09
777,0.00
753,6.01
874,11.73
938,6.09
269,6.19
623,0.00
204,6.12
614,6.10
919,6.19
218,6.20
693,0.00
586,0.00
738,11.89
935,11.76
747,6.30
796,6.31
957,11.91
578,6.34
15,6.13
202,6.27
463,0.00
631,6.04
536,6.11
721,0.00
320,6.16
553,0.00
121,6.21
232,6.15
792,0.00
938,18.03
414,6.17
160,6.06
316,6.18
876,0.00
47,6.30
746,6.18
254,6.26
782,0.00
955,0.00
866,11.97
630,0.00
14,6.26
548,0.00
864,12.08
563,0.00
220,12.08
734,6.41
27,6.24
703,0.00
833,6.12
216,6.23
945,0.00
509,6.09
940,11.95
732,12.06
710,6.35
644,0.00
515,0.00
427,0.00
812,6.42
339,6.38
924,6.29
277,6.32
276,6.18
523,0.00
505,6.27
867,0.00
645,6.30
861,0.00
390,0.00
510,6.39
27,6.42
933,0.00
115,6.44
661,0.00
766,6.32
944,6.41
971,0.00
445,6.51
315,6.58
649,12.71
851,6.63
514,0.00
579,0.00
619,0.00
198,6.38
58,6.41
851,0.00
372,6.32
574,6.32
760,12.45
844,12.49
922,6.19
438,12.53
96,6.20
555,6.05
448,6.04
736,0.00
269,6.12
429,6.13
594,12.24
706,6.22
731,6.18
20,5.96
904,0.00
718,6.00
131,6.09
946,0.00
418,6.10
257,6.05
928,6.15
32,6.19
25,6.11
24,6.12
960,18.15
181,6.08
951,0.00
251,0.00
461,5.98
529,0.00
966,6.07
863,12.17
442,6.19
762,6.04
190,6.16
246,6.13
488,6.01
431,12.08
567,5.99
296,5.90
52,5.91
61,5.86
535,0.00
473,12.21
374,12.24
931,5.85
842,5.76
877,12.03
436,5.85
676,0.00
19,5.91
139,5.96
218,5.80
831,0.00
339,5.69
355,5.76
654,5.75
841,5.84
646,5.74
191,5.81
134,5.63
296,0.00
711,5.42
796,11.91
717,5.56
429,5.57
398,5.55
49,5.60
847,11.95
645,5.48
329,5.52
416,0.00
894,5.49
200,5.58
582,5.59
898,11.94
964,5.75
515,5.70
597,5.62
843,5.63
587,0.00
666,5.73
57,5.86
929,5.76
468,0.00
977,5.75
162,5.76
303,0.00
658,11.92
960,12.01
952,5.92
339,5.88
455,0.00
953,5.92
173,5.88
758,0.00
756,0.00
743,5.94
743,5.96
809,6.03
122,6.02
250,0.00
424,5.89
353,5.99
647,0.00
385,0.00
992,12.06
537,5.96
800,6.05
120,6.25
231,6.02
290,6.06
77,6.07
630,0.00
169,5.96
521,5.96
39,6.03
2,5.96
616,0.00
219,11.90
898,6.00
848,6.08
956,11.78
361,6.12
914,11.96
269,6.11
84,6.22
71,6.00
756,5.95
93,6.02
563,0.00
973,0.00
924,5.88
541,5.97
782,0.00
599,5.98
513,0.00
683,6.11
79,6.14
409,0.00
172,0.00
980,6.09
100,6.05
882,0.00
364,6.12
336,6.06
237,6.24
984,0.00
733,6.00
696,6.16
461,0.00
650,11.87
576,6.13
405,6.32
804,18.15
397,6.39
794,18.26
871,12.03
965,6.53
547,6.59
469,12.19
968,6.68
257,6.65
331,0.00
991,0.00
695,6.58
571,0.00
994,6.71
556,6.75
488,6.89
764,0.00
255,6.73
920,6.70
440,6.71
473,0.00
55,6.69
144,6.57
405,6.57
789,0.00
699,12.33
784,6.51
459,0.00
574,6.46
83,6.61
720,6.52
390,0.00
259,6.54
14,6.43
150,6.55
159,6.42
804,6.36
601,0.00
3,6.41
544,6.22
297,6.24
494,0.00
657,6.25
699,6.32
908,0.00
762,6.37
338,6.52
596,6.58
906,6.58
199,6.66
972,0.00
548,0.00
755,0.00
956,12.58
981,6.66
37,6.61
526,0.00
966,6.60
56,6.65
760,0.00
915,6.74
810,0.00
872,6.83
88,6.73
183,0.00
545,6.83
93,6.82
586,0.00
87,6.74
184,6.72
649,0.00
245,6.77
417,6.71
474,6.65
424,0.00
307,6.71
400,12.85
824,6.79
648,6.61
517,0.00
462,6.58
453,0.00
964,6.55
914,0.00
612,6.51
717,6.62
441,0.00
767,12.94
370,6.30
664,0.00
376,18.54
777,6.37
542,6.27
296,6.39
941,6.23
203,6.19
301,6.24
271,6.11
497,0.00
920,6.15
737,6.15
472,6.22
490,6.32
999,6.32
427,6.19
200,6.31
285,6.40
620,0.00
239,6.34
395,6.35
650,0.00
828,6.12
557,0.00
719,6.30
12,6.25
645,0.00
915,6.24
639,0.00
105,6.26
43,6.33
708,6.31
42,0.00
32,6.44
235,6.26
709,0.00
229,6.24
873,0.00
413,6.11
317,6.08
661,6.15
720,6.20
307,6.12
921,6.07
119,6.21
337,5.97
655,0.00
750,0.00
693,12.75
525,12.62
291,6.19
181,6.01
347,6.13
525,6.07
538,0.00
270,6.06
461,0.00
588,5.96
642,0.00
901,5.99
308,6.03
887,6.00
842,6.06
907,6.15
808,0.00
271,6.22
715,6.22
582,0.00
377,6.23
168,6.23
633,6.25
563,6.26
670,6.07
500,6.26
632,6.28
325,6.23
737,0.00
943,12.72
229,6.11
608,6.15
721,6.15
31,6.24
658,0.00
734,12.33
315,6.24
567,6.15
826,6.19
649,6.25
213,6.15
299,6.07
489,0.00
170,6.16
712,6.12
359,5.97
195,5.87
934,5.92
445,5.95
800,5.86
102,5.98
281,5.97
649,5.96
310,0.00
460,6.06
83,6.09
424,0.00
196,5.96
155,5.96
634,0.00
9,6.09
652,12.19
350,5.97
808,12.21
34,6.10
828,0.00
705,5.93
899,5.97
64,6.05
768,5.91
377,6.00
629,0.00
326,5.99
848,0.00
163,5.97
896,5.98
27,6.11
725,0.00
705,0.00
182,5.82
984,0.00
198,0.00
568,5.80
456,5.83
943,0.00
408,5.75
119,5.92
679,5.80
548,0.00
205,5.88
760,5.77
211,0.00
744,5.89
638,6.00
3,5.88
517,5.75
954,5.74
334,5.84
202,0.00
288,0.00
701,5.83
637,6.01
633,0.00
662,5.84
187,6.00
966,0.00
802,6.09
943,6.10
603,0.00
431,6.13
651,6.13
160,6.06
525,12.29
603,6.13
606,6.14
294,0.00
271,6.09
491,6.00
633,0.00
60,6.10
419,12.29
829,6.05
741,6.13
173,6.01
752,5.94
514,6.09
913,6.06
146,6.20
426,6.14
394,6.12
352,0.00
730,12.19
243,6.28
1000,6.25
64,6.14
329,6.11
128,6.15
471,0.00
195,6.11
244,6.04
233,0.00
365,0.00
868,6.19
912,6.16
265,6.22
440,0.00
10,6.34
76,6.10
292,6.16
907,6.22
925,6.26
399,6.35
920,12.27
780,12.35
436,6.62
311,6.40
495,6.50
518,6.48
806,0.00
82,6.57
475,6.54
816,0.00
645,6.56
341,6.64
460,0.00
375,6.54
824,6.54
325,0.00
446,6.54
897,6.53
532,0.00
191,6.62
715,6.62
383,0.00
632,6.65
986,0.00
681,0.00
526,6.67
430,0.00
553,6.67
518,6.67
235,6.76
303,6.67
154,6.50
59,0.00
253,0.00
117,6.30
74,6.31
489,6.21
994,25.04
269,6.24
97,6.13
16,5.94
766,6.05
323,6.15
305,6.05
862,0.00
310,6.12
851,18.52
18,6.17
368,6.00
981,6.12
267,6.14
247,6.19
980,0.00
411,6.15
64,6.04
407,0.00
600,18.15
566,0.00
337,6.02
495,5.95
174,0.00
969,6.17
860,6.05
595,6.10
169,0.00
316,6.12
636,6.00
830,12.28
399,6.19
496,6.05
745,0.00
417,6.02
324,6.02
127,6.03
425,6.06
255,5.93
459,0.00
976,30.90
791,0.00
495,0.00
955,12.34
601,0.00
93,5.76
515,5.91
792,6.08
691,5.88
87,6.02
667,0.00
889,5.95
128,6.02
323,5.91
147,5.84
200,0.00
91,5.92
139,5.88
247,5.88
732,0.00
932,24.49
827,5.81
6,5.94
752,6.02
958,6.11
138,6.12
94,5.92
94,5.91
991,0.00
786,5.86
64,5.95
775,0.00
320,5.78
623,0.00
781,5.90
346,0.00
502,0.00
710,5.81
488,5.81
4,0.00
987,5.87
312,5.95
385,0.00
38,6.05
659,12.05
535,6.12
424,6.13
971,0.00
77,6.08
303,6.10
626,0.00
275,6.20
446,0.00
733,12.25
779,0.00
60,6.31
885,18.34
314,6.32
981,12.36
523,6.23
941,6.21
209,6.35
809,6.31
979,12.43
487,6.26
396,6.26
438,6.35
364,6.16
708,12.24
708,6.13
594,6.23
204,6.01
135,6.11
76,6.05
491,12.16
532,6.12
289,6.14
772,5.98
367,6.15
141,6.11
923,6.12
600,0.00
592,6.21
929,6.28
897,6.27
466,6.28
16,6.29
355,6.10
570,0.00
157,6.15
578,5.99
630,6.00
619,0.00
415,0.00
880,5.90
733,5.96
609,5.97
225,6.04
835,6.04
63,6.16
361,6.02
685,6.03
66,5.94
333,5.87
541,0.00
211,5.75
391,0.00
761,0.00
777,5.73
63,5.74
543,5.72
564,0.00
984,0.00
376,5.77
762,5.77
220,5.90
607,5.87
877,5.88
209,6.04
981,0.00
559,5.94
444,0.00
922,6.09
77,6.19
48,6.11
562,6.11
414,6.12
383,0.00
917,6.09
377,5.97
39,6.06
517,0.00
337,5.96
956,5.96
922,6.03
637,6.05
502,0.00
886,6.19
453,12.42
486,12.31
764,6.28
229,6.33
984,12.54
415,6.15
92,12.42
293,6.27
699,6.21
997,12.42
123,6.27
942,0.00
346,6.13
205,6.18
16,6.13
319,12.38
596,6.26
382,6.32
516,0.00
687,6.23
436,6.24
409,6.25
46,6.15
496,6.20
117,6.16
477,6.08
826,6.20
840,6.20
165,0.00
342,6.17
415,6.24
346,6.11
226,6.11
637,6.17
124,6.28
747,0.00
369,6.16
463,6.22
965,6.23
23,0.00
524,12.14
483,6.31
381,6.26
234,6.25
506,0.00
814,6.24
247,6.22
107,6.15
194,6.21
834,6.09
75,6.18
812,6.26
380,6.31
637,6.17
886,6.28
860,6.43
931,12.20
121,6.54
57,6.41
675,0.00
362,6.41
82,6.36
679,6.22
413,0.00
664,6.12
196,6.08
24,6.11
91,5.98
888,0.00
251,5.69
511,5.75
613,5.75
394,0.00
867,5.88
861,5.80
895,5.94
435,6.00
76,5.89
501,0.00
907,0.00
954,5.92
538,0.00
837,5.75
139,5.94
106,5.83
923,5.86
518,5.87
544,5.95
178,5.76
802,0.00
594,5.97
416,5.91
180,5.86
629,5.96
536,5.97
161,0.00
51,6.04
795,12.21
193,5.98
296,5.95
606,0.00
110,5.96
946,5.93
211,5.94
629,5.96
301,5.92
307,5.95
397,5.87
44,0.00
742,5.94
967,5.80
60,0.00
505,5.83
333,6.00
292,5.76
92,5.89
397,5.75
226,5.74
290,5.72
750,5.65
114,0.00
868,5.63
237,5.61
23,5.59
411,5.62
436,5.62
167,5.68
66,5.75
140,5.68
888,0.00
343,5.67
902,5.63
68,5.64
287,0.00
157,5.54
243,5.53
701,0.00
791,12.09
974,5.51
643,5.57
247,5.69
86,5.65
832,0.00
715,5.73
519,5.71
806,5.69
344,5.83
668,5.83
381,5.87
531,0.00
492,5.91
422,5.92
368,6.02
618,0.00
316,5.90
888,0.00
891,5.89
722,11.62
520,5.79
158,5.80
362,0.00
487,5.78
103,5.88
465,5.90
945,5.91
12,0.00
61,6.00
708,0.00
217,5.74
427,0.00
406,5.74
479,5.75
648,0.00
426,5.86
72,5.59
739,0.00
797,5.61
855,0.00
592,5.73
899,5.77
392,5.78
748,0.00
282,5.83
434,5.83
899,17.95
966,5.81
72,5.82
528,0.00
914,5.95
17,6.05
517,5.99
500,6.05
392,0.00
319,6.07
507,18.09
297,6.14
911,0.00
594,6.01
168,6.11
982,6.12
367,6.12
825,6.15
732,11.95
568,0.00
11,6.31
737,6.24
972,6.26
704,0.00
43,0.00
672,6.28
553,6.31
630,6.31
403,0.00
783,6.50
450,0.00
256,6.44
342,6.46
708,0.00
318,6.50
204,6.37
41,6.48
959,0.00
745,6.47
862,12.17
147,6.54
610,6.50
556,0.00
697,6.52
872,6.61
928,6.74
535,6.75
378,0.00
166,6.81
28,6.82
481,6.72
545,0.00
64,6.68
894,0.00
893,0.00
351,6.81
730,6.82
307,6.76
164,6.92
4,6.75
250,6.65
633,0.00
281,6.60
408,6.55
261,6.55
791,0.00
825,6.63
871,6.66
729,6.62
624,0.00
554,6.71
694,6.71
853,6.74
41,6.78
152,6.61
530,6.64
650,6.68
312,6.49
996,12.44
922,12.32
213,6.63
936,6.60
651,0.00
332,6.56
740,6.37
939,6.43
922,0.00
528,6.52
701,0.00
431,12.64
398,12.65
138,6.50
45,6.49
336,6.48
701,6.49
209,6.42
5,6.54
823,18.34
49,6.40
517,6.40
559,6.21
485,0.00
598,6.31
707,6.32
51,0.00
230,6.38
376,6.20
249,0.00
749,6.27
12,6.17
512,0.00
596,0.00
743,6.18
474,0.00
616,6.25
319,6.26
582,0.00
387,6.17
298,6.18
620,6.06
72,6.25
722,0.00
483,6.14
829,6.14
211,0.00
91,6.04
215,6.07
535,0.00
264,5.86
499,12.50
917,5.88
262,0.00
587,5.73
853,5.84
828,5.90
9,5.98
776,0.00
437,5.70
852,0.00
223,5.80
66,5.79
168,5.78
976,12.40
66,5.87
650,5.72
348,5.80
123,5.87
55,5.88
917,0.00
861,5.72
559,5.87
224,5.92
49,5.73
597,12.50
141,5.91
49,5.70
400,0.00
988,5.73
173,5.73
531,0.00
881,5.78
508,5.79
874,5.78
940,0.00
365,5.80
870,5.85
483,5.70
908,5.69
396,5.78
910,5.61
20,5.64
310,5.69
868,5.54
179,5.68
33,5.74
927,5.63
830,0.00
134,5.88
980,5.76
883,5.97
928,6.09
946,0.00
331,6.14
818,6.20
487,0.00
706,6.18
585,0.00
924,12.56
799,6.32
216,6.38
60,6.26
305,0.00
73,6.32
659,0.00
735,12.44
504,6.30
317,6.46
900,0.00
584,6.28
83,6.35
646,0.00
403,6.26
387,0.00
733,6.26
35,6.30
980,12.48
144,6.33
263,6.19
588,0.00
951,6.36
147,6.46
941,6.44
317,6.53
383,6.60
929,0.00
430,6.42
328,6.43
45,6.36
929,0.00
500,6.38
61,0.00
510,0.00
214,6.34
294,6.42
308,6.40
967,6.36
479,6.37
51,6.36
241,6.26
15,6.51
954,18.83
148,6.45
685,0.00
688,6.38
491,0.00
963,6.53
849,0.00
173,6.45
744,6.55
59,6.42
187,6.48
758,6.52
178,6.62
8,6.45
535,0.00
763,12.16
561,12.12
581,6.37
801,6.30
431,6.27
781,0.00
851,6.29
409,6.44
643,0.00
199,6.49
45,6.36
448,0.00
986,6.36
621,6.27
925,6.36
314,6.40
912,0.00
621,12.29
338,6.19
846,6.19
349,6.23
344,6.04
982,6.08
180,6.19
509,0.00
434,6.02
646,5.98
204,6.11
308,6.10
259,6.05
465,5.90
647,12.24
694,5.97
171,6.12
141,5.95
968,5.87
151,5.95
571,0.00
353,5.88
371,5.84
322,0.00
770,5.98
198,5.82
322,5.67
693,0.00
911,5.64
948,12.06
97,5.78
575,0.00
975,5.69
274,5.78
331,5.93
203,5.89
946,12.32
180,5.83
474,0.00
851,6.03
333,5.99
111,6.05
237,6.05
993,0.00
749,12.23
741,12.36
239,6.00
767,6.09
962,12.44
431,6.18
905,12.44
67,6.22
916,0.00
990,12.55
235,6.00
281,5.95
782,5.93
150,0.00
672,6.03
772,0.00
512,0.00
634,12.51
875,6.11
878,0.00
761,6.01
661,5.95
975,0.00
841,6.02
217,6.08
594,0.00
444,6.17
65,6.17
161,12.35
140,6.19
352,5.96
251,0.00
869,5.91
549,6.00
575,6.02
621,0.00
364,5.89
770,6.03
852,6.14
939,5.96
316,6.03
691,6.14
753,6.15
447,0.00
226,6.15
579,6.07
424,6.20
287,6.20
442,0.00
665,0.00
355,6.04
971,6.15
300,6.25
540,6.12
888,0.00
875,6.17
786,6.28
811,6.44
261,6.36
892,6.36
652,6.38
713,0.00
951,6.38
609,0.00
440,6.43
130,6.40
410,0.00
465,0.00
990,6.26
61,6.10
190,6.09
790,0.00
468,6.10
156,6.08
962,0.00
638,6.27
488,6.27
746,0.00
613,0.00
489,12.32
861,12.24
267,6.03
541,12.04
521,6.04
163,6.05
876,6.14
999,6.09
930,6.10
28,6.05
673,6.08
726,6.12
820,0.00
968,12.35
976,6.31
980,6.34
16,6.10
304,6.13
671,0.00
232,6.07
442,0.00
397,6.08
256,6.03
276,5.97
108,6.00
97,6.01
522,0.00
269,5.93
907,5.92
321,5.93
59,5.91
440,0.00
817,5.81
753,5.81
128,5.89
732,0.00
497,0.00
498,5.80
109,5.69
287,5.71
252,5.58
682,5.54
436,5.63
352,5.62
1,5.71
925,0.00
990,5.55
248,5.63
673,0.00
946,5.61
466,5.55
923,0.00
292,5.58
496,5.65
485,0.00
502,5.53
954,0.00
876,17.84
144,5.56
728,0.00
764,5.76
224,5.85
454,0.00
314,5.83
202,5.76
410,0.00
295,5.86
774,0.00
683,5.80
41,5.77
870,5.75
800,5.75
577,5.83
249,5.81
602,5.69
293,5.72
934,0.00
672,12.00
573,0.00
722,11.99
227,12.06
680,5.97
41,5.82
914,0.00
64,5.69
804,11.71
547,5.68
204,5.64
45,5.65
975,11.79
960,5.64
961,11.88
622,5.75
340,5.76
770,5.74
50,5.60
494,5.58
576,5.68
759,0.00
360,5.67
277,5.77
29,5.83
707,0.00
660,5.76
489,0.00
279,5.77
908,5.70
108,5.71
249,5.64
594,11.35
600,5.66
166,5.67
90,5.61
430,5.59
342,5.63
316,5.64
552,0.00
729,0.00
323,5.59
868,5.57
90,5.60
261,0.00
231,5.71
591,5.68
65,5.69
597,0.00
531,5.55
716,5.59
320,5.59
464,0.00
979,11.14
365,5.57
168,5.58
423,0.00
785,5.58
578,0.00
271,5.52
193,5.44
105,5.40
250,5.37
525,5.27
808,5.27
500,5.26
869,0.00
986,5.32
460,5.46
332,5.30
619,0.00
59,5.45
499,0.00
434,5.28
474,5.34
528,5.31
224,5.41
899,5.29
222,5.30
874,23.48
240,5.27
496,0.00
914,5.43
790,0.00
742,5.58
257,5.59
931,17.36
831,5.49
292,5.61
865,0.00
844,5.42
579,5.50
966,23.58
119,5.64
966,5.60
915,5.73
154,5.60
841,5.60
474,5.61
609,5.56
756,5.63
122,5.64
741,11.38
31,5.83
140,5.58
163,5.58
869,0.00
929,11.42
587,5.75
185,5.76
495,0.00
462,5.62
500,5.76
223,5.74
814,0.00
437,5.83
853,5.92
175,6.03
624,0.00
716,5.90
522,5.98
497,0.00
167,5.80
357,5.80
600,0.00
999,5.77
325,5.89
565,0.00
822,5.90
1000,0.00
646,6.06
464,6.12
101,6.02
101,6.10
923,11.45
369,6.04
209,6.04
532,0.00
968,6.07
229,6.16
214,6.07
820,0.00
639,0.00
890,6.02
977,0.00
412,6.13
990,6.04
315,6.07
244,6.09
189,6.22
755,6.12
882,6.22
207,6.22
955,6.33
432,6.07
841,0.00
605,11.56
959,6.21
978,17.48
129,6.20
351,0.00
511,11.77
467,6.34
446,6.23
707,0.00
410,6.28
988,0.00
162,6.42
296,6.30
192,0.00
414,11.88
403,6.37
589,11.97
702,11.97
456,6.47
560,6.39
483,11.95
424,6.50
98,6.43
157,6.45
983,0.00
868,6.62
451,6.55
271,0.00
121,6.57
320,6.46
156,6.46
767,0.00
235,6.46
230,6.66
92,6.46
534,6.46
17,0.00
583,0.00
993,0.00
12,6.55
541,0.00
545,0.00
132,6.28
418,6.28
1,6.26
248,6.25
971,0.00
917,6.35
425,6.45
864,6.45
908,6.55
282,6.54
288,6.63
458,6.56
442,0.00
747,12.37
318,6.49
722,6.42
86,6.45
295,0.00
811,6.45
442,0.00
633,0.00
700,6.52
664,12.49
942,6.51
238,6.44
302,6.59
574,6.51
88,6.54
663,0.00
546,6.44
544,6.47
531,6.49
898,6.33
263,6.54
438,0.00
859,6.45
35,6.46
887,12.70
72,6.50
287,0.00
97,6.43
921,6.28
5,6.39
699,0.00
215,6.31
91,6.26
993,12.54
397,6.26
967,6.25
105,6.20
128,6.27
607,0.00
757,6.13
870,6.20
94,6.27
681,0.00
398,0.00
143,6.38
591,0.00
12,6.34
484,6.20
258,6.24
589,6.15
346,0.00
685,6.19
419,6.20
607,0.00
513,6.14
57,6.32
506,0.00
848,6.28
154,6.41
246,6.51
828,0.00
770,6.31
712,6.45
546,6.57
59,6.65
120,6.57
856,6.39
710,6.53
703,0.00
128,6.62
892,0.00
649,6.66
660,0.00
109,6.71
55,6.61
628,0.00
38,6.47
428,0.00
823,6.38
253,6.47
992,6.42
556,6.53
569,6.54
112,0.00
852,6.42
285,6.47
699,0.00
621,6.32
163,6.43
928,6.43
335,6.51
720,0.00
631,12.92
669,6.38
96,0.00
445,12.98
250,6.55
430,0.00
784,6.40
665,6.43
509,0.00
451,6.39
616,6.42
938,6.35
585,6.57
565,0.00
409,6.38
711,6.38
692,6.48
904,6.58
591,6.60
91,0.00
905,13.12
185,6.56
344,6.45
697,12.72
422,6.69
542,0.00
195,6.57
415,6.70
74,6.69
9,6.55
237,12.98
813,6.61
664,6.65
14,6.43
537,0.00
777,6.55
918,6.48
168,6.56
466,6.55
590,6.36
5,6.41
873,0.00
793,6.51
475,6.56
470,6.49
18,6.68
72,6.47
255,6.47
712,0.00
287,6.54
580,6.34
791,6.40
574,0.00
407,6.40
537,6.30
642,6.38
465,6.39
345,6.32
289,6.12
418,6.16
750,6.25
299,6.13
509,0.00
118,6.17
767,0.00
514,6.13
404,6.09
270,0.00
221,0.00
901,6.11
818,6.17
650,6.18
68,6.26
616,0.00
91,6.18
286,6.19
719,6.08
39,0.00
476,0.00
914,6.07
789,6.11
556,0.00
373,0.00
272,6.22
442,6.18
717,6.11
281,6.14
10,6.20
446,6.18
186,6.08
857,6.01
695,0.00
576,0.00
998,6.17
185,6.13
464,6.11
917,0.00
24,6.34
747,6.25
909,0.00
493,6.32
438,0.00
545,0.00
695,6.19
683,12.63
390,6.39
135,6.25
915,12.82
342,6.26
852,6.11
213,6.19
171,6.17
153,6.05
245,6.00
1,6.02
823,0.00
280,6.01
847,6.01
697,5.98
901,12.49
321,6.08
488,0.00
616,0.00
587,0.00
421,6.12
969,0.00
519,0.00
998,18.90
965,12.69
224,6.13
16,6.14
412,6.22
671,0.00
738,6.13
356,6.06
386,0.00
237,6.15
797,0.00
810,0.00
825,18.95
829,6.27
92,6.19
272,6.37
979,12.44
662,12.50
194,6.51
338,6.31
101,6.26
379,0.00
589,6.23
833,0.00
970,6.34
231,6.57
343,6.36
886,6.32
283,6.38
531,6.28
743,0.00
987,6.34
31,6.47
803,6.44
11,6.45
560,0.00
853,6.48
495,12.53
703,6.61
402,6.48
197,6.39
54,6.41
558,0.00
216,6.48
705,0.00
23,6.34
352,6.39
69,6.47
908,12.39
220,6.48
874,6.29
76,6.40
823,0.00
415,6.42
72,6.34
733,6.25
714,0.00
769,6.44
454,6.17
408,6.27
644,6.27
932,6.36
773,6.37
388,6.37
664,0.00
670,12.71
761,12.74
197,6.49
545,6.23
751,6.43
566,6.40
732,6.53
376,6.54
681,6.67
619,0.00
844,6.52
736,0.00
923,6.70
352,6.47
84,6.60
194,6.50
195,6.57
475,0.00
680,12.44
645,6.31
76,0.00
497,6.18
288,6.30
80,6.34
42,6.38
509,6.29
617,0.00
919,6.24
716,6.21
295,6.37
333,6.38
41,6.29
260,6.28
979,0.00
635,0.00
141,6.23
296,6.30
977,6.24
967,6.35
156,6.33
353,6.41
424,12.59
4,6.33
659,0.00
514,0.00
877,6.24
469,6.14
905,0.00
98,6.14
272,6.14
997,6.14
87,6.16
668,0.00
779,6.08
590,0.00
452,0.00
985,6.05
23,6.15
683,6.12
311,0.00
736,6.26
955,6.26
459,0.00
783,6.32
550,6.39
65,6.40
802,6.29
758,0.00
838,6.26
800,6.34
546,0.00
743,6.37
152,6.35
44,6.28
369,6.21
479,6.21
265,6.29
619,6.10
310,6.12
197,6.09
519,12.65
228,6.19
981,12.57
833,6.38
185,6.25
622,6.32
614,6.40
103,6.35
3,6.31
993,12.91
36,6.25
320,6.22
95,6.08
153,6.19
345,6.06
346,6.13
230,6.06
271,6.12
632,6.08
507,6.13
582,6.14
810,12.55
362,6.06
434,6.07
857,6.15
305,6.18
376,0.00
357,6.04
110,5.96
265,5.96
333,5.99
937,5.81
267,5.93
350,5.76
527,5.76
115,5.83
61,5.75
830,0.00
266,5.77
703,0.00
840,5.66
982,5.70
214,5.72
337,5.73
805,5.71
177,5.76
751,5.79
858,5.89
702,5.78
234,5.83
594,0.00
900,5.80
679,0.00
720,5.73
595,5.82
508,5.88
997,5.69
825,11.96
909,0.00
47,5.85
32,5.70
605,5.75
990,18.52
15,5.89
684,0.00
654,5.60
373,5.51
307,5.59
863,5.50
203,5.62
215,5.60
292,5.62
207,5.55
452,5.57
672,5.70
596,0.00
814,11.71
788,5.59
139,5.41
546,0.00
196,5.33
993,0.00
800,11.61
696,5.37
13,5.32
415,5.38
78,5.47
899,0.00
499,5.41
667,5.54
759,0.00
345,5.58
197,11.78
514,5.66
928,5.66
491,18.11
120,5.62
610,5.68
212,5.63
623,0.00
946,5.70
457,0.00
92,5.82
252,5.79
848,5.80
302,5.81
735,5.83
908,11.70
312,5.93
627,5.90
726,5.92
61,5.84
211,5.90
467,0.00
577,5.86
101,5.85
654,5.90
565,5.92
559,5.98
712,0.00
505,5.85
667,0.00
668,0.00
618,5.81
825,5.87
768,0.00
687,5.97
744,6.05
231,6.13
319,6.00
511,0.00
989,11.77
226,6.09
892,11.91
767,6.03
350,0.00
706,11.94
670,0.00
168,6.21
882,0.00
274,6.28
722,6.21
616,6.29
545,6.43
532,6.49
690,0.00
697,0.00
88,6.47
688,0.00
456,0.00
149,6.58
845,0.00
311,6.60
214,6.62
844,12.11
831,12.08
544,6.57
338,6.66
702,18.32
936,12.30
684,6.83
427,6.68
496,6.56
816,12.04
55,6.68
455,0.00
587,0.00
503,6.54
652,6.66
386,6.68
24,6.50
271,6.60
181,6.64
969,0.00
495,6.51
973,12.15
457,6.55
864,6.55
30,6.66
597,0.00
902,12.48
527,6.74
262,0.00
399,0.00
946,6.89
389,6.75
836,6.85
715,7.00
283,7.01
647,6.93
145,6.88
58,7.03
942,0.00
590,0.00
350,6.97
966,6.93
21,6.95
13,0.00
84,6.90
840,0.00
467,6.86
521,0.00
381,6.91
113,6.97
194,6.78
584,0.00
278,6.70
468,6.64
388,12.55
437,6.74
29,6.49
441,6.53
236,6.49
311,6.50
217,6.34
50,6.23
273,6.17
895,0.00
579,6.06
403,6.12
14,6.13
670,0.00
602,5.95
82,5.93
522,5.97
57,5.80
254,5.88
430,0.00
782,5.75
728,5.70
920,5.75
841,12.42
563,0.00
819,18.23
643,5.97
119,12.57
101,5.93
501,6.13
897,12.62
771,12.72
929,5.84
588,6.08
396,6.03
37,5.92
76,5.92
281,5.98
583,0.00
884,5.73
256,5.85
644,0.00
649,0.00
140,5.91
87,5.98
899,0.00
936,12.70
765,12.43
505,6.04
120,5.91
144,5.79
32,5.93
32,5.87
760,5.75
551,5.84
310,5.82
986,5.74
315,5.67
366,5.65
732,12.37
964,5.51
33,5.52
168,5.39
657,0.00
774,5.49
507,5.57
617,5.54
282,5.54
561,5.46
281,0.00
788,5.47
8,5.46
572,5.43
689,0.00
122,5.49
526,0.00
691,5.50
820,0.00
57,5.51
227,5.53
433,0.00
594,5.54
107,5.53
810,5.59
486,0.00
834,5.73
7,5.71
169,5.65
21,0.00
500,5.65
734,5.69
489,5.71
324,5.61
618,5.67
217,5.64
962,0.00
31,5.76
94,5.76
554,5.74
135,5.80
141,5.67
704,0.00
726,11.49
807,5.55
594,5.51
412,0.00
594,5.57
850,5.54
31,5.53
391,5.59
970,18.11
367,5.64
298,11.44
862,5.61
378,5.57
511,5.50
442,5.59
850,0.00
867,5.68
219,5.63
866,0.00
144,5.61
205,5.54
446,0.00
796,11.54
161,5.53
947,11.53
13,5.46
889,0.00
858,5.48
629,5.40
872,11.27
600,5.52
966,11.14
379,5.58
579,11.10
733,5.67
89,5.73
609,5.58
536,5.61
453,5.51
246,5.60
166,5.62
598,0.00
603,5.60
877,5.57
951,5.64
451,5.70
384,5.64
243,5.71
50,5.66
851,5.61
309,0.00
712,5.64
355,0.00
630,11.22
395,0.00
115,5.69
766,0.00
607,0.00
502,5.67
322,5.77
806,0.00
480,5.69
833,5.71
489,5.86
820,5.89
705,5.82
495,5.83
443,5.96
585,0.00
341,5.84
692,5.93
465,6.01
937,6.07
231,0.00
376,6.09
500,6.13
844,6.14
191,6.13
57,6.14
713,0.00
705,6.06
744,17.46
113,6.10
94,6.11
488,0.00
548,6.05
992,29.48
163,5.99
864,6.15
17,6.00
200,6.07
21,5.90
504,0.00
988,11.54
48,5.98
258,5.82
992,5.82
366,0.00
1000,5.84
912,5.94
677,11.39
599,5.93
271,5.99
860,0.00
784,6.05
775,6.09
347,11.57
637,6.21
425,5.99
42,11.51
702,6.08
151,6.14
780,11.48
501,6.08
834,6.08
50,6.12
952,0.00
440,11.57
799,6.23
203,0.00
155,6.13
585,6.10
664,0.00
136,6.24
896,0.00
390,0.00
74,6.25
936,0.00
761,6.19
214,6.26
175,6.32
176,6.22
160,6.12
689,0.00
41,6.12
226,6.22
601,6.09
510,6.04
31,6.12
753,6.01
517,0.00
499,6.02
83,6.10
33,5.92
673,0.00
840,5.77
248,5.92
413,0.00
322,5.80
331,5.81
759,0.00
627,5.68
357,5.69
118,5.64
724,0.00
421,5.81
734,0.00
139,5.70
561,5.57
159,0.00
939,5.69
749,5.71
174,5.74
877,17.35
297,0.00
798,5.63
534,0.00
306,11.89
120,5.56
500,11.78
841,11.79
101,5.66
849,11.59
870,5.69
52,5.60
398,5.76
871,5.65
429,0.00
795,17.10
813,11.66
805,5.53
676,5.62
189,0.00
935,5.50
10,5.53
402,0.00
55,5.50
846,5.41
824,0.00
308,5.49
854,5.50
664,5.59
27,5.35
108,5.48
629,5.34
843,0.00
949,5.62
643,5.58
72,5.52
262,5.51
30,5.40
411,5.36
260,5.45
462,0.00
726,5.33
368,5.40
551,5.42
66,5.43
67,5.44
993,5.35
726,5.44
321,0.00
759,5.53
427,0.00
365,5.53
473,0.00
829,5.48
208,5.62
256,5.46
889,0.00
542,0.00
949,5.54
171,0.00
748,5.64
128,5.69
55,5.61
544,0.00
853,5.57
264,0.00
519,5.68
588,5.62
312,0.00
599,5.65
569,5.74
399,11.51
331,5.80
534,0.00
534,11.42
76,5.60
867,11.39
875,5.90
198,5.79
60,5.78
796,5.87
636,17.70
188,5.92
203,0.00
644,5.81
368,5.73
806,5.85
689,11.65
466,11.65
411,6.06
889,0.00
757,5.88
233,5.91
795,0.00
893,17.64
472,11.63
61,6.01
238,5.74
801,5.80
372,0.00
390,5.77
420,0.00
95,5.99
508,0.00
511,5.90
687,5.87
660,0.00
811,0.00
696,5.90
462,5.90
560,0.00
429,5.63
494,5.73
24,5.58
730,5.55
686,0.00
562,5.68
433,0.00
423,0.00
923,5.63
956,0.00
856,5.75
631,5.88
214,11.41
789,6.01
48,6.02
777,0.00
999,11.39
140,5.97
262,5.95
151,5.87
29,5.89
938,5.86
78,6.02
709,5.86
860,5.89
87,5.94
160,5.86
414,0.00
15,5.64
339,5.64
954,0.00
237,5.70
250,5.71
105,5.56
904,5.58
98,5.63
629,0.00
585,5.40
395,0.00
496,5.45
185,5.42
650,0.00
191,5.43
752,5.43
121,11.26
227,5.39
542,0.00
966,5.60
871,5.36
859,11.34
770,11.24
526,0.00
335,5.44
771,0.00
726,5.45
487,5.38
417,5.47
655,5.55
258,5.68
699,0.00
874,5.55
719,5.66
700,11.79
731,5.83
178,5.63
646,11.45
361,5.76
161,5.73
162,5.73
639,0.00
896,5.72
782,5.78
434,0.00
885,5.81
357,5.80
994,11.69
458,5.93
328,0.00
705,11.59
316,5.90
629,5.96
864,0.00
954,6.14
450,6.18
177,6.27
780,0.00
904,11.93
571,6.34
438,0.00
219,6.35
448,0.00
779,0.00
875,6.13
79,0.00
739,6.15
465,0.00
904,12.00
311,6.15
173,6.16
583,6.18
891,6.15
38,6.16
293,6.16
507,0.00
902,6.16
43,6.29
226,6.18
906,0.00
916,6.33
202,6.42
217,6.53
702,6.40
540,6.48
173,6.47
890,6.45
795,0.00
874,6.53
248,6.64
236,6.59
452,0.00
215,0.00
759,6.71
926,0.00
620,6.63
503,0.00
336,6.54
948,12.19
51,6.61
764,12.06
653,6.57
841,23.63
571,6.40
757,6.45
334,6.55
86,6.55
778,0.00
603,6.35
255,0.00
754,11.94
605,6.39
475,0.00
226,6.30
769,12.14
40,6.36
249,12.05
654,6.29
847,6.24
258,6.13
465,6.22
476,0.00
281,6.26
516,0.00
578,6.22
396,6.27
851,0.00
96,6.18
547,0.00
691,12.13
688,0.00
451,0.00
238,6.17
470,0.00
636,0.00
902,5.88
7,5.97
371,5.92
329,5.74
4,0.00
190,5.77
818,5.73
635,0.00
861,5.80
216,6.00
392,0.00
743,5.79
575,5.92
991,0.00
784,6.11
593,5.99
443,6.09
709,0.00
698,6.13
876,6.11
477,6.23
23,6.25
299,6.12
587,6.12
735,0.00
19,6.01
937,0.00
413,5.93
391,5.98
687,6.02
283,6.11
591,6.11
722,0.00
906,12.70
446,6.15
619,6.04
424,0.00
850,6.10
86,6.10
924,0.00
384,6.10
537,0.00
783,6.22
118,6.15
115,6.10
366,6.16
226,6.08
977,12.66
453,6.08
339,12.57
232,6.18
453,6.15
537,0.00
420,5.98
311,0.00
981,6.01
673,6.03
289,6.20
872,6.11
485,0.00
775,6.11
235,6.15
691,0.00
40,6.10
602,0.00
727,0.00
119,5.97
497,5.91
365,6.01
976,6.01
323,6.05
554,0.00
304,5.98
663,0.00
126,6.00
262,6.09
26,5.95
678,5.88
864,5.93
275,5.98
33,5.91
244,5.84
628,5.82
202,5.87
456,0.00
547,5.83
660,0.00
527,5.79
940,0.00
792,5.86
253,5.96
148,0.00
400,5.90
93,5.97
795,0.00
800,11.87
28,5.78
135,5.77
346,5.73
452,0.00
909,0.00
706,5.70
545,0.00
117,5.70
909,5.69
692,5.73
882,5.80
434,0.00
857,5.91
897,0.00
356,5.85
619,5.81
91,0.00
697,0.00
753,5.71
178,5.82
942,11.87
146,5.93
20,5.75
332,5.81
608,0.00
870,5.68
405,0.00
800,11.94
521,5.77
339,5.70
902,0.00
715,0.00
68,5.92
623,12.04
715,18.53
422,12.06
233,5.82
367,5.76
100,0.00
612,0.00
51,5.82
5,5.64
181,5.68
766,0.00
791,11.89
842,11.66
597,5.62
26,5.62
717,18.03
512,5.62
180,5.63
994,5.54
570,5.55
763,0.00
590,5.70
768,5.70
487,0.00
195,5.74
510,5.73
843,5.74
454,0.00
133,5.75
974,0.00
215,5.82
882,5.86
463,0.00
913,5.97
321,6.04
626,5.79
668,5.76
405,0.00
141,5.76
344,5.70
412,0.00
444,5.71
956,5.77
53,5.78
427,0.00
391,5.64
754,5.69
348,5.76
311,5.64
567,0.00
540,0.00
843,5.67
795,5.81
227,5.62
401,5.71
15,5.79
934,0.00
758,5.55
600,0.00
616,5.64
189,5.72
227,5.65
569,5.54
352,5.62
499,0.00
490,5.58
291,5.51
826,5.50
904,23.98
374,5.54
360,5.44
442,5.54
174,5.46
515,0.00
637,5.33
71,5.37
871,5.44
352,5.44
981,11.32
208,5.27
294,5.32
878,0.00
332,5.37
312,5.44
657,5.34
814,0.00
995,11.17
783,11.10
540,11.16
392,5.70
14,5.54
285,5.55
208,5.68
1000,5.73
531,5.82
355,5.59
714,0.00
401,5.46
359,11.13
788,5.45
85,5.33
813,5.39
168,5.38
38,5.40
125,5.37
353,0.00
518,5.20
69,5.25
175,5.26
898,11.09
168,5.12
294,5.17
340,5.16
156,5.11
972,0.00
15,5.03
645,0.00
210,5.28
58,5.16
97,5.11
606,5.02
849,5.08
709,0.00
422,5.12
901,0.00
537,5.29
6,5.30
196,0.00
317,0.00
76,5.30
711,5.16
672,5.17
277,5.18
992,5.12
249,0.00
782,5.27
992,5.11
996,10.75
172,5.25
201,5.10
313,5.20
854,0.00
198,5.29
513,0.00
720,5.31
588,5.42
721,5.43
594,10.93
925,5.58
59,5.53
48,5.41
124,5.50
434,5.40
796,0.00
168,5.40
856,16.86
163,5.63
921,5.71
172,5.62
260,5.57
796,0.00
607,11.01
742,11.08
859,11.23
85,5.85
480,0.00
317,5.76
619,0.00
150,5.63
785,0.00
299,5.58
437,0.00
941,11.28
711,5.63
437,5.64
872,11.16
608,5.63
651,0.00
357,5.61
984,0.00
450,11.22
548,5.76
695,5.56
394,0.00
84,5.65
19,5.65
756,0.00
658,5.74
873,5.76
226,5.86
38,5.86
588,0.00
946,0.00
496,5.85
35,5.93
701,0.00
489,5.94
21,6.03
982,0.00
605,5.89
342,5.97
326,6.03
857,5.96
550,0.00
316,5.90
480,5.85
605,5.89
830,5.90
375,0.00
612,5.96
301,6.07
509,6.12
596,6.17
790,5.95
933,6.02
553,6.08
117,6.04
860,0.00
709,0.00
279,5.90
632,0.00
696,5.85
535,0.00
407,0.00
867,5.80
160,5.80
634,11.24
573,5.74
984,11.17
91,5.63
95,5.71
546,0.00
930,5.65
215,5.65
180,5.55
763,5.63
935,11.26
5,5.54
589,11.32
808,11.18
266,5.58
547,0.00
475,5.42
254,5.53
298,5.62
932,5.54
800,5.74
584,5.65
230,5.76
167,5.77
852,5.63
480,5.68
966,5.72
306,5.65
972,11.27
863,5.76
329,5.84
39,5.78
819,11.55
932,5.89
125,5.90
332,5.76
350,5.94
469,5.86
309,0.00
219,5.95
181,6.02
471,0.00
583,5.85
54,5.94
774,5.83
582,5.91
254,5.86
513,0.00
854,5.76
868,0.00
500,5.81
204,5.85
500,0.00
872,5.72
318,5.84
601,5.78
153,5.88
910,5.93
884,5.93
862,6.04
509,0.00
183,5.88
553,5.88
941,0.00
892,0.00
338,5.79
941,5.91
580,6.00
866,5.99
693,0.00
253,6.10
798,6.11
460,0.00
725,6.20
405,0.00
907,6.18
304,6.25
239,6.24
315,6.19
672,0.00
315,6.27
846,6.18
46,6.31
760,11.88
540,6.34
200,6.17
861,12.21
678,6.31
915,0.00
342,12.09
737,12.01
185,6.57
617,6.46
926,6.61
881,11.97
33,6.40
541,11.77
145,6.33
13,6.37
581,0.00
840,6.36
580,6.46
115,6.49
309,6.28
429,0.00
243,6.30
946,6.25
549,0.00
922,12.11
769,12.28
991,6.57
592,6.60
228,6.38
288,0.00
714,0.00
665,6.27
865,6.27
256,6.41
616,6.22
466,6.23
784,0.00
286,6.41
81,6.31
210,0.00
763,6.30
3,6.43
637,6.40
581,0.00
893,6.32
750,0.00
211,6.35
212,6.40
863,0.00
870,6.36
118,6.36
164,6.33
720,0.00
974,6.29
203,6.20
123,6.25
182,6.24
781,0.00
41,6.23
569,0.00
688,12.05
140,6.04
412,11.94
498,5.95
610,0.00
524,5.79
880,5.87
253,5.98
354,5.81
533,0.00
738,5.81
285,5.84
706,0.00
143,5.85
307,5.85
700,0.00
383,5.83
645,0.00
270,5.77
978,5.77
44,5.83
532,5.62
609,5.62
40,5.74
485,0.00
939,5.50
1,5.60
251,11.92
935,5.59
953,5.56
270,5.57
634,5.60
675,0.00
749,0.00
499,5.43
979,5.59
631,5.66
532,0.00
922,5.64
875,12.15
716,5.68
616,12.16
486,5.72
997,5.80
288,5.61
845,0.00
811,12.09
876,5.82
566,5.80
80,5.83
671,5.74
618,5.73
448,0.00
881,5.74
30,5.93
332,5.80
683,0.00
593,0.00
358,5.86
227,5.81
931,5.89
313,5.99
651,0.00
213,5.92
101,6.01
219,5.87
413,0.00
832,5.89
665,5.85
894,5.87
862,5.88
850,12.25
342,6.07
69,5.97
350,6.06
83,5.93
890,0.00
21,6.01
179,6.01
167,5.95
137,0.00
638,0.00
674,6.08
398,5.87
208,0.00
599,0.00
932,5.90
348,0.00
979,6.05
24,6.08
17,6.06
461,0.00
186,5.99
927,5.99
832,0.00
810,6.03
617,0.00
463,5.95
104,5.95
747,0.00
585,6.26
760,0.00
718,6.33
513,6.34
581,0.00
607,6.32
493,0.00
530,12.01
462,0.00
342,11.82
577,11.94
845,6.31
315,6.45
360,6.42
710,6.46
904,6.46
681,6.40
861,6.30
443,6.27
213,6.31
240,6.11
483,6.02
511,6.08
996,11.89
771,6.25
477,6.00
829,6.04
385,0.00
857,0.00
322,11.75
695,6.13
177,5.96
599,6.03
161,5.97
584,0.00
562,0.00
802,5.88
924,5.96
704,11.83
397,5.91
7,6.00
501,5.97
688,0.00
340,0.00
75,5.95
7,6.00
309,6.00
731,0.00
461,5.99
430,0.00
882,5.90
818,6.02
496,0.00
650,5.90
409,5.89
998,5.96
19,6.12
303,5.96
466,5.99
191,5.99
924,0.00
623,5.99
602,6.04
137,6.13
681,6.03
287,6.15
499,0.00
7,5.95
458,5.90
164,5.91
459,0.00
943,5.97
103,5.98
511,0.00
964,5.93
117,6.00
169,6.07
999,6.01
593,5.79
915,12.01
432,5.84
586,5.85
875,5.80
268,5.83
417,0.00
743,5.82
908,12.18
802,24.26
614,0.00
28,5.91
612,0.00
472,5.79
971,5.85
947,5.89
141,5.89
20,5.92
37,5.79
41,5.75
593,0.00
479,5.78
587,0.00
551,0.00
327,5.78
159,5.71
448,5.84
910,17.50
119,5.89
68,5.91
28,6.00
511,0.00
74,5.72
614,5.72
731,5.75
886,17.59
694,11.73
35,5.75
6,5.71
458,0.00
834,5.66
175,5.73
870,5.64
279,5.75
910,5.56
770,5.56
525,5.52
169,5.64
713,5.59
973,5.69
890,0.00
480,0.00
899,5.95
232,6.11
451,6.01
633,0.00
891,0.00
432,0.00
379,5.86
116,5.82
227,5.82
503,0.00
278,0.00
703,5.93
794,6.04
609,0.00
27,5.94
311,5.83
92,5.78
249,5.74
75,5.74
153,5.80
46,5.81
96,5.71
182,5.74
625,0.00
955,5.57
45,5.58
442,5.64
933,0.00
131,5.80
794,0.00
122,5.57
875,5.65
213,5.58
129,5.59
885,5.49
778,5.59
440,5.68
293,5.45
853,17.81
83,5.54
435,5.58
893,0.00
272,5.64
8,5.59
230,5.55
157,11.26
797,11.26
164,5.58
95,5.46
14,5.43
5,5.43
84,5.43
117,5.41
194,5.41
938,0.00
188,5.40
264,5.27
261,5.23
505,0.00
135,0.00
217,5.25
561,5.25
977,0.00
898,5.44
894,5.52
495,0.00
269,11.18
762,5.56
847,5.47
490,5.58
380,5.53
560,5.55
895,0.00
837,0.00
205,5.59
815,5.62
735,5.76
150,5.79
389,0.00
76,5.51
191,5.43
564,0.00
978,5.09
860,5.11
216,5.10
40,5.23
649,0.00
864,5.01
745,0.00
248,5.16
156,5.23
413,5.23
773,5.23
184,0.00
178,0.00
909,5.11
234,0.00
419,5.07
308,5.13
483,5.15
440,0.00
132,5.22
907,0.00
350,5.31
602,0.00
157,5.38
439,0.00
642,5.42
904,0.00
567,5.55
588,5.34
480,5.38
449,5.40
958,16.81
651,11.21
817,5.57
931,11.04
715,5.61
863,11.25
279,5.75
195,5.59
540,5.59
3,5.46
181,5.44
75,5.44
525,5.43
911,0.00
545,5.53
203,5.42
338,5.54
977,0.00
348,5.72
353,5.72
416,5.78
474,5.65
644,5.75
486,5.75
171,5.86
264,5.75
260,5.67
740,0.00
476,5.68
905,0.00
855,11.19
882,5.73
214,5.83
773,5.60
688,5.74
868,5.94
248,5.67
1000,5.76
588,5.89
227,5.99
972,0.00
266,5.95
457,0.00
388,0.00
488,5.80
765,0.00
886,0.00
411,6.05
709,6.05
718,0.00
118,6.10
678,0.00
364,6.06
569,6.13
149,6.17
122,6.05
235,5.95
407,5.87
754,5.94
800,5.94
455,5.92
127,6.00
201,6.07
340,5.95
886,0.00
974,5.96
103,6.13
802,6.05
827,0.00
959,6.05
55,6.08
586,6.08
997,6.03
934,11.65
707,6.12
726,6.17
220,6.23
209,6.17
978,6.17
915,6.27
872,6.22
855,6.23
557,0.00
879,6.15
958,6.19
852,6.25
774,6.34
41,6.26
696,11.87
511,6.46
229,6.34
517,6.38
13,6.53
350,6.60
144,6.56
67,6.51
275,6.56
296,6.44
536,0.00
903,6.35
517,6.41
220,6.38
874,0.00
309,6.44
471,0.00
87,6.38
24,6.33
900,11.81
123,6.25
90,6.15
302,6.08
868,6.09
821,6.20
197,6.19
66,6.00
404,0.00
723,5.97
811,0.00
813,5.86
866,0.00
36,5.95
868,0.00
549,6.00
361,5.94
645,6.02
585,6.08
162,5.92
362,5.87
47,5.89
865,5.87
766,11.90
88,5.79
867,0.00
344,0.00
858,5.88
561,5.94
85,5.99
485,0.00
42,5.92
799,5.95
90,6.06
420,0.00
412,0.00
221,5.80
109,5.80
693,0.00
538,0.00
614,5.67
526,5.58
430,5.49
467,5.56
168,5.61
499,0.00
706,5.54
919,0.00
859,11.75
647,5.62
613,0.00
124,5.63
615,5.54
432,5.55
492,5.66
54,5.45
655,0.00
718,5.51
125,5.52
901,0.00
859,11.61
774,5.29
35,5.21
620,11.70
274,5.25
414,0.00
155,5.29
802,0.00
791,5.10
383,0.00
183,5.28
937,5.33
831,11.78
723,5.42
837,0.00
278,5.57
500,0.00
719,5.49
20,5.50
858,5.51
758,5.67
939,5.64
461,0.00
423,5.75
125,5.74
805,5.73
880,0.00
620,0.00
771,5.86
252,5.95
869,5.85
293,5.87
366,5.75
704,5.68
928,0.00
454,5.77
493,0.00
290,5.68
429,0.00
488,0.00
124,5.68
276,5.63
743,5.63
535,5.74
824,0.00
993,5.56
496,0.00
668,0.00
984,5.81
632,0.00
256,5.78
113,5.78
149,5.92
543,5.87
85,5.96
770,0.00
578,5.91
905,5.95
645,6.06
825,0.00
793,5.98
515,0.00
442,6.12
918,6.06
619,6.11
391,6.13
82,6.17
210,6.02
749,5.99
265,6.21
813,0.00
249,6.15
35,6.17
214,6.10
826,6.20
799,6.34
785,0.00
515,6.26
247,6.33
541,6.33
975,23.44
143,6.40
238,6.18
331,6.31
100,6.11
33,6.16
716,0.00
863,11.31
343,6.06
344,6.12
74,5.91
487,5.93
58,5.92
894,5.88
289,5.95
200,5.87
433,0.00
532,5.86
664,5.89
369,5.95
882,0.00
198,5.85
656,0.00
694,0.00
389,5.69
181,5.74
252,5.73
480,0.00
847,11.53
721,5.69
261,5.78
880,5.71
559,0.00
602,5.85
368,0.00
583,5.86
505,0.00
401,6.05
462,0.00
961,6.02
265,6.20
524,6.16
166,6.16
363,6.11
592,0.00
540,6.15
444,6.05
703,11.63
111,6.14
118,0.00
344,0.00
524,0.00
757,0.00
885,5.93
340,6.02
728,5.92
42,6.02
521,0.00
629,5.96
397,5.93
846,0.00
484,5.95
527,0.00
262,6.02
487,0.00
612,5.85
147,5.83
687,0.00
121,5.73
697,0.00
575,0.00
476,5.64
10,5.73
566,0.00
312,5.67
46,5.75
671,0.00
536,5.59
224,0.00
422,0.00
714,0.00
394,5.48
457,5.49
228,0.00
391,5.57
938,17.27
320,5.63
33,5.50
321,11.96
476,5.64
950,5.69
656,5.96
520,0.00
425,12.02
53,5.94
234,5.89
263,0.00
672,5.96
624,6.11
327,5.95
190,6.01
456,6.01
410,0.00
495,0.00
956,0.00
824,6.08
253,6.22
510,0.00
889,6.12
401,6.19
293,6.22
150,6.27
195,6.18
870,0.00
399,11.85
707,11.69
119,6.24
594,0.00
600,6.03
801,5.84
177,5.96
65,5.89
389,5.75
587,0.00
598,0.00
74,5.62
467,0.00
666,5.67
28,5.77
161,5.78
504,0.00
613,5.61
737,5.62
745,11.60
775,5.81
71,5.91
17,0.00
833,5.73
346,5.85
366,5.80
718,0.00
547,5.74
910,0.00
322,5.86
220,5.89
786,5.83
366,0.00
228,5.91
481,0.00
874,5.90
195,6.02
941,5.93
852,6.03
534,0.00
900,6.12
584,0.00
603,6.02
806,0.00
404,6.07
19,6.23
21,6.16
531,0.00
770,6.10
773,6.22
682,6.26
19,6.26
506,0.00
936,6.21
252,6.22
203,6.08
323,0.00
11,6.23
553,6.10
280,6.11
46,6.07
455,0.00
748,5.91
706,0.00
701,0.00
762,5.99
918,11.97
272,6.10
237,5.89
154,6.09
37,6.01
860,0.00
949,5.82
663,5.82
213,5.89
521,0.00
350,5.77
437,5.77
380,0.00
931,23.48
804,12.00
794,5.92
252,6.04
781,0.00
382,6.08
944,0.00
649,6.23
389,5.98
850,0.00
42,6.08
724,6.08
809,6.23
968,0.00
195,6.38
111,6.29
380,6.18
440,0.00
431,6.22
34,6.28
205,6.29
780,6.30
112,0.00
515,6.10
643,11.84
559,6.24
259,6.25
351,6.12
834,0.00
42,6.06
966,0.00
747,6.12
633,0.00
516,0.00
608,0.00
935,6.07
286,6.29
740,0.00
163,6.22
324,6.22
789,0.00
14,6.17
388,6.12
156,6.16
297,6.05
837,6.00
514,6.12
664,0.00
668,6.11
587,0.00
25,5.94
662,5.94
77,6.00
341,5.96
469,5.76
98,5.77
178,5.77
904,0.00
531,5.77
654,5.74
135,0.00
262,5.77
841,0.00
678,5.88
190,5.77
105,5.82
968,5.78
346,5.85
991,0.00
82,5.75
417,0.00
998,11.71
108,5.71
813,5.76
504,0.00
892,5.89
882,11.67
57,5.92
265,5.90
557,5.90
251,0.00
652,0.00
451,0.00
49,5.63
638,0.00
796,5.54
376,0.00
1000,11.78
976,0.00
153,5.79
279,5.65
887,5.68
838,5.82
154,5.58
366,11.92
679,5.58
558,5.72
607,0.00
218,5.78
867,5.75
860,5.87
143,5.83
950,0.00
931,5.84
276,5.98
6,5.96
980,5.87
176,5.88
903,12.06
73,5.93
131,5.84
592,0.00
174,5.60
33,5.66
351,5.55
396,5.58
723,0.00
858,0.00
935,5.58
716,5.75
470,5.81
479,5.86
401,5.85
465,0.00
848,5.82
466,5.67
56,5.76
762,5.79
879,5.85
55,5.85
104,5.85
779,5.78
627,11.59
829,5.91
564,5.71
251,11.47
824,5.80
704,5.80
710,0.00
343,5.81
359,5.77
726,5.65
340,5.74
315,11.54
3,5.71
846,11.33
884,5.76
187,5.77
254,5.72
949,0.00
790,17.37
849,11.64
526,5.64
94,5.45
186,5.56
818,5.52
405,5.60
378,5.70
795,0.00
136,5.77
509,0.00
82,5.80
936,0.00
992,11.45
609,5.68
478,0.00
284,5.91
872,5.77
603,5.82
33,5.75
546,0.00
709,5.68
112,5.77
560,0.00
477,5.93
908,5.74
881,0.00
854,6.03
88,6.08
795,6.03
175,0.00
534,0.00
488,6.06
442,0.00
858,5.94
436,0.00
700,6.17
412,0.00
579,6.06
774,6.19
685,0.00
674,6.18
104,6.31
828,6.27
106,6.41
877,0.00
949,0.00
859,0.00
947,6.13
191,6.05
440,11.95
546,6.24
392,6.25
515,6.21
663,0.00
704,0.00
957,6.12
592,6.23
490,6.44
955,0.00
551,6.46
287,6.49
822,6.56
757,6.68
644,6.61
854,6.74
741,0.00
788,18.34
373,0.00
563,6.78
137,6.74
160,6.69
973,0.00
599,0.00
561,6.80
283,6.68
416,0.00
755,6.64
212,6.82
785,0.00
648,6.86
426,18.35
494,6.92
45,6.92
692,6.84
756,0.00
942,6.75
112,6.84
507,6.74
227,0.00
7,6.85
173,6.67
952,0.00
968,6.71
270,6.72
118,6.72
329,6.65
669,6.52
363,0.00
927,12.45
141,6.62
398,6.52
577,0.00
646,6.48
148,6.43
274,6.25
811,6.14
249,6.14
75,6.33
732,6.16
172,6.17
550,0.00
646,12.19
55,6.26
696,0.00
307,6.11
549,0.00
819,12.27
337,6.33
601,6.35
365,6.13
522,0.00
31,5.99
457,6.03
635,5.88
646,5.92
375,0.00
115,5.96
265,6.01
759,6.01
164,6.12
240,5.89
577,0.00
266,5.89
335,6.02
66,5.87
385,0.00
210,0.00
899,12.15
442,0.00
844,0.00
894,5.93
13,6.08
745,5.92
329,6.03
250,5.99
318,5.92
580,5.82
20,5.89
648,12.45
549,5.70
406,0.00
488,12.63
669,5.81
295,0.00
361,0.00
423,5.95
529,0.00
217,5.84
477,5.77
401,5.64
536,0.00
798,5.75
422,0.00
428,5.60
162,5.68
463,0.00
465,0.00
125,5.63
180,5.63
386,0.00
891,12.57
379,5.74
366,5.60
776,0.00
709,5.57
611,0.00
379,5.57
10,5.65
274,5.60
841,5.53
249,5.64
808,0.00
935,5.59
332,12.25
760,5.73
309,0.00
159,5.67
532,5.77
684,0.00
968,0.00
130,5.83
9,5.83
625,0.00
342,5.70
187,5.70
110,5.71
372,0.00
172,5.56
379,5.56
426,0.00
267,0.00
374,5.50
638,0.00
324,5.54
852,0.00
633,5.68
604,0.00
899,5.59
552,5.61
42,5.77
477,5.65
875,5.60
386,5.65
963,5.69
952,0.00
748,11.75
568,5.73
474,5.68
911,11.84
27,5.77
667,5.69
98,5.74
321,11.48
115,5.64
342,5.49
180,5.55
530,5.44
181,5.47
50,5.49
806,0.00
860,5.52
730,5.51
616,5.63
391,5.37
524,0.00
527,5.38
473,5.29
168,5.39
116,5.47
189,5.47
525,5.42
507,5.44
487,0.00
100,5.40
586,5.33
448,5.33
13,5.48
624,5.40
583,0.00
474,5.40
143,0.00
340,5.54
280,5.43
48,5.39
28,5.37
378,0.00
920,5.46
336,5.36
185,5.34
320,5.32
443,5.36
184,5.27
550,0.00
565,0.00
720,5.14
942,0.00
877,10.98
912,5.15
153,5.28
859,0.00
80,5.14
725,5.14
142,0.00
175,5.17
532,0.00
603,5.28
429,0.00
677,5.33
772,5.33
714,5.55
166,5.62
829,5.36
936,5.35
811,5.45
297,5.46
464,0.00
708,0.00
870,5.41
514,5.47
261,5.58
328,5.45
404,0.00
783,5.29
941,5.32
151,5.41
640,11.07
694,5.39
403,0.00
854,5.55
836,5.36
339,5.45
810,5.45
204,5.61
984,5.69
112,5.70
850,0.00
559,5.80
583,0.00
252,5.93
784,0.00
367,0.00
749,5.91
767,5.79
371,6.00
734,0.00
971,17.02
518,11.30
297,5.89
206,5.84
900,5.84
122,5.97
535,0.00
726,5.88
50,5.95
732,5.79
358,5.92
895,0.00
825,0.00
951,6.00
245,6.14
506,11.47
747,6.21
900,17.06
222,6.20
884,0.00
637,6.21
275,6.27
1,6.33
626,6.28
497,0.00
772,6.22
660,0.00
898,11.67
302,6.19
382,0.00
49,6.28
998,6.30
350,6.42
118,6.33
735,0.00
355,6.30
849,0.00
240,6.38
840,6.39
43,6.42
3,6.19
373,0.00
720,6.23
65,6.23
377,6.35
545,6.49
458,0.00
171,6.35
498,0.00
940,6.21
397,6.20
80,6.21
679,0.00
540,6.12
526,0.00
558,0.00
435,6.26
687,0.00
485,0.00
643,11.61
909,6.22
408,0.00
245,11.44
175,6.11
922,0.00
92,6.12
128,5.91
580,5.95
191,5.97
434,0.00
198,5.92
150,5.85
442,5.78
448,0.00
582,5.84
501,5.78
241,5.94
682,17.11
913,5.95
119,5.79
267,5.75
908,11.84
675,5.91
837,6.00
68,5.85
106,6.01
572,0.00
179,6.01
446,6.01
783,0.00
571,6.09
343,5.96
556,0.00
877,5.93
176,5.97
972,0.00
525,11.97
922,6.01
254,12.13
219,11.94
683,5.93
853,5.76
780,0.00
984,0.00
996,6.01
643,6.09
959,6.14
553,12.47
499,6.16
653,6.17
282,6.18
623,0.00
799,0.00
728,0.00
883,6.19
516,6.18
607,0.00
849,0.00
474,0.00
122,6.28
314,6.34
610,0.00
992,0.00
273,6.15
470,0.00
970,6.11
21,6.31
410,0.00
355,6.24
980,6.23
763,6.32
230,6.42
30,6.42
1,6.43
66,6.24
972,6.14
449,0.00
19,6.23
75,6.17
393,0.00
714,6.17
520,6.23
447,0.00
44,6.05
18,6.23
917,6.10
82,6.10
111,6.12
98,6.07
227,6.07
956,0.00
235,6.10
165,6.06
280,6.05
886,0.00
229,6.17
609,0.00
42,6.05
312,0.00
761,0.00
389,17.85
785,0.00
907,5.98
236,6.08
60,6.05
383,0.00
928,17.83
642,5.91
610,0.00
292,6.06
448,0.00
541,5.94
489,0.00
616,5.97
102,6.00
790,5.84
996,5.86
667,0.00
110,5.90
368,5.79
389,0.00
917,5.98
663,5.99
436,5.93
525,5.82
209,5.89
287,5.86
960,5.79
50,5.88
746,5.80
928,5.82
298,5.78
396,0.00
814,5.72
438,5.64
156,5.81
839,0.00
915,5.80
113,5.73
924,5.73
207,5.86
547,0.00
220,5.73
411,0.00
996,5.75
950,5.79
184,5.84
211,5.63
607,0.00
180,5.68
506,5.66
528,0.00
323,5.65
70,5.63
125,5.67
155,5.67
519,5.67
962,11.81
820,5.68
901,5.75
230,5.85
31,5.79
557,5.79
309,5.88
421,5.87
718,5.70
286,0.00
303,5.65
379,0.00
693,5.78
780,5.72
492,0.00
728,5.73
425,0.00
238,5.77
681,5.76
275,0.00
313,5.79
666,5.89
710,0.00
764,18.04
191,5.92
996,17.93
52,5.94
587,0.00
670,5.93
532,5.81
85,5.91
757,11.84
916,5.97
169,6.08
438,0.00
911,5.95
863,6.02
128,6.10
219,5.99
606,0.00
376,0.00
842,5.94
103,5.84
718,5.82
313,5.89
163,5.81
686,0.00
152,5.70
741,0.00
1,5.63
915,0.00
763,5.66
312,5.54
105,5.58
840,5.59
397,5.61
246,5.49
582,5.47
494,11.29
938,5.57
223,5.58
442,0.00
356,5.41
608,5.37
506,5.38
23,5.32
894,5.29
220,5.33
76,5.27
59,0.00
334,0.00
214,5.23
466,5.30
340,5.37
765,0.00
920,5.33
187,5.28
723,5.41
476,5.46
252,5.56
412,0.00
358,5.36
167,5.36
898,0.00
729,0.00
232,5.43
108,5.45
719,11.16
62,5.45
180,5.32
497,5.37
315,5.49
238,5.39
400,11.12
417,5.51
461,5.26
430,0.00
2,5.32
210,5.32
174,5.33
811,0.00
176,5.18
963,0.00
12,5.06
304,10.89
181,5.07
837,5.11
955,5.05
443,5.06
885,23.19
929,5.17
159,5.15
602,0.00
22,5.14
100,5.05
180,5.05
136,5.02
770,0.00
990,4.91
26,5.00
816,4.93
183,0.00
424,0.00
820,0.00
662,10.99
500,0.00
946,11.11
856,11.09
170,5.27
7,5.25
777,0.00
588,5.31
440,5.34
211,5.34
324,5.41
231,5.35
210,5.37
179,5.35
172,5.29
636,5.29
212,5.35
928,0.00
467,5.08
154,5.19
77,5.29
686,5.20
740,5.27
168,5.23
277,5.20
359,5.25
945,5.16
343,5.30
535,0.00
394,5.30
756,5.30
724,5.31
41,5.30
346,5.29
66,5.32
943,0.00
558,5.29
915,5.15
411,0.00
48,5.17
670,0.00
835,5.17
118,5.25
47,5.31
406,0.00
906,5.22
198,5.32
810,0.00
582,5.27
666,5.37
648,5.50
308,5.52
632,5.42
773,0.00
937,10.99
556,0.00
3,5.48
948,0.00
779,5.56
883,0.00
862,5.69
390,5.73
740,5.76
473,0.00
289,5.79
274,5.86
154,5.79
266,0.00
448,0.00
968,0.00
787,10.84
990,5.80
594,5.81
702,5.82
275,5.89
395,5.84
717,0.00
707,5.82
328,5.88
591,5.88
51,5.97
200,5.99
297,5.99
296,5.82
249,5.86
517,0.00
117,5.73
257,5.73
914,0.00
12,5.72
795,5.63
459,5.75
754,0.00
875,0.00
926,0.00
829,0.00
211,5.98
973,5.93
45,6.06
109,6.18
779,0.00
737,6.02
649,16.64
939,11.41
150,5.98
260,6.10
649,0.00
243,11.29
879,6.11
61,6.26
165,0.00
97,6.15
621,6.12
889,6.22
603,6.20
933,6.28
9,6.23
576,0.00
306,6.21
58,6.28
893,6.22
476,6.22
517,0.00
245,6.24
797,0.00
838,0.00
279,6.19
103,6.26
530,0.00
477,6.19
981,0.00
587,0.00
623,6.26
193,6.27
31,6.30
243,6.11
240,0.00
74,6.17
650,0.00
954,6.14
691,6.23
832,6.24
35,6.25
684,6.12
191,6.23
597,0.00
718,6.17
643,6.04
129,6.23
829,6.20
29,6.21
808,6.18
378,6.19
943,12.11
602,6.27
284,6.28
159,6.17
728,0.00
919,6.35
516,6.16
254,6.22
862,0.00
803,0.00
245,6.18
532,0.00
293,6.08
702,0.00
773,6.06
77,5.96
127,5.95
209,6.14
783,6.02
48,6.16
2,6.05
410,0.00
521,5.95
526,5.96
76,5.98
453,0.00
733,5.77
387,5.65
429,5.53
935,0.00
914,5.64
352,0.00
926,11.82
996,5.76
205,5.70
626,0.00
942,5.98
112,5.78
700,5.77
120,5.77
990,0.00
869,11.98
183,5.73
411,5.67
363,0.00
457,0.00
108,5.80
624,5.73
772,12.02
899,5.79
78,5.70
955,5.74
610,0.00
467,5.76
159,5.95
861,0.00
628,5.93
633,5.93
133,6.03
317,5.92
273,5.84
838,0.00
573,12.18
683,5.88
116,0.00
895,5.97
878,0.00
496,0.00
178,6.10
655,0.00
398,6.16
443,0.00
953,6.08
942,6.15
690,0.00
995,12.51
287,6.33
48,6.16
481,0.00
631,6.16
959,6.29
140,6.32
597,6.12
685,0.00
378,6.09
413,0.00
826,6.05
757,6.15
932,0.00
913,6.28
379,0.00
731,6.29
356,0.00
719,6.37
154,0.00
875,6.45
182,6.50
704,0.00
720,12.52
682,6.42
817,0.00
36,6.52
986,6.55
139,6.56
259,6.53
133,6.49
471,6.59
136,6.64
501,6.64
352,6.73
358,6.53
286,6.48
869,6.40
984,12.23
300,6.47
201,6.36
93,6.45
115,6.29
773,6.30
128,6.39
83,6.31
555,0.00
739,12.06
908,6.33
872,6.29
2,6.29
528,0.00
629,0.00
940,6.30
246,6.41
459,6.51
694,6.57
531,6.34
222,6.23
75,6.28
860,0.00
799,6.18
946,0.00
448,6.28
806,6.28
533,0.00
979,6.47
598,6.40
251,6.38
214,6.29
436,0.00
480,6.18
86,6.20
139,6.04
286,6.09
102,6.00
826,5.98
737,6.12
201,5.95
705,0.00
848,5.91
465,0.00
297,12.13
711,12.13
520,5.87
914,12.09
57,5.92
415,0.00
792,12.19
607,5.91
539,5.83
322,5.84
72,5.82
349,5.70
31,5.75
19,5.57
398,0.00
134,5.59
113,5.45
683,0.00
236,5.55
341,5.48
412,0.00
494,5.45
281,0.00
570,11.91
715,5.47
33,5.38
125,5.42
411,0.00
830,5.43
172,5.45
626,5.50
697,5.35
361,5.42
419,0.00
142,5.44
138,5.42
936,0.00
375,5.42
22,5.40
942,5.40
620,5.46
667,5.51
153,5.32
912,0.00
599,5.47
977,0.00
522,11.97
271,5.64
414,5.57
603,5.69
555,5.51
753,0.00
532,0.00
181,5.56
720,5.66
524,5.65
322,5.82
760,5.65
32,5.66
4,5.67
837,5.57
360,5.64
213,5.42
252,0.00
336,5.50
270,5.42
757,11.66
655,5.39
361,11.75
734,11.71
355,5.45
740,5.32
21,5.38
870,0.00
928,5.60
87,5.62
159,5.59
943,5.46
11,5.64
483,5.49
290,5.46
405,0.00
696,5.34
337,5.48
146,11.47
264,5.53
24,5.38
222,0.00
192,0.00
438,11.43
86,5.41
894,5.43
775,5.55
749,5.62
350,0.00
255,5.44
309,5.48
661,5.49
495,0.00
23,5.58
469,0.00
102,5.54
792,5.51
646,5.50
318,5.59
790,5.50
87,5.59
190,5.59
450,5.55
66,5.65
407,0.00
864,5.48
992,10.93
57,5.56
516,5.56
14,5.58
892,0.00
107,5.52
493,5.58
533,0.00
961,5.61
624,0.00
588,0.00
49,5.78
982,5.74
894,5.86
698,5.87
640,5.93
13,5.73
498,0.00
838,0.00
596,5.69
130,5.63
601,5.69
642,5.76
901,5.77
107,5.80
630,0.00
438,0.00
272,5.49
618,5.43
264,5.52
705,5.62
398,5.56
823,0.00
354,5.69
417,5.76
991,5.69
91,5.69
446,0.00
973,5.71
76,5.72
440,5.76
13,5.77
225,5.69
927,5.50
91,5.60
672,5.51
592,5.61
87,5.68
34,5.51
619,0.00
819,5.51
236,5.51
713,0.00
942,11.13
473,5.65
522,5.67
624,5.53
74,5.64
979,0.00
970,23.19
434,0.00
899,5.76
712,5.77
84,5.85
441,0.00
62,5.80
715,0.00
159,5.72
304,5.79
572,5.75
840,5.75
174,5.76
878,11.32
948,11.53
23,5.92
117,5.81
121,0.00
838,0.00
129,5.84
665,5.86
164,5.93
47,5.86
913,5.92
376,5.92
955,5.86
488,5.84
924,0.00
5,5.89
90,5.87
887,11.42
94,5.88
66,5.78
611,0.00
117,5.78
773,5.74
592,5.75
125,0.00
561,5.79
52,5.67
233,5.64
743,0.00
844,11.41
703,5.80
400,0.00
729,0.00
756,5.88
386,5.67
496,0.00
623,5.80
800,5.76
868,5.96
675,0.00
526,5.94
121,5.94
561,0.00
142,5.83
858,5.79
506,0.00
939,5.87
221,5.88
423,0.00
356,5.91
453,6.01
566,6.01
236,5.81
337,5.95
810,0.00
827,6.03
780,0.00
856,5.98
993,6.12
331,11.72
398,6.29
771,6.44
405,0.00
530,6.17
675,11.77
880,11.82
833,6.37
170,6.38
36,6.14
678,0.00
465,6.30
330,6.18
400,0.00
525,6.12
892,6.20
674,6.31
874,6.15
548,0.00
80,6.30
876,6.23
476,6.29
969,6.40
502,6.47
613,6.48
162,6.35
557,0.00
369,6.46
750,0.00
199,6.44
67,6.35
816,0.00
136,6.39
757,0.00
294,12.30
824,6.43
675,6.40
431,6.50
767,0.00
716,6.38
34,6.47
415,0.00
800,0.00
824,6.54
454,0.00
561,6.52
13,6.59
144,12.17
995,6.56
645,17.95
230,6.58
250,6.59
321,6.55
873,6.46
476,12.41
34,6.60
12,6.51
454,0.00
889,12.30
568,6.38
511,6.31
833,6.42
680,6.43
705,6.33
2,6.31
496,0.00
251,6.32
319,6.32
544,0.00
37,6.29
537,6.20
473,0.00
281,6.22
256,6.14
623,0.00
569,6.05
859,11.99
755,6.02
369,0.00
69,6.10
866,0.00
106,6.19
97,6.05
427,0.00
774,0.00
765,12.33
801,6.05
303,6.00
11,5.95
742,0.00
211,6.02
160,5.95
60,5.95
724,5.95
279,0.00
953,5.93
800,6.12
798,0.00
912,12.01
928,6.09
143,6.03
171,6.03
21,5.88
772,5.80
654,5.86
736,5.91
662,12.10
402,12.20
762,6.03
704,0.00
28,5.88
330,5.93
754,0.00
505,5.88
168,0.00
795,5.88
408,0.00
517,5.75
440,0.00
58,5.63
453,5.71
305,5.87
711,0.00
914,5.67
928,5.72
411,0.00
924,5.77
527,0.00
220,5.86
729,5.83
556,5.94
918,5.86
25,5.86
403,5.73
163,5.93
196,5.84
728,0.00
180,0.00
547,0.00
346,5.96
77,6.09
19,5.83
559,0.00
747,5.83
278,5.96
883,5.79
55,5.97
967,0.00
871,0.00
735,6.02
411,0.00
890,5.98
61,6.11
575,6.11
594,6.15
404,5.99
758,6.03
568,6.15
571,6.15
17,6.08
717,6.08
727,0.00
83,6.03
266,6.08
339,6.08
794,0.00
651,12.12
719,6.10
355,12.12
188,5.99
689,0.00
8,5.94
650,5.94
353,6.01
640,6.14
702,6.06
995,6.17
325,5.99
662,6.14
299,12.02
360,11.88
354,5.94
946,0.00
766,6.01
145,6.03
86,6.03
701,0.00
944,11.77
361,6.02
817,11.70
180,5.92
195,5.94
827,0.00
362,5.85
332,5.92
80,5.87
744,0.00
637,5.92
844,0.00
762,11.77
547,6.04
376,0.00
401,6.02
480,0.00
191,5.96
44,5.94
813,0.00
390,5.86
690,11.72
201,5.86
811,5.84
310,5.79
155,5.90
118,5.83
704,0.00
841,5.91
870,5.71
381,5.80
634,0.00
647,5.82
89,5.86
699,0.00
575,5.83
940,11.74
144,5.83
80,5.89
208,5.78
453,0.00
652,5.65
965,5.68
173,5.68
548,5.70
714,0.00
769,5.82
248,5.82
95,5.85
192,5.74
776,11.79
104,5.65
437,5.68
21,5.69
186,5.51
104,5.61
398,5.45
284,5.40
736,5.40
616,5.47
157,5.41
514,0.00
913,5.48
94,5.36
862,11.31
624,0.00
898,5.23
432,5.24
850,5.18
934,0.00
619,5.34
774,11.48
367,5.51
65,5.35
531,5.28
686,5.34
978,5.48
845,5.57
669,5.65
31,5.66
326,5.57
8,5.43
910,0.00
294,5.44
689,11.30
108,5.53
661,5.36
932,11.43
30,5.41
884,5.25
613,5.50
119,5.25
339,0.00
659,0.00
773,5.30
894,0.00
160,5.44
483,0.00
615,11.30
361,5.46
611,0.00
12,5.37
939,5.36
261,0.00
909,5.41
412,0.00
883,5.51
533,5.40
192,5.26
408,0.00
789,5.19
27,5.32
981,0.00
206,5.26
223,5.33
178,5.36
775,0.00
256,5.34
577,0.00
166,5.32
733,0.00
320,5.26
759,0.00
857,5.30
303,5.31
502,0.00
227,5.43
545,0.00
24,5.46
99,5.55
202,5.59
503,5.51
211,5.50
359,5.53
536,5.59
246,5.65
97,5.47
862,5.47
458,0.00
572,10.98
969,11.01
150,5.61
692,11.09
400,5.81
848,5.78
12,5.83
72,5.72
811,0.00
650,11.04
227,5.76
27,5.71
126,5.65
958,16.58
109,5.59
17,5.39
496,0.00
240,0.00
909,5.36
918,0.00
56,5.18
895,5.21
430,5.23
836,5.27
753,5.36
146,5.39
424,5.29
670,5.42
896,5.54
402,0.00
79,5.44
424,5.44
693,16.85
722,5.59
869,5.38
418,0.00
846,5.48
298,5.63
569,0.00
879,5.44
776,5.56
794,0.00
319,5.53
883,5.52
296,5.66
401,5.53
905,16.82
917,11.00
955,0.00
824,5.82
699,5.87
835,5.83
63,5.90
534,0.00
844,5.84
971,5.90
272,5.88
603,0.00
268,5.95
735,5.87
817,0.00
560,5.94
66,5.89
76,5.75
648,0.00
937,5.80
107,5.91
603,0.00
222,5.83
301,5.83
287,5.83
513,0.00
346,5.76
557,0.00
8,5.67
386,0.00
726,5.55
861,0.00
484,5.76
990,0.00
635,5.78
104,5.86
582,0.00
171,5.81
873,0.00
941,16.86
481,5.93
183,5.90
238,5.90
490,6.12
895,6.04
704,0.00
809,11.21
694,6.14
792,6.15
240,5.95
152,5.87
440,0.00
598,11.35
502,0.00
226,5.92
19,5.81
221,5.81
220,5.98
76,5.90
649,0.00
892,11.25
89,5.75
603,0.00
661,5.74
825,5.82
569,0.00
909,11.41
177,5.85
86,5.72
511,5.75
284,5.76
240,5.64
765,11.29
221,5.60
438,11.41
236,5.53
706,5.52
505,5.51
610,0.00
847,5.36
363,5.43
929,0.00
989,5.43
823,5.45
340,5.47
365,5.47
568,0.00
246,5.44
274,5.48
706,0.00
461,5.39
740,11.20
487,5.43
217,0.00
757,5.40
254,5.57
955,0.00
83,5.56
587,5.51
114,5.57
973,5.57
481,5.68
351,0.00
288,5.73
705,0.00
916,17.22
874,5.78
176,5.59
179,5.56
955,0.00
143,5.44
692,0.00
526,5.54
755,5.63
154,5.73
738,0.00
485,5.65
294,5.63
636,5.64
774,11.76
694,5.61
810,0.00
1000,5.70
924,5.74
876,0.00
31,5.93
452,5.82
716,12.02
261,6.04
119,5.85
655,0.00
462,5.90
301,6.03
744,6.09
267,5.95
394,5.93
915,6.13
490,11.96
536,11.82
926,6.08
492,6.33
888,6.17
290,6.16
70,6.10
86,0.00
739,0.00
898,11.80
958,6.15
151,6.27
631,6.20
110,6.16
112,6.26
70,6.23
156,6.16
273,0.00
202,6.07
693,17.30
11,6.11
472,0.00
760,11.63
31,6.01
224,6.17
42,6.08
96,0.00
302,6.01
18,6.03
218,5.94
470,0.00
649,5.78
254,5.75
383,5.70
925,0.00
867,5.75
451,5.79
553,11.24
430,5.94
30,5.80
335,5.70
553,5.62
808,0.00
676,5.64
229,5.83
231,5.72
905,0.00
270,5.76
471,0.00
828,5.64
716,17.26
461,5.70
909,11.42
489,6.03
609,5.84
78,5.93
25,5.89
822,0.00
569,0.00
654,5.84
625,0.00
422,5.83
845,0.00
734,11.62
898,5.93
27,5.94
41,0.00
829,5.70
499,5.68
798,11.48
77,5.70
313,0.00
938,28.28
966,0.00
28,5.73
682,0.00
899,0.00
744,5.68
65,5.83
38,5.61
650,0.00
148,5.66
247,5.57
200,5.50
389,0.00
814,5.43
644,5.39
29,5.46
96,5.47
179,5.45
832,5.17
259,5.18
393,0.00
414,5.12
25,5.14
597,5.19
833,0.00
289,5.32
307,5.32
62,5.28
873,0.00
913,11.47
158,5.22
258,5.21
1,5.23
499,5.24
536,5.29
880,5.30
522,5.31
251,5.36
317,5.37
484,0.00
549,5.34
571,0.00
636,5.27
798,5.33
789,5.46
498,5.26
379,0.00
882,5.43
882,0.00
576,5.44
601,0.00
912,5.43
150,5.51
878,0.00
319,5.44
532,0.00
972,11.16
705,5.38
393,0.00
9,5.41
939,0.00
761,5.39
322,5.27
582,0.00
664,5.21
318,5.41
504,0.00
93,5.38
576,5.33
643,11.21
384,5.50
260,5.54
113,11.15
656,5.45
553,5.49
321,5.33
76,5.34
79,5.25
579,0.00
925,5.25
35,5.25
495,5.28
2,5.28
362,0.00
962,10.97
86,5.26
159,5.26
821,0.00
958,10.98
510,0.00
547,5.31
419,0.00
420,5.39
161,5.45
711,0.00
667,5.48
661,0.00
987,5.40
283,5.56
945,5.60
122,5.69
797,0.00
949,5.78
371,5.77
75,5.70
702,5.69
86,0.00
882,10.96
805,5.85
506,0.00
606,5.79
321,5.78
145,5.85
232,5.88
449,0.00
961,5.88
87,5.93
752,5.84
939,5.93
658,0.00
554,5.88
200,5.93
623,0.00
389,5.92
958,0.00
442,0.00
639,5.83
251,5.88
865,5.82
231,5.81
531,5.71
322,0.00
943,11.31
117,5.74
779,0.00
513,5.81
762,5.83
9,5.93
228,5.89
622,11.18
818,5.79
925,5.88
653,11.20
501,5.95
277,5.93
633,5.87
628,0.00
652,5.73
280,5.79
890,0.00
413,0.00
38,5.76
439,5.72
987,0.00
791,0.00
640,5.83
80,5.90
453,0.00
561,5.95
772,5.78
93,5.59
408,11.12
117,5.65
21,5.67
500,5.56
520,0.00
423,0.00
705,5.43
242,5.55
213,5.48
214,5.49
981,5.54
217,5.60
962,0.00
972,5.51
727,5.57
619,0.00
799,0.00
367,5.61
151,5.56
942,0.00
207,5.61
992,5.69
818,5.72
974,5.68
675,5.74
309,0.00
900,0.00
793,5.72
762,5.80
554,5.84
479,0.00
493,5.78
171,5.77
534,0.00
407,5.76
497,5.81
345,0.00
720,16.88
625,5.70
432,5.64
367,0.00
591,5.55
571,11.42
673,5.65
62,5.66
106,5.66
524,0.00
179,5.57
674,5.46
684,0.00
387,0.00
538,0.00
461,0.00
363,11.26
699,5.51
381,5.56
902,0.00
768,5.43
168,5.37
983,0.00
616,5.64
55,5.62
767,0.00
562,5.72
83,5.74
559,5.73
170,0.00
442,5.77
49,5.67
346,5.63
107,5.56
964,0.00
227,0.00
450,5.65
657,5.76
959,16.82
539,5.62
174,5.77
108,5.81
735,5.73
208,5.78
397,0.00
790,5.59
485,5.58
925,0.00
506,0.00
840,5.62
486,0.00
488,5.46
993,5.60
732,5.70
194,5.71
47,0.00
168,5.66
863,0.00
260,11.33
626,5.73
915,0.00
692,11.43
492,5.66
105,5.60
189,5.68
116,5.69
595,0.00
861,5.75
931,5.68
463,5.77
534,0.00
67,5.66
595,0.00
884,5.74
531,5.84
476,5.95
634,0.00
860,11.77
431,6.11
481,6.07
699,0.00
976,6.22
608,0.00
791,6.12
11,6.01
724,0.00
677,6.13
791,0.00
709,6.22
256,6.26
806,6.22
632,6.26
290,6.39
557,0.00
399,0.00
416,6.37
884,0.00
879,11.84
213,6.41
332,0.00
118,6.38
225,6.39
497,0.00
873,6.19
472,0.00
674,6.18
923,6.26
606,6.11
494,6.18
120,6.25
771,6.27
554,0.00
818,6.40
824,12.03
517,6.42
405,6.42
503,6.47
385,6.51
142,6.45
923,0.00
685,6.52
73,6.56
268,6.51
973,0.00
874,6.68
724,6.79
458,0.00
732,17.92
479,12.49
275,6.82
982,6.77
560,6.83
878,12.52
862,6.96
212,7.07
664,6.78
282,0.00
392,6.78
532,0.00
984,12.50
383,6.77
279,0.00
679,6.91
401,0.00
989,6.74
153,6.62
947,6.77
908,0.00
583,7.04
384,12.58
939,7.04
74,6.85
921,0.00
826,0.00
822,6.81
85,6.75
703,0.00
338,0.00
994,6.75
799,0.00
475,6.82
857,0.00
46,6.84
70,6.85
766,0.00
142,6.80
325,6.80
536,0.00
565,6.74
717,6.75
181,6.66
112,6.62
48,6.59
551,0.00
913,6.46
580,0.00
216,6.44
975,6.47
684,0.00
970,6.47
430,6.49
715,6.29
843,6.34
733,6.39
886,6.42
457,6.64
55,6.58
580,0.00
328,0.00
989,12.93
553,6.49
744,0.00
885,6.37
756,6.55
482,0.00
609,6.35
568,0.00
237,13.03
202,6.36
991,0.00
998,0.00
813,6.17
66,6.22
949,0.00
659,6.16
362,6.11
623,0.00
51,6.03
995,6.09
385,6.12
593,6.13
346,6.06
219,6.19
467,6.12
84,6.17
502,0.00
905,6.03
990,0.00
941,5.74
675,12.85
789,12.65
529,5.74
477,5.85
489,5.89
780,5.68
365,5.78
719,5.74
893,18.70
36,5.85
379,5.78
862,0.00
474,0.00
951,5.77
257,0.00
476,5.78
668,0.00
951,12.59
844,5.86
216,5.88
28,5.82
580,5.85
996,5.85
865,5.88
33,5.89
744,0.00
402,5.80
602,0.00
765,5.85
815,5.94
278,5.96
205,5.89
948,5.83
283,5.88
400,0.00
100,5.72
543,5.64
840,5.64
927,5.77
64,5.73
934,12.24
7,5.75
538,0.00
537,12.14
686,5.71
390,5.73
199,5.70
688,5.72
734,5.77
526,0.00
630,0.00
3,5.80
200,5.80
717,0.00
400,5.71
508,5.58
975,5.59
939,5.68
904,5.78
593,5.86
187,5.90
728,11.78
158,5.65
69,0.00
337,5.71
497,0.00
750,11.85
971,0.00
595,0.00
839,5.93
411,5.96
796,0.00
372,5.97
179,6.00
226,11.75
716,5.96
390,5.96
91,0.00
844,11.91
135,5.94
370,5.90
296,5.84
991,0.00
611,0.00
929,0.00
538,11.87
883,5.99
507,5.99
126,6.00
140,5.88
428,5.96
168,5.79
916,0.00
536,5.76
233,5.79
855,5.79
742,0.00
863,11.68
806,11.68
416,6.07
749,6.06
514,6.16
453,0.00
304,0.00
999,12.00
56,6.02
137,6.20
911,0.00
749,6.14
921,6.23
89,6.27
14,6.17
731,0.00
51,6.18
21,6.18
890,0.00
951,6.33
76,6.12
155,6.05
96,6.05
587,0.00
860,11.70
331,6.23
211,6.16
371,0.00
449,6.08
887,0.00
714,6.20
50,6.26
155,6.11
427,6.01
386,6.01
455,0.00
432,6.01
948,0.00
949,6.12
804,6.13
47,6.14
225,0.00
941,0.00
814,6.04
739,6.11
6,6.06
376,6.13
516,6.14
176,6.02
991,11.79
921,11.85
392,5.99
625,0.00
817,5.92
686,6.13
597,0.00
632,6.08
863,6.19
840,6.14
608,6.13
589,12.15
581,6.31
487,6.17
42,6.23
70,6.15
503,0.00
667,6.12
87,6.16
407,0.00
919,12.10
914,6.22
901,6.21
430,0.00
380,0.00
660,6.31
712,24.57
89,6.35
177,6.24
475,0.00
354,6.12
840,12.23
307,6.02
369,5.98
411,0.00
692,12.13
180,5.92
407,5.90
922,0.00
887,5.84
88,5.85
158,5.80
649,0.00
809,5.93
814,6.04
147,6.00
753,5.98
239,5.98
491,6.00
147,5.92
633,0.00
693,5.95
17,5.96
334,5.87
680,0.00
129,5.97
705,0.00
434,6.00
743,0.00
845,5.99
302,6.12
710,0.00
615,5.96
621,5.94
668,0.00
916,6.05
780,6.16
918,0.00
73,6.15
361,0.00
149,12.32
471,6.20
691,6.20
69,0.00
945,6.10
841,6.24
943,6.29
764,0.00
738,6.29
150,6.42
362,6.25
870,12.25
180,6.11
926,0.00
738,12.29
954,6.17
70,5.96
912,6.01
454,6.07
707,6.16
311,6.07
825,6.07
138,6.09
121,5.99
468,0.00
23,6.01
930,0.00
699,6.02
496,12.29
944,6.05
314,5.96
516,5.96
517,5.97
315,0.00
800,5.89
690,6.03
984,18.25
286,6.20
233,6.07
845,12.19
468,6.28
983,18.41
846,0.00
441,6.29
434,6.35
899,6.37
730,0.00
215,6.48
56,6.50
819,6.29
486,6.30
3,6.32
839,6.19
640,12.22
712,6.33
264,6.19
594,0.00
245,12.12
646,6.33
109,0.00
198,6.27
724,6.07
994,12.12
473,6.12
411,6.17
608,0.00
941,6.08
477,0.00
168,6.23
853,0.00
74,6.16
175,6.18
53,5.99
469,0.00
12,5.89
729,5.89
189,0.00
246,12.00
479,5.90
681,12.04
456,5.82
645,6.01
379,5.75
525,0.00
989,5.79
290,5.80
171,0.00
33,5.80
758,0.00
393,5.94
891,0.00
622,5.84
189,12.06
603,5.88
5,5.99
109,5.75
268,5.71
708,5.62
310,5.48
500,0.00
419,5.61
112,5.65
727,5.65
227,5.73
390,5.70
652,0.00
983,5.68
9,5.76
381,5.66
473,5.60
17,5.53
773,5.61
216,5.71
979,11.73
289,5.71
153,5.61
115,5.53
571,5.45
417,5.46
274,5.41
20,5.45
76,5.33
931,11.69
444,11.53
309,5.19
751,5.41
965,5.12
378,5.20
472,0.00
248,5.20
854,5.21
921,5.31
100,5.32
154,0.00
285,5.34
988,5.33
262,5.43
357,11.85
709,5.51
891,5.60
352,5.70
862,5.65
809,5.46
767,5.53
574,0.00
958,5.73
370,0.00
915,11.95
469,5.87
316,6.04
429,5.88
903,0.00
512,5.77
625,0.00
665,5.76
895,0.00
222,5.84
333,5.89
195,6.00
161,6.06
397,0.00
100,6.00
385,0.00
76,5.95
239,5.97
380,5.80
884,5.84
427,0.00
473,5.76
494,5.68
59,5.66
604,0.00
759,0.00
728,5.77
288,5.80
680,5.76
953,5.73
366,5.80
683,5.78
202,0.00
377,5.97
863,11.66
153,6.02
688,0.00
149,6.01
24,6.10
550,0.00
981,6.02
662,0.00
791,6.10
354,6.15
197,6.15
783,0.00
822,6.04
29,6.04
805,6.00
410,6.07
683,0.00
213,6.18
329,6.22
547,0.00
914,0.00
490,11.61
817,6.28
910,11.74
978,6.26
502,6.27
319,6.28
436,6.30
551,0.00
698,6.25
718,0.00
967,6.19
964,6.18
348,6.19
264,0.00
827,6.12
669,6.04
363,6.06
111,5.92
715,0.00
300,5.93
667,0.00
777,5.72
789,5.69
796,11.74
891,11.80
594,6.01
184,5.86
408,0.00
712,5.96
272,6.00
116,6.01
828,0.00
271,5.93
567,5.87
575,0.00
10,5.93
919,0.00
144,6.03
416,0.00
115,6.05
819,0.00
384,0.00
444,6.05
240,6.05
473,5.96
92,6.07
904,0.00
461,5.93
993,0.00
317,5.94
533,5.87
427,0.00
701,0.00
838,5.92
852,5.97
246,5.79
519,5.77
195,5.91
350,0.00
454,5.70
75,5.73
869,5.67
936,0.00
983,5.78
435,0.00
525,5.84
626,5.96
199,5.98
72,5.99
202,5.95
644,0.00
722,5.87
640,0.00
863,5.97
72,5.94
343,5.82
764,0.00
355,12.18
997,5.91
864,12.37
726,12.36
71,5.79
817,5.77
221,5.92
614,0.00
583,5.98
973,0.00
567,6.09
685,0.00
854,6.02
384,6.19
465,6.20
436,6.26
723,6.32
399,6.22
662,0.00
816,12.28
675,12.31
175,6.27
155,0.00
915,6.21
551,6.38
970,6.28
169,6.33
679,6.36
125,6.43
418,0.00
881,0.00
667,6.18
985,6.26
442,6.27
118,6.19
329,6.12
3,0.00
197,6.21
185,6.22
17,6.11
351,6.10
559,0.00
208,6.10
738,0.00
397,6.04
59,6.05
659,5.99
40,6.07
742,17.99
310,6.15
252,5.98
957,0.00
636,6.10
485,0.00
616,6.17
69,6.08
279,6.01
441,6.05
693,11.85
561,6.14
30,5.98
229,0.00
46,6.10
320,6.15
197,6.07
672,0.00
662,11.86
960,5.99
493,0.00
333,0.00
798,5.94
297,5.98
529,0.00
809,6.02
976,0.00
290,6.07
809,0.00
946,6.05
336,6.14
475,0.00
318,6.06
385,6.06
800,6.06
543,0.00
492,0.00
654,6.15
719,0.00
985,0.00
178,6.31
554,12.23
764,6.21
555,0.00
52,6.31
204,6.11
995,0.00
338,6.04
31,5.94
238,5.95
126,5.94
239,5.75
480,0.00
773,5.78
836,5.81
34,5.82
633,0.00
266,5.80
458,5.77
362,0.00
618,11.90
956,5.67
788,5.87
682,5.80
21,5.82
121,5.79
745,5.72
62,5.88
470,0.00
821,0.00
314,5.85
660,5.86
659,5.99
523,5.77
331,5.76
819,5.81
438,5.82
788,6.02
808,5.91
667,5.97
364,6.08
100,6.10
917,0.00
331,6.09
610,0.00
480,6.08
98,6.16
860,0.00
166,6.08
872,6.15
352,6.29
458,6.21
531,0.00
520,0.00
738,6.23
795,0.00
867,0.00
181,6.23
318,6.34
916,12.11
449,6.27
852,6.31
415,6.39
398,0.00
857,6.20
438,0.00
870,6.23
900,6.28
325,6.33
302,6.23
677,6.20
479,6.26
242,6.33
129,6.36
874,0.00
906,6.15
436,6.32
576,0.00
711,6.04
387,6.11
288,6.11
908,0.00
953,6.27
690,18.58
6,6.15
72,6.15
686,6.26
394,6.27
879,0.00
488,0.00
175,6.27
541,6.34
709,0.00
946,6.42
78,6.48
271,6.38
433,6.38
339,0.00
559,6.35
862,6.42
848,6.60
261,6.53
790,6.58
450,0.00
828,12.29
308,6.50
168,6.33
671,0.00
866,6.56
520,6.41
56,6.64
46,6.53
310,6.43
603,0.00
534,0.00
368,6.47
723,6.34
845,6.37
28,6.18
615,6.23
557,0.00
494,6.20
229,6.19
596,6.22
179,6.16
780,12.22
737,6.23
109,6.24
669,6.19
299,6.33
611,0.00
162,6.22
508,6.08
701,6.08
227,6.15
998,6.13
78,6.07
219,0.00
21,6.22
480,0.00
739,18.38
460,6.07
335,6.08
128,6.06
805,6.12
711,6.18
428,6.00
866,6.02
16,6.14
705,0.00
94,6.18
94,6.05
391,0.00
70,5.96
381,0.00
965,5.84
371,5.88
314,5.80
537,5.85
162,0.00
976,5.84
165,5.93
975,5.76
49,5.90
842,0.00
86,5.80
199,5.81
864,18.16
398,5.67
878,5.62
956,5.75
516,5.90
110,5.72
723,5.71
857,0.00
243,5.66
393,5.70
144,5.72
890,5.66
82,5.87
980,0.00
284,5.75
912,0.00
177,5.59
476,0.00
120,5.47
373,5.48
315,5.38
271,5.27
33,5.36
197,5.13
159,5.12
707,5.11
452,0.00
527,5.21
325,0.00
815,5.26
874,5.35
683,11.83
85,5.45
335,0.00
546,0.00
693,11.83
317,5.62
105,5.38
142,0.00
933,5.33
332,0.00
777,5.40
290,5.61
109,5.53
20,5.54
135,5.46
739,5.36
195,0.00
766,5.34
756,5.36
33,5.36
437,5.44
664,5.28
921,5.29
660,5.34
942,0.00
636,5.47
113,5.42
52,5.39
866,5.36
881,5.38
314,5.33
996,5.31
351,0.00
359,5.39
767,0.00
264,5.51
108,5.50
671,0.00
678,5.41
383,5.50
671,0.00
86,5.71
22,5.73
863,0.00
826,5.65
404,5.51
423,5.53
410,5.56
445,0.00
403,5.69
90,5.67
59,5.54
581,5.45
983,11.20
996,5.47
318,5.54
29,5.57
401,0.00
543,5.48
503,11.20
300,5.55
219,5.42
800,0.00
849,11.28
884,5.49
654,5.61
298,5.67
492,0.00
587,5.71
324,5.77
929,0.00
159,5.87
749,0.00
327,5.84
262,5.89
188,5.89
618,5.99
853,0.00
688,6.02
456,6.10
245,6.09
491,0.00
570,6.13
152,6.07
547,5.98
229,0.00
794,11.50
406,6.00
588,5.93
441,0.00
324,5.99
308,5.92
106,5.99
473,5.82
551,5.93
183,5.98
128,6.04
231,6.06
389,5.91
202,5.90
193,0.00
972,6.00
243,6.08
399,0.00
490,5.95
124,6.03
836,5.92
414,0.00
596,5.93
51,6.03
39,5.93
638,0.00
496,0.00
174,5.95
710,5.87
588,5.97
775,5.76
314,5.73
666,0.00
900,5.79
55,5.85
426,5.92
86,5.95
882,0.00
321,5.88
562,0.00
17,5.66
537,5.70
748,0.00
510,5.77
291,5.78
735,0.00
557,5.80
733,5.83
503,5.89
417,0.00
402,5.78
233,5.78
320,5.81
439,0.00
69,5.87
540,0.00
868,11.34
402,5.89
188,5.90
394,0.00
84,5.87
803,0.00
359,5.79
153,5.83
811,0.00
963,5.75
226,5.75
134,5.66
279,5.71
341,5.69
313,5.70
208,5.51
474,5.44
216,0.00
583,0.00
328,5.49
518,5.42
802,5.47
341,5.50
943,5.47
510,0.00
917,0.00
987,5.32
114,5.30
210,5.25
856,11.25
188,5.44
332,5.33
768,5.26
858,11.33
488,0.00
409,5.35
250,5.36
283,5.30
528,0.00
676,5.22
587,5.38
886,5.36
620,5.48
137,5.51
152,5.43
438,0.00
150,5.47
707,0.00
999,5.47
428,5.47
591,5.35
481,5.36
922,5.41
362,5.40
575,5.41
404,0.00
325,5.46
520,11.23
227,5.47
569,0.00
797,11.28
824,0.00
969,0.00
401,5.56
326,5.45
261,0.00
95,0.00
208,5.52
333,5.47
480,0.00
483,5.43
827,5.39
52,5.46
245,5.46
99,5.47
272,5.41
6,5.41
593,5.33
113,5.39
357,0.00
347,5.24
304,5.30
771,0.00
996,5.28
597,5.41
398,5.34
375,0.00
438,5.25
542,0.00
902,5.33
766,5.40
139,5.39
417,5.30
236,0.00
787,5.38
124,5.51
501,0.00
709,5.44
991,5.50
940,5.43
10,5.44
609,0.00
232,11.14
681,11.06
674,5.76
996,5.77
83,5.61
375,5.64
960,5.70
88,5.58
910,10.93
757,0.00
456,5.70
27,5.70
667,5.70
659,5.75
458,5.83
43,5.70
554,5.70
504,5.77
85,5.59
339,5.69
18,5.53
845,5.49
793,5.52
958,0.00
499,5.61
752,0.00
837,5.74
647,11.34
244,5.93
735,5.98
322,6.08
632,5.90
771,6.09
188,6.12
630,0.00
16,6.01
402,5.93
50,5.93
516,11.24
298,5.93
154,5.89
492,0.00
510,5.89
159,5.88
774,0.00
886,11.35
644,5.81
342,5.96
82,5.85
328,5.85
205,5.86
498,0.00
784,0.00
458,0.00
222,5.82
844,0.00
71,5.97
505,0.00
457,5.98
50,6.03
788,6.03
324,0.00
825,6.21
852,6.19
60,6.20
673,0.00
633,6.21
826,6.28
211,6.37
737,0.00
395,6.36
930,11.77
34,6.37
668,6.19
921,6.35
897,11.72
175,6.34
164,6.38
926,0.00
16,6.46
481,0.00
498,6.40
564,0.00
523,0.00
993,0.00
66,6.26
44,6.25
586,0.00
389,6.20
35,6.16
1,6.18
401,11.77
700,6.08
169,6.09
679,0.00
960,0.00
474,11.68
423,6.07
312,6.14
20,5.92
219,0.00
363,5.99
431,0.00
39,6.01
862,0.00
867,6.05
888,6.00
950,11.57
72,6.19
326,6.21
118,6.07
809,0.00
272,5.97
954,0.00
282,5.85
10,5.75
368,0.00
5,5.81
209,5.63
363,0.00
438,5.73
960,0.00
689,5.69
421,5.80
49,5.91
742,5.92
44,5.82
73,5.88
116,5.86
253,5.77
112,5.81
843,0.00
857,0.00
661,11.61
291,5.72
507,5.74
5,5.82
448,5.81
616,0.00
401,5.90
809,0.00
306,5.67
212,5.67
515,0.00
238,5.64
58,5.67
608,0.00
600,0.00
688,5.46
980,5.58
675,5.67
196,5.67
221,5.52
110,5.42
375,5.33
433,0.00
911,5.24
5,5.38
68,5.38
465,5.38
677,5.46
807,0.00
99,5.35
597,5.36
662,5.18
245,5.26
413,5.14
340,0.00
107,5.23
338,5.08
593,0.00
897,5.05
906,4.99
610,0.00
435,0.00
149,5.27
146,5.27
593,5.33
715,5.34
906,11.20
337,5.31
127,5.34
590,5.23
743,5.37
532,0.00
576,5.41
790,5.43
452,5.62
989,5.55
104,5.56
732,5.56
275,5.50
248,5.53
944,0.00
96,5.39
966,5.45
804,0.00
841,5.54
378,5.48
420,0.00
786,11.28
321,5.66
164,5.71
220,5.69
370,0.00
758,5.41
849,5.60
644,0.00
522,5.59
438,5.54
374,5.64
67,5.58
942,5.46
592,0.00
270,5.51
308,5.51
887,0.00
434,5.55
992,5.59
523,5.68
37,5.69
446,5.54
649,5.63
283,5.61
867,5.58
25,5.63
292,5.66
448,0.00
432,0.00
965,11.18
114,5.57
423,0.00
304,5.61
676,0.00
390,5.68
330,5.58
388,5.62
262,5.68
315,5.60
796,0.00
364,5.54
554,0.00
931,5.68
353,5.64
989,5.71
977,10.95
394,0.00
606,5.91
770,6.03
411,0.00
479,6.05
266,6.06
9,5.98
445,0.00
664,5.88
744,6.02
876,6.10
935,0.00
492,6.25
21,6.11
533,0.00
952,6.12
263,6.02
13,6.13
698,6.10
166,6.11
621,6.03
925,6.24
14,6.12
320,6.07
103,6.20
364,6.07
885,0.00
684,6.02
931,6.19
816,6.25
620,6.39
609,6.15
799,6.22
987,6.23
897,11.79
178,6.30
522,0.00
838,0.00
512,6.24
784,6.27
991,6.30
81,6.38
836,0.00
868,0.00
498,6.35
379,6.36
228,6.33
752,6.28
543,6.42
880,0.00
530,0.00
711,6.38
829,6.50
515,0.00
118,6.53
239,6.56
38,6.50
26,6.50
874,0.00
27,6.51
850,6.45
666,11.96
304,6.34
101,6.39
114,6.38
929,0.00
93,6.43
214,6.42
776,6.41
913,6.41
713,0.00
630,0.00
517,6.42
891,6.43
34,6.31
737,12.30
389,6.42
581,6.41
197,6.47
701,6.28
418,0.00
675,0.00
672,0.00
618,0.00
526,6.23
868,0.00
766,6.25
190,6.42
252,6.29
115,0.00
229,6.29
280,0.00
880,0.00
619,6.27
239,6.13
620,0.00
132,6.22
241,6.12
456,0.00
119,0.00
806,12.32
643,0.00
895,6.28
969,0.00
121,6.40
803,0.00
852,12.50
710,6.39
92,6.30
547,0.00
647,6.24
746,12.41
43,6.21
946,6.14
88,6.15
157,6.26
539,0.00
176,12.45
526,6.34
791,6.40
651,0.00
881,6.25
465,6.32
925,6.27
602,6.47
554,6.49
310,6.51
82,6.48
58,6.56
204,6.43
399,6.23
581,0.00
898,12.68
692,12.70
34,6.21
577,6.26
775,6.04
327,6.11
195,6.21
493,0.00
274,6.22
451,0.00
701,12.85
895,12.75
537,6.48
570,6.62
53,6.40
541,0.00
41,6.53
991,0.00
410,6.52
773,6.50
55,6.51
943,6.36
113,6.46
19,6.43
715,0.00
212,6.31
652,0.00
785,6.27
511,6.14
417,12.51
158,6.31
456,6.22
700,6.09
442,6.18
777,6.00
617,6.00
134,6.10
739,6.09
511,6.15
282,6.16
656,6.07
673,6.07
422,6.11
149,6.04
532,5.91
650,0.00
424,5.71
455,0.00
351,5.74
400,0.00
120,5.69
634,5.68
984,0.00
713,12.14
111,5.90
691,5.88
301,5.83
890,5.83
4,5.75
178,5.65
86,5.59
465,0.00
560,5.54
578,11.74
134,5.59
294,0.00
932,5.49
779,0.00
317,5.53
898,0.00
927,11.94
604,0.00
780,5.56
394,5.64
745,0.00
520,5.62
567,5.59
205,5.53
596,5.46
252,5.49
556,0.00
175,5.56
20,5.61
518,0.00
790,0.00
766,0.00
803,5.36
463,5.31
921,11.91
69,5.43
982,12.03
640,5.54
405,5.71
541,0.00
885,5.65
567,5.68
635,5.80
260,5.81
419,5.82
499,0.00
638,5.81
772,12.18
909,12.27
165,6.00
794,0.00
936,12.35
936,12.20
940,6.17
770,6.26
144,6.27
213,6.12
393,0.00
987,6.15
730,6.27
184,6.29
699,12.34
893,6.24
772,12.41
881,6.42
637,0.00
289,6.39
52,6.24
516,6.38
892,12.40
237,6.49
449,0.00
335,6.54
143,6.45
735,6.45
362,6.51
795,0.00
970,0.00
648,6.46
725,12.21
746,6.60
822,6.61
570,6.55
787,6.64
841,6.97
374,6.78
775,6.87
745,0.00
401,12.36
983,7.00
348,6.99
433,6.82
889,6.84
311,6.93
527,6.94
871,12.62
854,7.07
491,7.18
913,0.00
776,12.94
647,7.32
933,12.92
278,7.40
355,7.35
1,7.24
654,0.00
135,7.39
592,7.34
456,7.34
729,0.00
734,7.52
20,7.58
436,0.00
348,12.85
763,0.00
148,7.41
497,7.44
277,7.45
218,0.00
338,7.37
364,0.00
377,7.15
200,7.20
587,0.00
67,6.98
91,6.97
382,6.87
643,0.00
512,0.00
748,6.75
624,0.00
790,6.91
302,6.78
767,12.87
340,6.80
600,0.00
982,6.73
34,6.64
556,0.00
999,12.91
331,6.64
280,6.58
575,6.45
817,12.77
91,6.34
127,6.32
836,6.32
20,6.47
585,0.00
478,6.33
764,0.00
506,6.34
100,6.38
723,6.30
421,6.23
384,6.25
405,6.07
110,6.08
306,6.02
243,6.06
800,0.00
612,5.92
687,5.93
924,12.76
79,6.08
664,0.00
117,5.86
97,5.88
901,0.00
743,12.67
354,5.61
572,5.76
343,5.87
57,5.76
623,5.73
618,5.74
999,5.60
233,5.73
384,5.63
495,0.00
380,5.61
129,5.61
643,0.00
23,5.57
688,5.58
393,5.67
952,0.00
381,18.69
720,13.09
146,5.69
501,0.00
435,5.61
833,5.56
821,5.61
688,0.00
861,5.54
512,5.52
483,5.51
888,5.57
602,0.00
323,5.68
110,5.67
822,5.62
779,5.64
390,5.71
201,5.82
510,0.00
715,5.82
10,5.83
220,5.77
900,0.00
908,0.00
264,5.72
582,5.75
444,0.00
553,0.00
541,5.82
907,5.63
629,0.00
478,12.49
785,5.88
890,5.73
116,5.87
472,5.87
642,0.00
677,5.98
493,5.83
386,0.00
209,5.85
536,0.00
425,5.92
246,5.85
399,0.00
991,5.88
517,5.95
179,6.04
732,0.00
193,6.03
106,6.25
625,0.00
944,6.22
570,6.08
230,6.13
175,6.14
375,0.00
548,0.00
939,11.88
767,0.00
500,6.09
204,6.15
497,0.00
682,5.92
488,0.00
294,5.76
27,5.80
478,0.00
348,5.73
920,0.00
354,5.75
965,5.67
829,11.39
472,0.00
711,5.71
427,5.81
115,5.65
668,5.65
667,0.00
375,5.84
218,5.84
86,5.75
115,5.77
758,5.63
744,5.73
880,5.57
714,5.70
88,5.70
861,11.35
46,5.74
347,5.63
312,5.80
102,5.73
430,5.71
875,0.00
575,5.86
199,5.88
946,0.00
825,5.85
893,11.64
182,5.89
822,11.53
992,5.94
178,5.96
713,5.88
619,0.00
782,11.91
881,18.27
893,11.90
48,6.21
435,0.00
941,18.41
271,6.17
384,0.00
695,6.10
358,11.98
120,6.22
613,0.00
900,6.32
230,6.14
76,6.16
743,6.15
624,0.00
605,6.01
128,6.05
170,6.03
266,5.81
345,5.86
598,5.83
150,5.83
51,5.72
827,5.71
564,5.72
159,0.00
959,5.77
154,5.82
677,5.85
559,5.98
105,5.99
610,0.00
721,5.96
540,0.00
911,5.91
688,6.03
397,0.00
526,6.17
79,6.23
432,0.00
522,6.28
455,6.09
105,6.16
439,0.00
222,6.14
980,0.00
443,6.18
544,6.22
276,6.23
992,11.92
288,6.23
90,6.09
638,11.73
163,6.02
482,0.00
840,5.95
122,5.95
156,5.95
664,5.85
895,5.93
169,5.83
590,0.00
365,5.77
243,5.77
233,5.86
916,0.00
124,5.65
493,5.55
22,5.54
250,5.50
461,5.59
189,5.60
961,5.45
442,5.46
406,0.00
559,5.42
410,5.38
716,0.00
224,5.27
233,5.20
207,5.14
551,17.11
296,5.16
279,10.99
466,5.08
432,5.12
478,0.00
287,4.92
623,4.92
176,5.14
171,5.03
369,0.00
538,4.99
350,4.97
930,5.00
391,5.03
278,5.04
887,5.00
359,5.05
109,5.25
937,0.00
779,0.00
272,5.33
665,5.27
669,0.00
877,5.39
718,5.40
196,5.36
321,0.00
758,5.41
117,5.21
548,5.31
573,5.31
385,5.29
297,5.36
298,5.24
381,5.12
247,5.23
233,5.17
625,0.00
728,5.26
523,5.27
19,5.22
56,5.20
2,5.30
802,17.13
179,5.28
421,0.00
955,5.28
496,0.00
470,5.28
974,5.35
155,5.52
211,11.54
986,5.46
361,5.51
461,5.40
332,5.43
605,5.38
99,5.51
485,5.58
646,11.48
227,5.54
372,5.42
16,0.00
602,0.00
860,5.48
364,5.55
46,5.66
483,5.57
120,5.57
783,5.59
89,5.60
861,0.00
417,0.00
910,0.00
423,5.80
860,0.00
855,6.06
443,0.00
955,11.44
511,6.02
223,6.05
571,0.00
299,6.07
570,6.07
315,0.00
768,6.17
445,6.17
215,6.10
461,6.06
123,6.12
203,5.90
510,6.01
513,0.00
965,0.00
785,6.06
688,6.07
338,6.18
994,0.00
744,0.00
140,6.18
385,0.00
222,6.11
598,0.00
824,6.10
463,6.23
165,6.22
135,6.03
648,6.04
409,5.93
236,0.00
911,11.28
483,5.99
945,6.13
165,0.00
930,6.13
295,6.06
904,6.11
254,0.00
317,11.27
657,6.10
250,6.18
461,0.00
514,6.08
296,6.12
655,6.16
246,6.08
429,0.00
722,0.00
679,5.84
43,5.85
676,0.00
498,5.73
569,0.00
531,5.81
592,5.82
246,5.83
122,5.82
479,5.73
118,5.73
716,5.75
434,5.75
960,11.45
228,5.77
262,5.78
910,5.75
183,5.81
220,5.86
928,0.00
61,5.88
865,5.73
297,5.82
85,5.68
861,0.00
947,5.55
272,5.51
382,0.00
851,0.00
903,5.49
893,11.62
594,5.58
615,5.68
895,5.75
331,5.82
383,5.84
862,5.85
121,5.89
528,5.80
174,5.80
134,0.00
932,12.01
420,0.00
219,6.00
858,5.96
183,5.98
299,5.70
93,5.71
477,0.00
517,5.60
896,5.70
217,5.77
776,5.81
760,11.99
768,5.88
95,5.77
902,5.83
965,6.04
321,6.07
813,0.00
320,12.07
628,5.94
902,5.86
89,5.89
671,11.87
404,5.93
321,5.93
660,0.00
456,5.94
272,6.05
547,0.00
279,5.96
485,0.00
602,0.00
815,5.98
110,5.89
575,5.95
541,6.08
394,0.00
75,6.13
663,0.00
971,6.17
946,0.00
583,6.31
365,6.24
898,6.19
376,6.25
386,0.00
919,6.33
662,6.40
65,6.35
315,6.26
965,0.00
799,6.26
424,0.00
758,12.26
133,6.31
561,0.00
788,6.29
972,6.35
704,6.31
548,0.00
425,6.29
931,0.00
487,6.40
354,6.56
997,0.00
1,6.43
493,6.34
176,6.38
624,0.00
62,6.17
558,0.00
586,6.19
194,6.25
668,6.26
231,6.16
766,6.10
539,0.00
994,12.16
454,12.12
458,0.00
267,6.29
805,0.00
786,12.19
893,12.34
260,6.37
8,6.43
103,6.47
213,6.37
815,0.00
489,6.18
31,6.22
55,6.29
722,11.96
540,6.29
939,0.00
81,6.17
971,12.23
911,6.29
118,6.14
695,6.32
197,6.28
735,6.31
35,6.18
968,6.10
232,0.00
119,6.24
522,0.00
122,6.11
271,6.14
956,6.11
118,6.25
135,6.23
618,0.00
936,6.24
486,6.22
726,6.23
20,0.00
888,6.32
93,6.11
598,0.00
315,6.04
1000,12.37
317,6.26
82,6.27
111,6.16
875,0.00
847,6.17
112,6.19
305,6.11
113,6.02
687,0.00
365,6.22
475,6.31
83,6.12
759,6.22
323,6.31
90,6.14
113,6.06
694,0.00
300,6.03
904,0.00
245,5.98
999,6.07
972,12.42
194,6.11
323,0.00
298,6.09
135,6.06
358,5.91
97,0.00
19,6.01
886,0.00
242,5.93
5,5.89
534,0.00
607,5.92
607,5.95
941,0.00
460,0.00
507,0.00
628,5.90
343,0.00
829,0.00
386,5.84
334,0.00
484,0.00
794,12.24
664,5.76
286,5.79
142,5.84
256,5.74
676,0.00
258,5.82
223,5.78
278,5.78
257,5.77
122,5.87
981,0.00
182,5.69
6,5.73
989,11.89
719,5.64
219,5.65
998,5.68
276,5.64
527,0.00
879,5.66
205,5.73
386,0.00
291,5.67
779,0.00
230,5.73
245,5.69
468,0.00
495,5.59
403,0.00
661,5.62
779,5.64
139,5.65
905,11.72
88,5.69
40,0.00
4,5.57
857,0.00
542,5.65
839,0.00
514,0.00
545,5.70
786,11.81
577,11.91
137,5.75
466,0.00
690,5.84
442,0.00
21,5.73
39,5.65
735,0.00
405,5.57
961,5.54
573,0.00
422,5.66
338,0.00
599,5.64
817,0.00
453,5.79
878,11.63
416,5.67
896,5.65
677,5.64
515,5.76
734,5.71
334,5.67
50,5.79
570,5.78
904,0.00
250,5.90
763,5.85
208,0.00
768,5.92
654,6.07
635,5.92
240,5.96
441,0.00
696,11.90
894,6.10
260,6.17
676,0.00
29,6.16
246,6.16
674,0.00
960,11.99
37,5.99
469,6.08
757,11.97
9,6.20
938,0.00
759,6.26
431,6.14
128,6.17
531,0.00
49,6.10
285,6.05
297,6.10
589,0.00
428,11.72
148,6.05
630,5.91
533,0.00
921,17.96
517,0.00
581,0.00
382,5.89
191,6.05
311,5.92
601,0.00
756,5.96
643,6.05
648,6.15
425,0.00
871,6.14
684,0.00
274,6.22
11,6.32
444,6.19
614,6.25
139,6.26
879,0.00
248,6.18
257,6.13
500,0.00
725,11.71
665,6.14
547,6.15
965,0.00
868,0.00
428,6.13
368,6.22
364,6.15
397,0.00
568,6.17
557,0.00
668,6.20
92,6.29
533,0.00
155,6.26
740,0.00
968,6.26
871,6.30
546,6.39
442,6.43
630,6.44
836,6.38
364,6.44
640,0.00
921,6.31
862,6.38
836,6.43
294,6.56
643,0.00
163,6.54
760,6.34
276,6.40
702,12.28
178,6.39
629,0.00
126,6.40
922,0.00
873,12.49
65,6.44
513,12.29
641,6.35
124,6.14
890,6.16
33,6.33
310,6.26
195,0.00
735,0.00
993,6.27
37,6.32
941,6.26
483,0.00
449,0.00
374,6.32
136,6.31
913,6.31
748,6.41
551,6.50
316,6.48
760,0.00
495,0.00
200,6.59
389,6.59
407,0.00
164,6.47
44,6.47
925,12.40
813,18.06
173,6.50
68,0.00
141,6.59
914,0.00
761,0.00
144,6.51
274,6.40
916,0.00
213,6.59
184,6.46
746,0.00
415,0.00
226,6.38
182,6.43
453,0.00
601,6.37
997,12.71
919,6.38
3,6.50
383,0.00
895,6.48
218,6.37
589,6.16
335,6.29
562,6.09
317,0.00
772,6.24
991,12.48
582,6.50
119,6.28
79,6.37
889,6.36
409,0.00
559,6.53
180,6.53
231,6.49
998,0.00
952,6.43
410,0.00
543,6.48
609,0.00
578,0.00
152,6.31
330,6.19
207,12.57
6,6.24
877,0.00
550,6.13
772,12.51
795,6.14
96,6.24
936,6.25
119,0.00
139,6.15
118,5.96
487,5.94
648,5.98
563,5.99
850,5.88
78,5.89
511,0.00
581,0.00
588,5.86
952,5.94
29,5.98
549,0.00
831,5.90
110,5.96
574,5.94
985,0.00
796,5.85
526,5.88
86,5.92
53,5.85
49,5.77
527,0.00
984,5.74
140,0.00
820,5.84
945,0.00
138,5.99
604,5.95
887,0.00
484,5.91
987,12.37
489,6.03
157,5.81
975,0.00
641,5.82
135,5.90
264,5.92
406,0.00
252,5.81
299,5.76
345,5.76
882,5.80
620,5.85
865,5.82
637,5.90
958,5.96
710,5.75
34,5.98
758,0.00
622,6.07
702,0.00
325,6.03
954,12.18
168,6.04
149,6.09
957,6.26
144,6.20
821,0.00
55,6.01
378,6.01
953,0.00
72,5.76
239,5.81
342,5.71
784,5.60
750,5.65
520,5.66
359,0.00
472,5.65
749,0.00
220,5.70
836,0.00
772,5.79
221,5.75
324,5.83
249,5.79
635,11.87
552,5.83
672,0.00
456,5.63
326,5.74
762,0.00
857,12.08
650,11.98
368,0.00
365,5.96
993,0.00
244,6.09
770,6.10
601,6.18
633,11.93
11,6.15
376,0.00
75,6.02
139,5.96
713,5.92
564,0.00
428,0.00
984,0.00
976,5.92
187,6.01
958,5.94
217,6.01
192,6.01
598,6.00
596,6.14
206,5.97
314,5.89
734,0.00
419,5.86
522,0.00
744,11.77
561,5.82
978,5.93
283,5.97
848,0.00
120,5.81
197,5.79
876,0.00
195,5.92
90,5.89
97,5.90
903,0.00
442,0.00
441,5.93
309,5.95
596,0.00
7,5.91
389,0.00
240,11.69
939,5.72
474,5.71
924,5.77
222,5.67
64,0.00
933,5.80
202,5.79
818,5.71
802,5.74
65,5.68
435,0.00
486,11.61
774,5.81
506,0.00
444,5.69
495,5.82
496,5.86
609,0.00
529,5.90
594,5.81
354,5.83
811,5.76
123,5.73
529,0.00
982,0.00
390,0.00
606,5.87
656,0.00
943,0.00
249,5.85
32,5.92
300,5.81
979,11.58
110,5.68
48,5.60
962,23.71
308,5.55
500,11.64
319,5.61
914,11.72
622,0.00
513,5.68
572,0.00
641,5.70
669,5.62
88,0.00
406,5.67
725,5.61
361,0.00
844,5.58
257,5.64
481,0.00
828,5.69
830,5.77
309,5.66
334,5.65
18,5.64
644,0.00
218,5.76
612,0.00
487,5.71
800,5.84
786,5.85
626,6.07
713,11.81
825,6.04
87,5.99
455,0.00
864,6.02
848,0.00
718,0.00
263,6.20
491,6.20
566,6.33
952,0.00
223,6.29
119,6.33
472,6.17
539,0.00
721,6.19
196,6.12
733,6.05
599,5.96
429,6.15
20,6.21
92,6.01
627,0.00
657,6.10
759,11.64
771,6.15
249,6.07
433,5.99
826,5.96
159,6.07
445,0.00
817,6.07
705,6.06
410,0.00
168,6.07
596,0.00
587,6.14
499,0.00
629,5.96
482,6.09
668,6.21
871,11.88
249,6.15
888,6.05
24,6.17
266,6.28
150,6.17
959,6.11
224,6.20
539,6.06
150,6.20
834,11.89
983,6.18
781,6.26
222,6.38
145,6.46
806,0.00
223,6.36
168,11.89
616,6.34
10,6.35
575,0.00
342,6.27
767,6.27
15,6.41
274,6.29
654,6.42
909,6.34
80,6.60
644,0.00
195,6.52
130,6.48
503,0.00
687,6.43
261,6.48
216,6.45
206,6.39
594,0.00
281,6.40
324,6.43
453,0.00
414,6.32
179,6.36
820,0.00
700,6.31
504,0.00
9,6.04
22,6.11
577,5.95
602,0.00
307,6.00
210,5.94
249,5.86
587,5.73
690,5.77
140,5.81
314,5.65
34,5.74
429,0.00
890,5.59
700,5.65
817,5.76
372,0.00
809,5.79
270,5.80
119,5.88
518,0.00
227,5.70
72,5.70
911,0.00
352,0.00
858,11.66
199,5.76
468,5.67
528,0.00
983,5.78
184,0.00
876,5.77
990,0.00
80,5.59
62,5.73
981,5.64
752,5.63
746,0.00
506,5.56
243,5.59
684,5.60
330,5.61
89,5.50
73,5.46
295,5.34
326,5.41
81,5.49
629,0.00
747,5.41
808,11.56
559,5.37
112,0.00
119,11.55
59,5.24
248,5.20
11,5.12
411,0.00
989,0.00
416,0.00
298,5.35
357,5.34
422,5.28
32,5.20
844,0.00
300,5.27
818,0.00
823,0.00
162,5.29
963,0.00
507,0.00
118,5.21
333,5.24
870,0.00
801,5.40
955,0.00
497,5.49
684,0.00
159,5.58
455,5.53
129,5.54
718,5.52
695,5.58
728,5.49
262,5.54
384,5.44
464,0.00
512,0.00
626,5.61
687,0.00
516,5.36
239,5.54
473,0.00
282,5.47
291,5.64
992,5.51
652,5.55
571,5.43
644,5.44
905,0.00
857,5.77
65,5.65
153,5.67
406,0.00
216,5.72
791,5.72
314,5.77
420,0.00
310,5.80
876,5.79
495,5.72
702,0.00
666,11.43
286,5.75
202,5.75
662,0.00
43,5.77
924,5.73
143,5.74
918,5.83
340,5.84
882,5.83
193,5.96
527,0.00
387,6.02
691,0.00
702,5.98
136,6.01
27,6.01
302,5.99
668,5.91
125,5.91
502,0.00
423,6.00
570,5.96
388,0.00
717,11.44
7,6.11
858,6.00
373,6.03
281,6.00
613,0.00
943,11.35
508,6.02
187,5.93
516,6.18
356,6.02
679,6.03
780,0.00
163,5.87
94,5.91
718,0.00
33,5.89
821,5.85
185,5.80
760,0.00
617,5.67
22,5.89
420,0.00
887,5.75
350,5.94
453,0.00
611,0.00
61,5.88
804,5.84
516,0.00
971,5.97
447,0.00
861,11.51
628,6.14
389,0.00
611,6.29
544,0.00
410,6.20
139,6.22
407,0.00
795,11.80
152,6.25
819,0.00
861,11.81
496,6.30
179,6.35
531,6.44
309,6.45
364,6.31
886,0.00
604,0.00
831,6.21
634,6.38
835,6.37
829,6.45
390,6.29
2,6.49
78,6.37
645,0.00
852,0.00
936,0.00
227,6.43
375,6.44
930,0.00
958,0.00
574,6.56
211,6.40
255,6.54
356,6.43
231,6.39
159,6.46
26,6.30
803,0.00
689,6.24
968,6.37
71,6.38
883,0.00
792,0.00
978,6.64
29,6.65
407,0.00
820,6.63
823,6.75
958,18.07
60,6.90
639,0.00
386,0.00
342,12.93
856,0.00
261,6.92
603,0.00
915,6.97
901,7.01
924,7.16
108,7.01
724,6.99
96,7.10
496,0.00
341,7.17
391,7.13
399,0.00
946,7.08
657,7.15
22,7.20
970,7.08
880,0.00
27,7.06
382,7.06
471,7.06
37,7.11
57,7.07
881,6.98
469,7.07
746,0.00
348,7.06
240,0.00
372,0.00
71,12.86
854,6.87
783,6.74
735,0.00
617,0.00
11,6.85
458,0.00
118,6.88
311,6.80
379,6.80
514,0.00
906,18.67
291,6.85
858,6.72
611,6.77
787,12.82
893,6.87
319,6.84
414,0.00
951,13.08
187,6.96
562,0.00
411,0.00
937,13.07
293,6.75
106,0.00
419,6.89
801,13.21
298,6.94
113,6.73
765,6.79
715,6.69
231,6.72
234,6.73
774,0.00
960,6.61
117,6.72
602,0.00
110,6.52
385,0.00
365,6.50
517,0.00
168,6.48
360,6.52
144,6.41
812,0.00
422,6.17
565,6.23
1,6.24
186,6.05
763,12.69
179,6.12
288,5.96
330,5.96
354,0.00
29,6.05
367,0.00
658,6.07
845,5.94
403,5.85
619,0.00
467,5.97
414,0.00
730,0.00
569,0.00
960,5.89
563,0.00
170,5.81
461,0.00
136,5.80
644,0.00
419,0.00
155,5.87
136,5.77
504,5.70
199,5.71
228,5.60
625,5.66
974,5.70
657,5.57
42,5.69
706,5.72
6,5.78
871,0.00
261,5.75
96,5.85
552,0.00
336,0.00
906,5.86
689,5.90
200,5.89
120,5.81
231,5.68
860,5.63
238,5.71
579,0.00
467,5.78
610,0.00
230,5.88
566,0.00
454,5.87
653,0.00
414,0.00
1000,0.00
238,5.93
969,19.00
79,5.99
46,5.77
238,5.77
845,0.00
486,0.00
498,5.86
888,0.00
168,5.85
78,5.84
965,12.66
707,5.98
582,5.99
49,0.00
813,6.00
30,6.16
810,0.00
521,6.11
705,6.19
922,0.00
433,6.16
792,0.00
379,0.00
830,6.29
528,6.38
551,0.00
568,0.00
90,6.43
835,0.00
382,6.39
697,6.39
296,6.52
442,0.00
507,0.00
856,6.47
787,6.52
372,6.57
980,6.58
24,0.00
256,6.55
763,0.00
389,6.77
214,6.45
105,6.54
202,6.47
129,6.49
514,6.37
938,0.00
943,12.40
322,6.68
54,6.47
190,6.47
840,0.00
194,0.00
472,6.51
625,6.56
823,6.53
75,6.56
203,6.52
83,6.63
645,0.00
135,6.74
82,6.72
669,0.00
444,6.52
553,6.45
63,6.38
14,6.40
83,6.31
988,0.00
232,12.13
844,6.46
461,6.34
954,0.00
217,6.47
77,6.52
229,6.48
195,6.45
205,6.40
790,0.00
336,6.54
975,6.39
623,6.46
810,6.56
42,6.41
452,0.00
508,6.39
364,0.00
348,6.37
709,6.36
713,6.46
241,0.00
952,6.39
734,6.40
46,6.39
225,6.47
517,6.38
958,6.32
792,0.00
444,6.23
382,0.00
277,6.35
545,0.00
463,6.28
714,0.00
890,6.27
689,0.00
600,12.54
933,6.36
264,6.26
756,6.16
741,6.28
540,0.00
754,6.52
272,6.38
104,0.00
689,0.00
556,6.42
211,6.47
708,6.48
212,6.48
752,6.37
140,6.61
737,6.42
371,0.00
95,6.52
263,6.49
305,6.40
705,6.32
552,0.00
152,6.42
116,6.47
587,12.84
122,6.42
358,6.18
687,6.25
884,6.25
42,6.27
1000,6.17
420,6.27
337,6.30
307,6.19
565,0.00
124,6.30
543,0.00
830,6.19
618,0.00
500,6.24
103,6.29
823,12.86
627,6.40
654,6.41
101,6.51
367,6.58
434,6.54
296,6.50
655,6.46
47,6.40
750,12.84
868,6.53
358,0.00
831,6.46
764,6.40
297,0.00
409,6.51
400,6.52
864,6.43
428,6.47
118,6.40
835,6.42
914,6.43
48,6.50
505,0.00
792,0.00
117,6.42
625,0.00
215,6.37
721,6.36
101,6.47
24,6.27
93,6.19
297,6.18
985,6.19
871,6.30
281,6.05
682,5.99
59,6.06
608,5.95
120,6.02
389,5.87
179,5.92
533,12.16
715,5.80
457,0.00
340,12.06
885,5.81
658,5.75
14,5.64
37,5.62
941,5.48
392,5.53
706,0.00
694,5.47
501,0.00
199,5.75
809,5.52
156,5.51
990,11.94
223,5.65
230,0.00
490,5.57
164,5.56
426,5.62
407,0.00
337,5.67
266,5.61
722,5.72
333,5.67
904,5.71
969,5.84
55,5.69
957,0.00
787,5.69
805,0.00
441,5.91
1,5.91
842,5.89
472,0.00
63,5.84
228,6.04
413,5.94
762,0.00
638,5.85
94,5.93
671,0.00
264,5.98
226,5.95
757,5.87
986,0.00
159,6.01
798,0.00
531,6.12
939,6.10
710,6.26
828,0.00
731,6.24
617,6.19
882,0.00
21,6.11
164,6.08
945,5.98
687,6.21
126,5.95
659,6.10
946,6.11
796,6.11
200,6.26
318,6.24
112,6.24
41,6.33
357,6.31
782,6.23
545,6.30
203,6.36
15,6.21
408,6.24
10,6.24
337,6.32
484,6.29
898,6.29
953,12.26
981,18.55
239,0.00
517,12.13
70,6.38
72,6.37
864,0.00
771,6.44
962,0.00
77,6.48
691,0.00
898,6.30
113,6.35
60,6.35
129,0.00
191,6.36
90,6.23
10,6.24
835,0.00
438,6.35
478,6.19
951,6.28
934,6.32
896,12.07
161,6.42
499,0.00
987,6.43
193,6.43
960,0.00
189,6.42
132,6.41
336,6.35
65,6.23
426,0.00
861,6.17
544,6.24
27,6.07
103,0.00
281,6.17
327,6.20
913,5.99
520,6.04
943,0.00
475,6.02
2,6.15
140,6.03
153,6.02
224,5.95
335,5.86
235,5.90
530,5.80
42,5.81
62,5.73
489,5.57
535,5.60
352,5.50
283,5.54
491,5.41
932,0.00
310,11.61
523,5.52
811,5.64
202,5.67
774,0.00
477,5.61
510,5.68
761,5.58
221,5.58
828,5.58
416,5.66
392,5.61
197,5.48
302,5.48
28,5.60
338,5.61
528,11.84
513,5.61
573,0.00
474,0.00
716,5.73
611,0.00
183,5.72
321,5.71
604,5.73
36,5.79
143,5.73
359,5.63
625,0.00
802,12.26
972,17.98
237,5.71
918,5.82
362,5.82
164,5.65
190,5.82
899,12.15
430,5.67
954,0.00
526,5.73
903,5.73
633,5.86
57,5.86
64,5.99
953,0.00
675,12.25
110,5.97
838,5.85
260,5.98
581,0.00
238,5.77
395,5.82
688,0.00
947,5.87
168,5.88
890,5.93
307,6.03
703,5.82
222,5.95
475,5.93
359,5.99
311,6.00
905,0.00
783,6.04
997,0.00
997,6.13
331,6.21
421,0.00
91,6.13
986,12.06
518,6.11
326,6.18
934,6.20
906,6.15
87,6.30
268,6.34
64,6.37
459,0.00
881,11.74
107,6.28
258,6.24
578,0.00
371,6.30
961,0.00
849,11.96
758,0.00
722,0.00
879,12.01
933,0.00
446,0.00
543,6.35
529,6.38
312,6.23
658,6.25
688,6.37
490,6.28
538,0.00
479,0.00
434,6.50
259,6.51
53,6.51
5,6.48
786,6.33
153,0.00
68,6.41
239,6.35
862,0.00
782,12.19
109,6.48
161,6.53
508,6.45
787,0.00
761,6.60
385,0.00
158,6.47
911,18.89
281,6.59
209,0.00
30,6.59
775,0.00
852,12.40
881,6.75
428,6.77
468,6.54
369,6.63
680,0.00
858,0.00
963,6.69
597,6.57
635,6.71
178,6.59
128,0.00
387,0.00
489,6.50
223,6.59
344,6.53
540,6.52
200,6.56
990,6.40
48,6.30
291,6.26
545,0.00
599,0.00
833,6.23
366,6.16
542,6.23
913,6.27
113,6.11
305,6.03
236,6.07
665,0.00
930,5.95
225,6.02
641,0.00
654,0.00
526,6.11
404,6.10
349,6.07
812,0.00
421,6.11
67,6.23
197,6.23
791,0.00
538,6.30
381,6.25
937,0.00
795,6.31
960,12.53
712,6.37
344,6.36
831,12.70
273,6.29
538,0.00
748,6.35
326,6.38
899,12.68
269,6.30
54,6.23
560,0.00
511,6.18
389,0.00
850,6.24
459,0.00
296,6.35
43,6.36
609,0.00
503,6.32
399,6.20
264,6.23
976,0.00
654,6.15
467,6.25
631,6.02
391,0.00
951,6.16
360,6.10
3,6.05
662,12.65
516,6.18
480,6.18
165,0.00
223,0.00
51,5.91
270,6.12
833,0.00
326,5.95
578,5.93
925,5.94
541,0.00
453,5.99
620,0.00
179,6.12
160,6.10
531,6.05
655,6.12
129,6.18
571,0.00
978,6.14
660,6.15
322,6.24
225,12.39
2,6.32
793,0.00
265,6.31
918,12.39
36,6.39
79,6.26
944,12.53
374,6.31
933,12.33
249,6.33
752,6.27
669,0.00
852,6.41
103,6.38
386,6.47
279,6.39
630,0.00
196,6.28
159,6.35
413,6.35
910,6.16
332,6.32
79,6.10
457,6.11
390,6.11
391,0.00
935,6.05
319,6.06
361,6.07
552,6.00
274,12.28
634,6.09
671,6.00
577,6.00
520,0.00
57,5.98
270,5.94
64,5.95
873,0.00
466,0.00
205,12.19
801,6.01
17,5.88
569,0.00
995,5.96
64,5.94
162,5.90
846,0.00
676,5.81
631,0.00
422,5.81
669,5.80
287,5.82
592,5.77
424,11.99
494,5.91
756,5.73
148,5.87
451,0.00
570,12.04
788,12.05
769,5.92
152,5.87
724,0.00
572,0.00
480,5.79
106,5.80
916,5.81
214,5.82
299,5.85
929,5.81
792,0.00
764,11.82
147,5.92
185,5.74
337,5.82
856,0.00
368,5.86
177,5.99
955,5.91
57,6.04
48,5.98
995,0.00
664,0.00
384,6.03
431,6.03
738,0.00
14,6.04
905,0.00
33,5.93
719,5.84
131,5.95
248,5.95
704,18.33
567,6.00
182,5.84
880,5.83
888,5.84
130,5.94
737,0.00
919,5.88
232,5.98
505,0.00
839,5.85
625,0.00
368,6.08
621,12.22
737,6.16
752,6.21
366,6.13
389,0.00
589,6.22
540,0.00
164,6.23
524,0.00
914,0.00
102,6.15
111,6.09
981,0.00
989,6.19
36,6.22
774,0.00
359,6.28
535,0.00
384,12.21
302,6.25
711,0.00
490,6.08
451,0.00
649,6.11
308,6.10
670,6.18
873,6.26
799,0.00
674,6.22
632,0.00
619,6.15
412,6.28
277,11.93
853,6.23
53,6.07
201,0.00
986,12.02
396,6.14
9,6.14
796,0.00
571,6.19
481,0.00
808,6.13
913,12.03
796,6.09
408,6.25
22,6.19
561,0.00
962,6.10
241,6.08
228,6.13
356,6.02
226,5.91
971,5.92
156,6.02
920,0.00
269,5.98
964,5.93
269,6.08
106,6.17
729,6.06
204,6.18
780,0.00
871,6.25
690,6.29
372,6.41
263,6.30
433,0.00
988,6.22
677,6.36
433,0.00
682,0.00
86,6.34
140,6.35
689,0.00
959,6.33
935,0.00
347,6.34
290,6.30
656,12.29
654,6.31
233,0.00
691,6.21
127,6.27
345,6.26
317,6.29
242,6.14
213,6.14
438,6.20
901,12.28
597,6.19
501,6.17
560,0.00
33,6.28
503,6.25
812,0.00
461,6.21
324,6.20
902,12.64
113,6.39
530,0.00
549,12.43
547,6.38
582,6.37
978,6.31
377,6.32
963,6.28
22,6.29
607,0.00
438,6.30
951,0.00
275,12.41
739,6.44
550,6.30
856,6.37
832,6.44
586,12.64
883,6.43
593,18.53
858,6.51
399,6.41
494,6.41
247,6.47
560,12.56
653,6.38
380,12.53
353,6.37
118,6.23
561,6.15
55,6.16
780,12.30
665,6.32
190,6.37
826,0.00
346,6.39
634,6.49
70,6.64
28,6.55
834,0.00
956,6.50
437,6.50
7,6.62
525,0.00
323,6.48
772,0.00
293,6.51
808,0.00
820,0.00
353,6.37
835,0.00
367,6.33
175,6.42
600,0.00
565,6.18
277,6.25
80,6.28
535,6.18
552,0.00
578,6.23
405,0.00
705,0.00
716,6.22
616,0.00
557,0.00
732,6.22
493,0.00
646,6.33
78,6.37
196,6.40
590,0.00
42,6.33
476,0.00
147,6.18
805,6.17
188,6.21
896,0.00
149,6.18
654,12.40
414,6.25
75,6.26
955,0.00
972,18.61
521,6.27
559,0.00
912,6.25
813,6.28
942,6.39
681,0.00
726,6.59
207,6.38
502,0.00
297,6.45
826,6.40
142,6.48
909,12.68
109,6.31
444,0.00
460,6.22
863,6.28
530,6.31
940,6.30
867,12.77
943,6.67
586,6.68
740,0.00
171,6.72
671,0.00
44,6.66
893,6.84
15,6.86
584,0.00
530,6.74
196,6.93
56,6.79
36,6.85
749,0.00
495,0.00
186,6.75
318,6.75
773,0.00
730,6.76
281,6.70
956,0.00
391,6.62
643,6.63
374,0.00
785,6.72
523,6.76
810,6.84
359,0.00
407,6.99
682,0.00
456,6.89
183,6.94
295,6.96
228,6.97
81,7.01
919,7.00
383,7.08
685,6.93
315,7.08
172,6.98
199,6.92
70,0.00
652,19.45
40,7.08
618,13.30
147,7.07
141,6.88
855,6.78
802,6.85
789,6.86
86,6.82
578,0.00
948,19.52
303,6.94
912,6.94
610,7.05
432,6.85
511,6.89
614,6.88
93,6.92
781,6.95
751,7.03
198,6.89
651,13.18
890,6.90
835,6.99
780,6.97
106,7.08
660,0.00
771,6.98
833,7.04
375,0.00
96,7.01
519,0.00
21,7.10
527,7.00
931,6.97
238,6.99
952,13.28
985,7.08
40,6.90
122,7.00
196,7.04
643,13.31
43,7.14
471,7.05
634,6.99
371,6.80
420,6.77
350,6.82
274,6.59
996,6.67
969,6.68
743,6.46
100,0.00
687,6.40
926,6.41
629,6.61
294,6.43
326,6.55
837,6.48
328,6.60
725,0.00
311,6.48
666,0.00
478,6.60
890,6.65
753,6.48
753,6.59
154,6.64
948,6.45
180,6.41
3,6.25
77,6.34
875,0.00
210,6.29
688,0.00
773,6.20
889,0.00
610,6.33
68,6.36
565,6.36
860,6.23
498,6.25
337,6.27
794,6.26
978,6.22
317,6.36
526,6.43
467,6.36
921,6.44
182,6.45
451,13.17
614,6.40
547,6.41
467,6.32
283,6.40
474,6.30
20,0.00
550,6.30
313,6.25
699,0.00
951,6.31
368,6.37
258,6.31
567,0.00
411,6.29
457,0.00
332,6.30
713,6.18
330,6.28
110,6.17
112,6.05
662,0.00
565,5.95
995,5.95
857,5.99
366,0.00
173,6.07
487,0.00
409,13.02
937,25.74
122,6.09
281,5.93
205,5.90
887,5.87
755,0.00
287,6.00
507,0.00
336,5.89
63,5.93
262,12.43
634,5.89
30,5.91
120,5.77
751,5.77
590,5.87
883,5.80
170,5.93
322,0.00
616,0.00
402,5.70
938,12.23
233,5.82
636,0.00
845,5.79
457,0.00
192,5.88
765,0.00
243,5.88
461,0.00
478,0.00
716,5.77
493,5.79
499,0.00
318,5.74
947,12.14
727,5.90
536,0.00
998,6.01
127,5.95
147,5.96
301,6.09
17,6.01
181,5.90
236,5.83
591,5.71
441,5.82
803,5.88
334,5.98
589,0.00
439,5.86
310,5.87
449,5.63
491,11.92
779,5.60
601,0.00
841,5.83
981,5.69
85,5.55
938,12.01
261,5.70
615,5.65
922,5.70
508,5.53
969,5.66
276,5.69
226,5.82
735,0.00
468,5.62
78,5.67
494,5.64
413,5.65
168,5.70
84,5.64
426,5.65
524,5.79
45,5.63
211,5.60
785,5.56
839,0.00
843,5.68
725,11.70
989,5.90
743,5.91
475,6.04
173,5.91
993,6.01
339,6.02
347,6.04
692,6.00
408,0.00
613,0.00
547,6.04
765,6.18
128,6.08
184,6.35
812,6.21
879,6.31
92,6.29
738,0.00
865,6.27
481,0.00
46,6.12
676,0.00
117,6.05
116,6.17
289,6.07
277,6.10
214,6.07
950,11.86
376,6.07
133,0.00
568,0.00
227,5.90
826,0.00
368,11.80
58,5.89
723,0.00
583,5.89
487,5.89
92,5.99
77,5.99
621,0.00
889,5.92
956,0.00
210,5.95
813,0.00
545,6.04
746,0.00
302,6.14
926,0.00
535,6.13
608,6.17
953,11.96
618,6.36
545,6.28
767,6.32
572,11.97
282,6.51
818,0.00
312,0.00
493,12.07
649,6.60
868,6.61
165,6.59
255,6.59
194,6.60
681,0.00
206,12.16
957,6.34
819,0.00
506,6.36
548,0.00
960,6.49
255,6.62
708,0.00
89,6.56
633,6.50
836,6.58
42,6.70
334,6.51
723,0.00
328,6.31
794,25.49
934,6.27
762,6.41
971,12.47
195,6.53
322,6.40
44,6.42
938,6.38
23,6.43
583,0.00
483,6.43
461,0.00
516,0.00
774,6.32
546,6.33
18,0.00
362,6.23
567,6.21
598,6.29
84,6.36
763,6.32
998,0.00
28,6.37
300,6.40
718,0.00
519,6.33
663,6.62
106,0.00
322,12.62
432,6.70
352,6.63
800,6.48
107,6.61
721,6.43
728,6.43
184,6.33
324,6.47
354,6.37
148,0.00
158,6.53
648,0.00
959,6.60
562,0.00
297,6.66
290,6.66
727,6.64
364,6.59
146,6.58
118,6.58
523,0.00
191,6.39
862,6.39
724,6.46
392,12.68
294,6.40
883,6.21
688,6.38
409,6.16
189,6.33
50,6.22
545,0.00
26,6.32
857,0.00
626,6.17
105,6.29
128,6.22
913,6.25
972,6.40
496,0.00
711,12.84
465,6.48
370,0.00
497,6.48
290,6.48
239,6.49
759,6.28
166,6.50
624,0.00
115,6.45
291,6.37
444,6.26
694,0.00
269,6.25
187,6.45
808,12.79
945,6.48
746,6.54
308,6.41
127,6.30
529,6.35
404,6.36
527,0.00
20,6.37
667,6.27
378,0.00
955,6.40
536,6.22
512,6.37
271,6.41
596,12.54
467,6.44
319,0.00
769,6.35
125,6.42
243,6.25
774,6.24
349,6.32
404,6.19
333,6.16
577,0.00
794,0.00
985,12.65
308,6.09
406,6.09
201,6.22
309,6.25
507,6.13
584,6.16
934,12.73
143,6.14
606,6.14
536,6.08
499,0.00
623,6.23
739,6.04
402,0.00
452,0.00
200,6.06
39,5.93
29,5.93
296,0.00
390,6.00
379,0.00
599,6.06
821,0.00
431,6.08
1,6.08
685,0.00
333,5.95
496,5.98
165,6.12
885,0.00
455,6.15
733,5.98
862,0.00
653,6.08
782,0.00
977,6.17
460,12.52
684,6.12
219,6.16
772,0.00
157,6.01
704,0.00
869,5.99
307,6.11
343,6.23
802,6.24
491,6.12
54,6.15
950,6.13
235,6.31
616,6.12
353,6.13
914,12.64
949,6.25
913,6.23
827,6.09
919,6.24
19,6.04
168,6.04
790,0.00
728,6.15
775,0.00
239,6.16
224,6.10
495,0.00
625,12.46
874,6.08
355,6.10
544,6.17
82,6.18
629,12.45
268,6.27
87,6.08
473,0.00
357,5.99
271,6.16
435,6.06
942,0.00
589,12.20
692,6.04
723,5.99
755,6.10
315,6.28
210,6.35
306,6.22
665,12.53
319,6.26
924,6.21
204,6.30
171,6.17
604,6.23
348,6.28
928,0.00
896,6.10
189,6.25
821,6.25
467,0.00
610,6.29
453,0.00
952,6.45
871,0.00
123,6.50
344,6.50
494,0.00
605,0.00
282,6.43
764,0.00
875,6.43
269,6.34
883,6.28
307,6.35
570,6.17
497,6.25
385,6.46
525,0.00
366,6.24
175,6.17
408,6.15
134,6.23
558,0.00
841,5.91
506,0.00
406,5.82
966,5.87
676,5.91
863,5.93
267,6.01
138,5.97
871,12.11
540,5.95
724,0.00
856,12.32
339,6.09
760,12.20
660,6.24
445,0.00
249,6.20
240,6.17
695,0.00
477,6.12
88,6.22
55,6.04
68,0.00
739,6.04
689,18.54
997,6.19
100,6.34
688,0.00
187,6.25
1,6.13
270,0.00
330,6.09
400,6.04
213,0.00
239,6.07
985,12.16
97,6.17
370,6.09
667,6.19
598,0.00
925,6.38
726,0.00
618,0.00
342,6.13
182,6.06
95,6.06
609,0.00
833,0.00
673,12.43
267,12.41
326,12.37
562,6.26
422,0.00
168,6.18
6,6.11
292,6.11
996,5.93
265,6.03
173,6.01
448,0.00
810,5.96
347,5.93
455,5.85
445,0.00
831,12.36
477,0.00
990,5.87
276,5.94
409,0.00
807,5.98
225,5.93
184,5.88
931,5.82
228,5.92
831,12.16
769,5.97
704,5.98
369,0.00
968,5.83
660,6.01
499,0.00
968,5.99
107,6.05
561,6.10
625,0.00
661,6.09
637,6.14
324,6.28
791,6.20
171,6.22
361,6.16
810,0.00
769,6.24
359,6.31
208,6.34
290,6.19
608,0.00
320,0.00
959,12.21
164,5.97
211,12.18
802,6.14
293,0.00
635,12.36
463,6.05
598,6.06
720,0.00
58,6.20
228,6.19
442,0.00
769,6.10
927,6.05
579,6.16
627,6.20
653,6.19
330,6.28
547,0.00
716,0.00
865,6.08
266,6.26
819,12.29
120,6.08
558,0.00
635,5.99
793,0.00
646,0.00
788,6.25
97,6.34
19,6.28
705,0.00
243,6.18
339,6.12
384,6.12
916,0.00
498,6.12
220,6.22
432,0.00
66,6.28
358,0.00
966,12.16
363,6.27
230,6.24
346,6.18
8,6.26
105,6.10
670,11.89
167,6.11
615,6.04
577,6.05
527,6.11
479,0.00
383,0.00
716,6.05
302,6.03
961,5.95
744,5.96
916,11.77
112,6.10
178,6.07
19,5.92
611,0.00
431,5.95
348,5.99
681,0.00
432,5.81
224,5.91
52,6.05
698,0.00
906,5.85
371,5.86
267,5.78
348,5.86
503,0.00
445,5.69
254,5.68
664,5.74
558,5.80
52,5.84
919,5.75
517,5.76
734,5.67
34,5.68
388,0.00
412,5.57
816,5.78
318,5.54
52,5.64
217,5.52
65,5.53
707,0.00
939,5.56
458,0.00
392,5.44
998,5.60
204,5.48
729,5.59
505,5.67
1000,5.65
440,5.70
211,5.64
810,0.00
164,5.76
825,5.71
429,0.00
839,5.88
85,5.92
330,5.87
728,0.00
864,5.71
99,5.78
788,5.77
590,0.00
410,5.79
567,0.00
747,5.84
222,5.89
517,0.00
164,5.85
273,5.85
686,11.99
845,5.88
189,5.90
483,0.00
872,5.93
326,5.96
820,5.96
205,0.00
753,0.00
159,6.13
918,6.18
668,6.12
301,6.06
548,0.00
719,0.00
664,0.00
973,12.24
800,6.37
124,6.15
637,6.30
520,6.16
231,0.00
422,6.27
25,6.21
983,0.00
619,6.10
803,6.20
904,6.23
818,6.31
317,6.36
300,6.30
679,0.00
395,6.29
633,6.28
577,0.00
827,6.29
920,6.33
954,6.43
750,24.43
314,11.93
203,6.26
255,6.36
58,6.43
447,6.19
202,6.30
953,6.28
258,6.27
645,0.00
969,11.75
741,0.00
471,0.00
839,6.23
982,6.34
563,6.34
342,6.24
752,6.07
587,6.14
461,0.00
939,6.00
424,0.00
969,5.95
444,6.02
823,6.08
94,6.06
490,11.92
631,6.15
685,6.34
963,11.96
312,6.18
491,6.23
868,0.00
29,6.29
956,6.24
616,0.00
958,6.15
217,6.21
363,6.11
916,12.24
944,6.19
967,6.19
189,6.25
815,0.00
540,12.50
953,6.39
541,0.00
744,0.00
129,6.29
102,6.28
340,6.28
383,12.44
70,6.41
153,6.17
340,6.17
622,0.00
737,6.28
722,6.31
623,6.29
321,6.35
842,6.15
922,0.00
318,6.33
48,6.30
195,6.42
161,6.42
740,0.00
892,6.39
461,0.00
364,6.51
536,0.00
47,6.54
981,12.99
777,12.85
286,6.50
514,12.97
667,6.71
12,6.43
58,6.56
793,0.00
802,6.56
163,6.57
980,6.62
899,6.75
749,6.67
70,6.75
566,0.00
891,6.50
889,6.51
383,6.61
904,6.63
972,6.68
850,6.53
517,0.00
598,6.39
429,6.44
339,0.00
252,6.21
489,0.00
598,6.21
570,0.00
894,6.26
816,0.00
523,6.12
62,6.26
433,0.00
852,6.32
787,6.37
623,6.49
953,0.00
558,6.45
460,12.51
944,6.50
844,6.58
44,6.71
670,12.77
488,6.58
68,6.51
221,0.00
244,6.33
201,6.33
31,6.35
951,0.00
957,6.30
139,6.41
261,6.27
597,0.00
117,6.29
188,6.29
945,6.29
46,0.00
473,6.26
61,6.15
890,6.15
897,6.18
390,6.32
278,6.22
824,0.00
18,6.08
523,0.00
427,6.07
702,5.98
540,0.00
4,6.12
811,12.44
271,6.03
172,6.01
430,0.00
903,5.95
859,0.00
748,24.60
146,5.96
382,12.36
409,6.03
154,5.76
842,5.76
24,5.79
976,5.73
417,5.74
517,12.52
379,5.89
638,5.80
184,5.84
905,5.88
411,5.90
542,5.73
907,12.45
581,5.94
810,12.61
352,5.93
808,6.04
511,5.94
660,12.69
966,6.24
543,6.05
952,6.18
401,6.20
684,6.28
619,6.34
520,0.00
942,12.56
819,0.00
283,6.27
570,0.00
362,6.37
329,6.24
368,6.13
267,6.01
653,0.00
997,12.69
242,6.03
802,5.90
490,0.00
78,6.00
151,5.94
59,0.00
336,0.00
768,12.70
643,12.48
693,0.00
470,6.04
610,6.09
868,0.00
297,6.12
623,0.00
428,0.00
427,6.07
140,6.12
352,6.12
351,6.12
70,0.00
287,0.00
768,6.24
600,6.29
418,6.33
200,6.29
363,6.21
780,6.12
735,6.11
592,0.00
385,6.12
325,6.18
495,0.00
48,6.17
182,6.13
125,6.14
217,6.05
518,0.00
401,6.04
557,0.00
857,12.02
441,12.05
292,18.52
248,12.11
995,30.59
579,12.01
830,6.26
329,6.14
142,6.33
856,0.00
791,0.00
709,11.91
586,6.29
962,6.40
193,6.26
253,6.26
396,6.17
17,6.12
284,6.01
879,5.91
119,5.92
169,5.91
888,0.00
576,5.91
626,0.00
134,5.82
792,5.73
679,5.87
939,12.03
61,5.94
601,0.00
689,12.07
710,5.78
595,5.94
134,5.72
422,5.74
13,5.78
933,0.00
927,5.89
734,5.84
977,5.86
672,5.97
423,5.94
659,5.84
510,5.97
854,0.00
150,6.14
241,6.13
942,0.00
194,6.04
543,0.00
567,6.03
512,6.04
623,0.00
137,5.89
694,5.89
83,6.12
738,0.00
32,5.86
373,0.00
479,5.89
456,0.00
946,5.91
824,5.94
404,0.00
78,5.94
385,5.89
171,5.83
395,0.00
392,0.00
808,5.87
971,0.00
521,6.14
731,6.21
488,12.16
192,6.15
582,12.25
40,6.27
808,12.27
778,6.30
773,12.38
62,6.19
167,6.17
513,6.07
779,6.07
989,6.24
272,6.17
668,0.00
557,6.23
851,6.27
601,0.00
772,6.25
68,6.36
235,6.42
993,0.00
78,6.46
286,6.50
711,0.00
275,6.40
241,6.57
440,6.42
635,0.00
304,0.00
690,0.00
700,12.54
421,0.00
13,6.50
740,6.53
232,6.54
882,0.00
465,12.32
487,6.63
289,6.66
619,6.67
699,0.00
682,6.59
13,6.73
397,6.58
15,6.54
748,6.54
580,6.62
898,0.00
755,12.24
440,6.42
25,6.41
208,6.52
610,12.36
736,6.38
7,6.22
808,6.24
300,6.31
804,6.18
507,6.20
940,6.22
904,18.38
48,6.34
230,6.27
220,6.26
650,12.17
34,6.45
264,6.21
998,6.22
881,0.00
579,6.38
378,6.42
89,6.33
84,12.29
11,6.35
985,0.00
143,6.20
633,6.22
86,6.24
202,6.15
17,6.11
521,0.00
973,6.17
581,0.00
131,5.90
768,0.00
777,5.99
519,0.00
217,12.12
788,12.05
121,6.04
695,12.14
685,6.00
656,18.46
345,5.94
764,18.67
390,6.18
116,6.18
301,6.08
298,5.92
186,5.96
658,0.00
995,5.84
851,0.00
883,5.74
48,5.74
594,5.70
700,0.00
220,5.82
968,5.65
836,5.76
326,5.81
296,5.65
771,0.00
81,5.77
403,5.73
860,5.72
713,0.00
342,5.55
107,5.56
465,12.26
52,5.63
44,5.46
447,0.00
564,5.30
677,5.28
389,5.28
464,0.00
310,5.35
492,0.00
614,0.00
378,5.22
174,5.11
268,5.19
828,5.25
823,11.68
791,0.00
16,5.32
290,5.25
157,0.00
920,5.28
275,5.29
285,5.32
353,5.22
24,5.29
708,0.00
700,5.29
176,5.20
985,5.19
442,5.33
19,5.32
177,5.22
124,5.10
292,5.06
279,5.08
114,5.04
930,5.04
751,0.00
62,5.21
905,0.00
860,5.37
771,0.00
910,5.43
887,5.53
125,5.63
897,0.00
896,5.59
741,0.00
296,5.69
517,0.00
596,11.63
85,5.67
840,0.00
541,5.70
906,5.71
362,5.70
901,0.00
844,11.76
68,5.42
171,5.47
457,0.00
918,0.00
990,5.40
472,0.00
801,5.34
173,5.47
185,5.58
667,0.00
979,11.21
978,5.58
117,5.56
821,5.47
420,0.00
517,0.00
551,5.52
186,5.55
413,0.00
197,5.38
140,5.51
323,5.49
991,5.49
425,0.00
846,5.80
776,0.00
10,5.96
885,0.00
529,5.98
598,6.02
416,0.00
714,6.05
393,0.00
878,11.38
464,6.08
302,6.05
612,5.93
341,0.00
1,6.10
664,0.00
769,6.14
715,0.00
130,0.00
966,6.08
33,6.09
171,6.21
930,0.00
705,6.10
29,6.18
279,6.18
409,6.20
612,6.18
252,6.27
130,6.34
990,23.56
665,6.31
895,6.16
30,6.10
387,0.00
335,6.06
849,5.90
256,6.04
149,5.91
211,5.95
85,5.77
421,0.00
55,0.00
49,5.70
317,5.70
752,0.00
671,5.68
995,11.38
583,5.73
685,5.81
366,11.16
348,11.24
131,5.76
288,5.84
718,0.00
427,11.29
796,5.83
478,0.00
160,5.74
299,5.63
690,0.00
61,11.22
742,11.24
954,5.65
193,5.54
522,5.44
53,5.47
218,5.45
741,0.00
795,10.86
537,5.47
431,5.51
380,5.52
581,5.55
250,5.35
373,5.21
15,0.00
893,5.22
776,5.17
837,0.00
725,5.17
361,5.23
864,5.44
287,5.44
268,5.55
216,5.40
567,0.00
728,5.37
872,5.59
420,0.00
82,5.47
376,5.47
949,11.53
931,11.55
568,5.53
511,0.00
185,5.43
405,5.48
89,5.45
279,5.45
448,0.00
470,5.41
186,5.45
118,5.35
947,0.00
475,5.49
9,5.33
749,0.00
802,5.42
831,0.00
279,5.35
447,0.00
809,5.45
54,5.57
104,5.50
155,0.00
396,5.49
311,5.53
495,5.53
111,5.49
954,11.12
875,5.59
654,11.42
856,23.05
404,11.45
172,5.65
558,5.76
721,5.68
714,11.58
109,5.74
939,11.62
550,5.79
707,5.91
351,5.96
135,5.74
277,5.77
935,5.72
856,5.83
797,11.44
917,6.10
556,0.00
977,17.17
495,0.00
619,6.17
650,6.16
901,11.63
494,6.30
702,6.26
706,6.36
661,0.00
612,6.36
653,6.50
341,6.58
842,6.46
916,6.52
377,6.48
170,6.41
941,6.19
30,6.28
39,6.09
587,6.09
64,6.21
478,6.14
845,6.16
38,5.94
784,11.43
131,6.13
62,5.89
434,5.94
800,0.00
200,11.51
349,11.47
936,11.40
417,0.00
112,11.39
618,0.00
357,6.03
452,0.00
565,6.06
695,6.06
600,6.09
207,6.12
772,6.16
257,6.20
444,0.00
578,6.18
853,6.27
460,6.22
879,6.22
142,6.40
55,6.28
626,0.00
644,6.17
764,6.20
410,6.21
53,6.29
359,0.00
46,6.32
181,6.31
983,0.00
621,11.86
725,6.12
974,6.27
210,6.28
497,0.00
802,6.15
400,6.25
622,11.87
639,6.06
129,6.15
814,0.00
223,6.10
218,6.11
769,6.09
697,0.00
446,5.94
268,6.04
748,12.09
74,5.98
85,6.02
864,0.00
961,12.12
881,6.01
995,6.03
945,6.18
324,6.03
676,6.04
424,0.00
888,5.86
539,5.96
723,0.00
28,5.87
194,5.89
879,5.87
578,5.93
638,5.95
12,5.91
86,5.93
945,0.00
718,5.85
393,0.00
909,0.00
139,6.11
586,0.00
843,6.00
680,5.94
850,0.00
511,0.00
379,6.16
966,0.00
589,6.09
842,12.35
427,6.20
700,0.00
2,6.14
398,0.00
396,6.22
361,6.28
35,6.28
540,0.00
266,6.14
91,6.21
750,0.00
909,6.01
143,6.11
270,6.04
488,6.02
718,6.06
942,0.00
606,6.14
972,0.00
910,6.21
541,6.26
450,6.31
765,0.00
356,6.25
21,6.31
999,0.00
274,6.27
840,6.30
809,6.15
75,6.11
759,6.23
482,6.04
249,5.98
527,5.98
629,12.10
325,6.01
473,6.09
428,6.02
588,5.90
486,0.00
894,6.03
331,5.94
662,0.00
374,5.94
446,5.89
764,0.00
431,5.92
58,5.85
964,5.85
218,0.00
209,5.99
988,0.00
674,5.91
411,5.94
133,6.04
295,5.90
23,5.85
674,0.00
935,18.06
794,0.00
158,5.90
829,0.00
635,5.71
599,0.00
433,5.86
594,5.87
789,0.00
840,6.03
25,5.95
822,0.00
485,5.85
127,5.79
776,0.00
921,18.18
296,5.88
804,5.65
219,5.82
248,5.81
116,5.72
578,0.00
584,0.00
621,5.62
176,5.63
308,0.00
33,5.90
219,5.87
787,0.00
172,5.98
405,5.92
623,5.87
897,5.89
222,5.91
200,5.87
581,5.94
518,0.00
798,5.72
132,5.85
184,5.76
901,5.71
658,0.00
481,0.00
318,5.86
522,11.93
825,5.86
451,5.83
896,18.18
345,5.82
890,18.21
232,12.12
660,5.81
393,12.13
831,5.93
346,6.02
258,0.00
639,6.08
646,0.00
192,6.05
48,6.06
227,5.99
718,5.94
74,6.01
543,6.11
636,6.04
419,6.04
891,5.88
202,6.00
896,5.96
586,0.00
113,6.02
610,0.00
878,11.89
387,6.08
616,0.00
771,5.93
920,0.00
974,11.86
100,6.16
934,11.91
438,6.14
768,6.19
233,0.00
170,6.30
45,6.20
34,6.10
549,5.99
125,0.00
679,11.87
568,5.92
615,0.00
241,5.99
660,0.00
22,5.94
937,0.00
684,6.11
801,5.99
351,6.05
278,5.89
213,5.87
526,5.84
129,5.99
267,5.91
9,0.00
656,5.91
404,0.00
38,5.86
114,5.81
863,0.00
324,5.84
704,5.81
277,5.88
419,0.00
840,5.77
375,0.00
544,5.89
671,5.89
330,5.94
945,0.00
839,5.88
860,5.92
866,6.03
2,6.05
345,5.96
217,5.99
922,11.81
671,5.99
889,6.18
233,6.09
860,12.10
981,24.61
825,12.08
151,6.26
411,6.27
313,6.19
36,6.20
537,0.00
976,6.12
854,5.95
886,6.03
142,6.03
390,0.00
582,0.00
60,6.04
980,6.04
127,6.05
343,0.00
713,6.01
361,0.00
968,6.00
404,6.00
629,0.00
995,5.92
779,0.00
974,5.97
689,0.00
857,12.25
501,6.27
345,6.22
993,12.45
937,6.43
416,0.00
874,0.00
185,6.20
883,6.25
795,0.00
672,6.54
553,0.00
836,6.60
273,6.78
714,6.71
343,6.62
396,0.00
425,6.61
546,0.00
284,6.60
537,0.00
795,12.63
476,12.72
508,6.52
328,6.62
412,0.00
928,18.83
889,6.84
619,6.79
256,6.80
931,6.94
140,6.90
549,6.90
997,0.00
992,0.00
129,7.08
635,0.00
363,7.09
905,6.98
193,7.02
319,6.97
777,0.00
368,0.00
31,6.88
198,6.80
143,6.76
307,6.67
387,6.60
248,6.70
212,6.51
384,6.54
742,0.00
851,12.71
503,6.38
435,6.35
51,6.36
466,12.72
417,18.29
70,6.46
223,6.25
868,12.59
660,6.53
151,12.51
834,6.56
14,6.61
3,0.00
592,6.49
653,6.53
38,6.63
279,6.45
522,6.39
642,6.47
639,0.00
940,6.51
32,6.56
408,6.51
879,6.54
288,6.35
757,6.42
874,6.48
564,0.00
145,6.39
53,6.37
71,6.32
962,6.23
488,6.24
257,0.00
297,6.26
559,0.00
2,6.21
68,6.24
667,6.14
72,6.25
259,6.04
831,0.00
161,5.82
506,0.00
137,5.94
716,0.00
912,5.71
29,5.67
785,5.74
178,5.77
695,5.63
293,5.67
902,0.00
251,5.70
303,5.76
696,5.66
222,5.85
513,0.00
784,0.00
797,5.78
928,5.75
527,5.90
285,5.71
585,0.00
499,5.70
705,5.63
544,0.00
75,5.67
723,0.00
745,5.64
605,5.67
783,5.67
301,0.00
620,5.67
916,5.71
400,5.78
114,5.78
59,5.83
611,0.00
183,5.83
841,0.00
48,5.88
59,5.88
480,0.00
983,5.79
248,5.80
571,24.33
512,5.94
439,12.34
35,5.98
115,5.89
974,18.56
260,6.01
436,6.06
326,5.98
578,0.00
502,6.00
712,6.05
791,12.41
550,6.24
512,6.04
63,6.04
110,5.97
134,5.96
807,0.00
337,5.93
532,5.83
126,5.94
267,5.91
959,12.46
981,6.02
303,6.18
821,0.00
849,6.10
756,12.73
176,6.13
873,6.08
748,6.13
865,6.14
762,0.00
904,0.00
574,6.24
81,6.32
396,0.00
546,6.26
658,0.00
533,6.30
827,0.00
57,6.45
664,12.24
948,6.47
103,6.48
747,6.45
660,6.57
325,6.69
441,0.00
594,6.59
544,6.60
474,0.00
855,6.40
190,6.50
347,6.56
212,6.46
215,6.43
4,6.29
925,6.28
730,0.00
689,6.23
207,6.27
832,0.00
832,6.23
1000,0.00
135,6.29
513,0.00
952,6.37
596,6.33
528,0.00
89,6.28
925,0.00
383,6.46
449,0.00
921,6.47
513,0.00
670,6.54
205,6.59
462,0.00
544,12.45
369,6.65
454,0.00
233,6.64
189,6.65
560,12.46
242,6.58
597,6.55
440,0.00
574,6.50
140,6.51
99,6.53
101,6.27
398,0.00
296,6.24
721,0.00
38,6.18
944,6.18
872,6.40
251,6.33
315,6.36
47,6.24
9,6.24
725,0.00
567,6.05
403,0.00
531,6.06
462,6.06
780,0.00
783,6.13
626,6.02
347,6.16
364,6.17
435,6.09
64,6.10
720,0.00
899,12.28
746,6.10
62,6.06
408,5.98
241,6.06
561,6.04
521,0.00
309,5.92
538,0.00
357,5.77
212,5.84
99,5.86
784,0.00
662,0.00
640,5.60
380,5.56
21,5.66
141,5.66
600,5.69
237,5.75
731,0.00
258,5.52
246,5.54
573,0.00
637,5.44
294,0.00
416,5.33
53,5.47
183,5.42
462,0.00
878,5.39
691,5.44
758,5.44
815,0.00
805,5.43
302,5.55
607,5.42
341,5.46
68,5.51
273,5.43
142,5.40
86,5.34
760,0.00
162,5.27
895,5.21
148,5.31
336,5.22
905,5.22
361,5.39
122,5.23
600,0.00
763,0.00
893,5.45
64,5.37
562,5.46
83,5.40
807,5.55
894,5.45
931,5.44
221,0.00
411,5.56
376,0.00
287,5.61
897,17.72
115,5.73
89,5.53
130,5.41
361,0.00
415,5.39
828,0.00
888,5.46
120,5.60
772,5.60
472,0.00
274,5.60
97,5.60
316,5.69
410,0.00
682,0.00
911,5.41
589,5.54
572,5.64
222,5.41
736,5.45
458,5.48
780,5.43
843,5.47
928,0.00
763,5.58
432,5.64
126,5.76
720,0.00
348,5.74
52,5.80
912,5.78
398,0.00
657,5.77
962,5.86
889,0.00
320,5.88
987,0.00
997,6.00
74,5.94
138,5.97
784,5.96
349,11.46
455,6.08
996,23.54
416,0.00
113,6.00
649,0.00
947,5.92
279,5.90
988,0.00
32,5.96
283,5.96
371,5.86
125,5.84
432,0.00
819,11.15
505,5.84
156,5.83
677,0.00
664,5.87
624,5.84
294,5.91
367,0.00
721,5.79
12,5.73
516,0.00
822,5.60
333,5.67
28,5.50
901,35.87
257,5.69
841,5.82
198,5.70
154,5.61
528,5.63
484,5.74
123,5.65
459,0.00
548,5.60
65,5.68
381,5.68
73,5.70
777,0.00
684,5.53
260,5.61
397,0.00
109,5.45
139,5.46
40,5.37
573,5.37
30,5.43
901,0.00
376,5.27
708,10.78
884,5.33
274,5.22
3,5.29
674,5.38
345,5.38
625,10.62
695,5.26
349,5.34
733,0.00
519,5.15
151,5.15
418,0.00
27,5.15
317,5.07
249,0.00
225,5.12
837,10.71
63,5.05
736,4.86
436,0.00
479,0.00
217,4.81
29,4.84
113,4.84
628,0.00
295,10.89
360,4.80
724,4.92
866,10.76
794,4.79
984,4.86
205,4.92
722,4.73
39,4.77
542,0.00
296,4.83
425,0.00
148,4.77
523,4.77
424,4.82
111,4.72
455,0.00
591,4.66
575,0.00
92,4.68
329,4.61
650,0.00
74,4.66
81,4.66
145,4.65
919,0.00
544,0.00
698,15.88
828,10.49
563,0.00
559,10.63
406,4.84
195,4.62
616,4.78
755,4.64
639,0.00
626,4.79
738,0.00
695,4.80
17,5.00
944,4.97
551,4.98
682,4.93
33,5.03
822,4.97
165,5.04
594,5.11
822,0.00
111,5.15
3,5.26
954,0.00
598,10.50
354,10.39
670,5.23
203,0.00
53,5.27
440,0.00
851,5.19
452,5.21
366,5.32
784,5.15
160,5.31
954,0.00
806,5.13
431,5.24
851,5.35
868,0.00
167,5.46
769,0.00
567,5.58
650,10.38
299,0.00
523,5.60
408,0.00
380,5.66
259,5.61
376,0.00
998,0.00
465,5.68
253,5.81
997,0.00
567,5.74
526,5.74
516,5.77
411,0.00
177,5.71
923,5.69
152,5.80
663,5.74
347,5.81
457,5.79
256,5.82
325,5.72
308,5.72
204,5.76
201,5.69
245,5.69
841,5.69
256,5.74
158,5.69
564,0.00
945,5.67
504,0.00
533,10.69
858,10.50
13,5.67
622,10.63
833,5.89
903,21.90
875,21.83
492,10.73
7,5.79
654,6.09
656,10.73
37,5.97
129,5.73
364,0.00
143,5.73
886,5.72
673,5.73
16,5.73
54,5.67
826,0.00
295,5.76
123,5.69
233,5.79
333,5.70
657,5.62
366,5.69
847,5.60
872,5.71
466,5.50
718,16.04
362,5.56
430,0.00
680,10.72
431,5.46
517,0.00
189,5.55
741,0.00
579,5.38
686,0.00
976,5.44
982,5.37
100,5.39
748,10.98
316,10.89
180,5.43
296,5.28
399,0.00
949,5.21
728,5.40
359,5.27
58,5.20
792,5.09
291,5.15
380,5.00
663,4.99
159,5.04
406,5.02
826,0.00
490,0.00
922,4.99
21,5.07
913,0.00
437,5.17
729,5.32
363,5.33
367,5.40
226,5.38
60,5.37
234,0.00
671,5.36
975,0.00
304,5.45
335,5.38
468,5.38
625,0.00
174,5.41
698,5.40
518,5.41
640,5.57
325,5.50
749,0.00
429,11.32
464,11.14
867,5.29
920,5.35
767,5.32
637,0.00
80,5.50
26,5.46
142,5.47
842,0.00
437,5.33
371,5.37
893,0.00
357,0.00
452,5.45
871,5.48
345,5.49
295,5.49
611,5.57
880,5.58
636,5.73
137,5.58
788,5.65
823,5.67
964,5.50
428,5.57
816,0.00
93,5.64
439,0.00
936,5.57
605,5.66
743,5.74
348,0.00
496,0.00
126,5.60
515,5.81
19,5.70
884,10.99
965,10.96
528,5.89
952,10.98
775,5.84
652,0.00
664,6.06
522,6.00
51,6.11
824,0.00
741,6.09
756,6.24
836,6.41
220,6.47
626,0.00
141,6.34
803,0.00
992,6.27
164,6.42
148,6.25
974,0.00
782,6.38
27,6.38
661,6.34
299,6.39
492,0.00
943,6.37
19,6.38
184,6.32
390,0.00
182,6.51
611,0.00
121,6.35
491,6.38
252,6.38
922,0.00
349,6.15
37,6.31
565,11.72
498,6.31
570,11.69
756,6.46
10,6.27
251,11.62
171,11.49
994,6.34
819,6.45
13,6.27
424,0.00
985,11.90
242,6.12
331,0.00
946,11.70
742,0.00
407,6.33
522,6.41
164,6.60
345,0.00
940,6.41
18,6.42
412,0.00
347,0.00
729,0.00
71,6.37
110,6.37
620,6.34
552,6.51
423,6.53
831,6.56
747,6.57
706,6.36
194,6.43
654,0.00
438,6.46
372,6.42
795,6.33
432,6.39
24,6.38
906,11.97
270,6.38
956,6.30
647,6.33
5,6.43
170,6.33
978,6.35
924,6.44
450,6.45
373,12.31
776,6.39
2,6.34
876,6.20
755,0.00
693,6.34
620,6.22
219,0.00
858,0.00
818,0.00
244,6.19
88,6.19
844,0.00
933,6.10
218,6.22
591,0.00
755,6.26
739,6.12
318,6.05
481,0.00
442,6.07
861,6.23
476,0.00
970,6.21
53,6.42
969,6.22
25,6.32
18,6.27
545,6.23
911,0.00
225,0.00
583,0.00
308,6.26
932,6.20
932,12.67
696,12.56
367,6.46
173,0.00
213,6.37
687,0.00
178,6.28
310,6.28
207,6.43
835,18.06
697,12.58
496,6.25
159,6.21
291,6.22
985,6.03
568,0.00
823,6.19
552,6.31
609,6.30
624,0.00
391,0.00
839,0.00
937,23.93
51,6.16
800,12.64
207,6.29
435,6.21
668,6.08
761,0.00
497,6.14
984,6.22
678,6.24
56,6.26
445,0.00
224,6.33
912,0.00
15,6.21
913,12.56
185,6.25
536,0.00
546,0.00
501,0.00
560,6.37
396,0.00
756,6.27
768,6.31
322,6.20
648,6.23
35,6.33
874,0.00
170,6.21
438,0.00
490,6.05
163,0.00
435,0.00
181,6.20
669,6.08
781,0.00
998,6.06
975,12.35
962,6.30
943,6.36
291,6.44
828,6.44
968,12.57
163,6.52
148,6.38
432,0.00
762,0.00
724,6.32
492,6.23
987,6.37
155,0.00
759,12.80
960,6.54
43,6.72
173,6.58
112,6.71
473,0.00
709,6.49
861,6.62
199,6.44
1000,6.45
404,0.00
854,13.05
119,6.57
468,6.61
401,6.65
992,0.00
163,6.64
979,12.63
65,6.64
565,0.00
392,6.47
565,6.45
709,0.00
517,6.53
136,6.48
786,0.00
930,6.52
280,6.53
405,6.63
326,6.50
362,0.00
457,6.52
82,6.61
540,6.41
304,6.49
715,0.00
433,6.35
807,0.00
698,6.38
522,0.00
922,12.86
72,6.54
102,6.55
681,12.60
294,6.59
167,6.54
67,6.42
584,6.28
618,0.00
978,19.06
784,12.71
681,6.38
265,6.37
387,6.26
859,12.50
219,6.42
815,6.42
436,6.43
300,0.00
244,6.41
41,6.42
968,0.00
850,0.00
899,12.56
185,6.33
771,0.00
307,6.14
83,6.23
699,0.00
651,6.08
908,12.40
257,6.01
66,6.14
172,6.17
383,0.00
108,6.03
876,12.45
47,6.15
255,5.97
655,0.00
537,5.75
880,5.76
180,5.79
725,0.00
923,12.41
500,5.92
369,12.56
291,5.93
444,12.45
217,5.79
651,12.36
375,5.60
574,5.61
742,5.53
906,0.00
626,5.75
454,5.82
650,0.00
375,5.79
782,0.00
967,5.75
377,5.80
515,0.00
586,5.81
890,0.00
953,18.59
677,5.92
753,6.05
211,6.11
760,0.00
95,6.10
164,6.10
939,5.92
308,6.02
976,0.00
777,0.00
156,6.01
828,0.00
344,6.18
932,6.13
489,6.14
150,6.20
651,0.00
419,6.29
475,6.26
924,12.64
85,6.25
446,12.75
185,6.37
867,6.35
206,6.22
947,6.29
636,6.37
707,6.38
241,6.28
27,6.28
510,0.00
861,6.26
649,0.00
551,6.27
926,0.00
280,6.37
220,6.29
727,0.00
103,6.41
336,6.31
941,0.00
555,12.64
932,0.00
460,6.38
379,6.45
813,0.00
312,6.58
753,6.50
665,6.60
889,0.00
52,6.74
669,0.00
293,6.60
641,0.00
197,6.58
157,6.61
793,12.59
162,6.66
454,12.57
502,19.25
637,6.88
976,12.98
956,31.74
957,19.43
332,7.16
724,7.23
959,6.97
277,7.11
256,7.01
419,0.00
945,6.98
438,6.98
496,7.07
875,7.10
263,7.00
576,0.00
84,7.03
927,0.00
991,7.07
384,7.02
882,0.00
717,13.08
154,7.05
594,0.00
632,13.08
545,7.15
743,7.06
628,7.16
519,0.00
998,7.26
361,0.00
925,7.26
152,7.32
894,7.19
137,7.12
480,0.00
424,0.00
328,7.00
165,6.95
381,0.00
62,6.85
347,6.97
526,0.00
122,6.88
661,13.21
665,13.27
957,6.82
182,6.88
807,6.79
503,0.00
101,6.91
163,6.91
913,0.00
977,6.94
344,7.02
220,6.95
301,6.97
327,6.78
691,6.78
699,0.00
587,6.87
75,6.94
154,6.86
895,0.00
887,13.26
113,6.82
398,6.80
860,6.70
331,6.66
307,6.64
807,6.52
46,6.58
793,6.62
363,6.68
821,6.47
165,6.53
527,0.00
37,6.57
877,0.00
22,6.62
467,6.64
335,6.44
554,0.00
389,13.35
256,6.25
799,18.93
28,6.22
98,13.30
773,6.30
404,6.22
135,6.18
429,6.12
429,0.00
924,6.28
10,6.29
813,0.00
86,6.11
736,0.00
213,6.01
677,6.19
429,6.20
606,0.00
162,6.08
439,6.00
683,0.00
163,5.90
194,5.79
9,5.71
241,5.62
79,5.67
514,0.00
580,5.46
776,5.50
340,5.48
686,0.00
393,5.64
62,5.68
223,5.54
163,5.54
398,5.54
259,5.42
168,0.00
124,5.43
676,5.51
50,5.42
690,5.38
152,5.42
315,5.25
27,5.19
695,0.00
940,5.04
848,0.00
139,5.11
231,5.15
105,5.15
738,0.00
683,5.12
455,0.00
933,0.00
528,5.20
175,5.16
448,0.00
730,5.09
101,0.00
889,5.17
454,0.00
880,5.20
494,0.00
100,5.20
663,0.00
110,5.24
281,5.17
451,11.64
830,5.17
81,5.03
232,5.07
951,0.00
992,18.40
746,11.80
107,5.24
498,0.00
818,18.70
554,0.00
160,5.28
991,18.71
446,5.35
807,11.79
39,5.33
857,5.21
622,11.58
847,5.29
415,5.34
808,0.00
305,5.53
402,5.53
952,5.53
455,5.64
274,5.42
876,5.42
289,5.45
721,5.55
987,5.56
899,0.00
685,5.83
458,5.74
91,5.79
295,5.85
639,5.83
70,0.00
299,5.92
905,5.87
617,5.93
83,6.07
292,0.00
810,11.47
157,5.99
554,0.00
381,5.97
448,0.00
82,6.11
952,6.08
875,11.60
56,6.24
900,6.15
386,6.21
994,0.00
944,6.39
431,6.40
303,6.38
823,6.57
461,6.58
778,0.00
907,6.62
376,6.66
665,6.61
350,6.71
848,0.00
372,6.77
655,6.70
37,0.00
352,6.81
91,6.64
260,0.00
27,6.64
196,6.72
299,6.64
836,0.00
247,6.64
984,0.00
803,6.71
794,6.72
435,6.68
832,0.00
762,6.79
433,6.75
746,11.91
650,6.87
934,7.02
987,6.97
891,12.19
35,7.06
507,7.09
133,6.97
132,6.81
417,6.83
876,6.88
747,0.00
274,6.76
930,12.06
560,6.84
833,7.00
146,6.95
423,6.82
926,6.83
16,6.73
820,6.59
975,0.00
305,6.74
496,0.00
882,18.32
249,6.82
421,6.63
202,6.70
9,6.58
290,6.52
553,0.00
899,0.00
831,6.50
406,0.00
494,6.54
631,6.54
101,6.58
617,6.50
519,0.00
305,6.54
644,6.54
220,6.55
136,6.48
349,6.49
142,6.36
367,0.00
448,6.47
175,6.31
450,12.47
937,6.33
16,6.23
241,6.06
431,6.09
888,0.00
622,5.75
508,0.00
969,5.82
35,5.74
733,5.78
737,5.84
463,0.00
179,5.97
126,5.89
354,5.84
239,5.85
138,5.82
727,0.00
288,5.69
637,5.75
929,5.87
210,5.67
483,5.65
146,5.61
799,0.00
416,0.00
906,0.00
507,5.59
251,5.81
495,5.69
938,12.88
332,5.74
932,0.00
401,0.00
208,5.76
235,17.92
260,12.74
724,12.59
667,5.96
488,5.67
79,5.80
487,0.00
905,0.00
14,5.79
800,0.00
422,12.58
921,5.76
266,0.00
340,12.59
932,5.70
584,0.00
16,5.67
262,5.74
140,5.62
659,5.62
923,0.00
287,5.66
683,0.00
517,5.59
180,5.60
296,5.66
73,5.49
123,5.47
510,0.00
535,0.00
141,5.38
936,0.00
998,5.42
545,5.55
799,5.50
617,5.67
588,0.00
444,5.74
340,5.72
434,0.00
994,5.83
205,5.85
27,5.86
874,5.82
226,5.90
632,0.00
271,11.97
812,23.51
422,12.12
239,11.98
866,6.18
227,12.00
271,6.04
290,6.16
655,0.00
392,6.14
628,6.12
189,6.21
773,6.07
51,6.14
410,5.96
33,5.92
74,5.90
499,0.00
346,5.90
514,0.00
74,5.94
169,5.95
80,5.91
117,5.87
120,5.75
511,5.75
141,5.81
940,0.00
597,5.73
301,5.74
742,5.70
810,0.00
11,5.91
992,5.67
649,0.00
782,5.81
342,5.74
725,11.39
113,5.72
977,0.00
492,5.70
922,11.81
205,5.86
527,11.64
937,18.65
118,5.97
244,5.76
888,0.00
915,5.84
808,5.86
645,5.94
220,5.98
713,11.74
933,0.00
650,5.92
896,5.92
997,11.76
504,0.00
385,5.95
20,6.01
167,6.16
545,6.14
921,11.60
386,6.20
369,6.07
39,6.21
504,0.00
864,6.21
493,0.00
224,6.26
929,6.13
348,6.16
858,11.76
797,6.14
159,6.13
72,6.14
344,6.06
656,0.00
363,6.05
424,6.14
860,6.22
259,6.31
563,0.00
257,6.10
493,0.00
384,6.11
564,0.00
549,12.34
101,6.16
199,5.97
228,5.98
142,5.82
242,5.76
343,5.71
331,5.65
159,5.69
486,5.68
88,5.68
224,5.74
280,5.68
169,5.66
245,5.67
325,5.65
128,0.00
463,5.65
185,5.73
300,5.73
158,5.66
550,0.00
545,5.52
460,0.00
725,5.44
571,5.38
169,5.47
767,0.00
444,5.40
423,5.35
206,5.35
790,0.00
709,5.30
772,11.28
531,5.44
776,11.36
520,11.38
996,11.49
302,11.31
102,5.32
367,0.00
708,5.39
267,5.42
507,0.00
234,5.26
870,11.34
483,5.38
970,5.60
355,5.52
118,5.31
762,0.00
354,5.38
644,5.40
511,5.49
238,5.35
108,5.31
587,0.00
522,11.33
744,5.33
325,5.27
367,5.25
756,0.00
569,5.17
299,5.34
410,0.00
795,5.38
100,0.00
939,5.19
317,5.21
118,5.32
636,0.00
483,0.00
666,5.13
817,0.00
700,5.20
871,5.25
222,5.32
91,5.37
234,5.31
572,0.00
248,5.30
898,0.00
849,5.33
614,5.41
757,5.55
878,5.59
127,5.74
700,5.70
317,5.73
833,5.82
156,5.95
136,5.90
87,5.92
896,0.00
676,5.96
511,5.95
961,0.00
920,6.12
371,6.24
987,0.00
91,6.35
132,6.42
779,6.38
7,6.48
70,6.32
796,0.00
749,6.41
529,6.33
634,6.36
857,6.44
674,6.48
189,6.63
435,6.54
597,0.00
952,0.00
743,6.49
381,0.00
361,6.49
715,0.00
927,11.90
830,6.67
876,18.12
481,6.62
777,6.74
568,6.81
952,6.68
41,6.79
146,0.00
557,6.55
545,6.57
479,0.00
937,18.15
107,6.67
990,0.00
230,6.62
608,6.57
16,6.63
870,0.00
396,6.61
697,6.70
645,6.71
933,6.66
76,6.72
394,6.55
844,0.00
329,6.61
43,6.71
750,0.00
457,11.90
616,0.00
299,11.84
105,6.50
645,0.00
474,0.00
442,6.51
903,6.60
730,6.72
85,6.79
672,6.63
581,6.73
10,6.70
415,6.63
359,6.65
529,6.65
266,6.72
334,6.63
590,0.00
874,0.00
180,6.51
724,0.00
107,6.46
877,0.00
470,6.33
816,6.41
277,0.00
25,6.38
873,6.37
5,6.45
472,6.27
212,6.12
830,0.00
831,6.13
295,6.21
577,6.20
642,12.60
226,6.18
946,0.00
650,6.36
414,6.30
529,12.74
397,6.29
512,0.00
3,6.13
269,6.06
31,6.12
989,0.00
476,6.12
954,6.10
395,12.75
646,6.08
814,12.60
65,6.24
422,6.16
850,0.00
419,6.18
760,12.92
310,6.10
895,12.85
841,5.99
509,6.12
919,6.10
649,6.15
785,6.25
513,6.31
937,0.00
969,6.23
775,0.00
347,6.24
184,6.40
476,0.00
864,0.00
594,12.97
792,6.47
327,6.29
25,6.35
320,6.25
451,0.00
120,6.18
285,6.25
657,6.16
625,6.30
504,0.00
485,6.43
854,0.00
313,6.31
111,6.27
293,6.28
90,6.20
179,6.12
697,0.00
52,6.05
387,6.11
965,0.00
753,6.22
167,6.26
68,0.00
420,12.70
754,6.26
330,6.32
881,12.53
375,0.00
511,6.13
399,6.11
122,6.19
798,0.00
663,6.10
585,6.19
800,6.22
164,6.33
55,6.21
984,0.00
426,6.02
121,6.14
54,6.09
496,5.99
331,5.94
486,0.00
517,5.86
823,0.00
739,6.03
228,5.97
51,0.00
437,0.00
115,5.95
876,5.99
164,6.00
59,5.88
743,0.00
280,5.78
632,0.00
31,5.71
598,5.72
715,18.77
167,5.76
580,5.71
711,11.66
217,5.87
905,5.71
103,5.72
298,5.70
930,0.00
143,5.62
609,5.56
513,0.00
554,5.62
270,5.70
572,0.00
649,11.95
932,5.73
659,5.63
452,5.72
527,0.00
944,18.66
128,5.68
881,12.22
276,5.67
677,12.03
205,5.69
432,0.00
322,0.00
801,0.00
393,5.69
105,5.78
306,5.55
566,0.00
603,0.00
440,0.00
2,5.67
863,5.64
314,5.64
14,5.71
984,11.75
256,5.75
702,0.00
359,5.63
707,11.80
702,5.73
909,11.86
903,11.93
816,5.86
554,5.84
292,5.96
76,5.89
296,5.90
952,5.85
305,5.99
628,0.00
107,6.00
351,5.95
779,5.97
628,12.04
533,5.95
554,0.00
524,6.00
825,6.01
894,6.10
94,6.21
361,6.16
564,0.00
473,6.23
378,6.36
529,0.00
596,6.17
302,6.24
11,6.22
346,6.17
786,6.20
909,6.20
426,6.37
790,6.22
828,6.19
471,0.00
287,6.34
563,0.00
492,6.35
249,6.30
840,0.00
310,6.35
333,6.37
710,6.27
456,6.38
477,0.00
466,6.22
129,6.40
985,0.00
641,6.18
639,0.00
175,6.31
688,11.96
111,6.23
369,6.15
744,6.06
134,0.00
827,6.24
88,6.27
551,0.00
124,6.19
977,6.21
324,6.21
98,6.19
396,0.00
673,6.18
276,6.23
648,6.23
534,0.00
316,6.21
91,6.21
994,0.00
954,6.09
884,0.00
172,6.33
264,6.33
384,0.00
265,0.00
784,6.24
397,6.36
758,0.00
662,12.07
752,6.65
339,6.66
88,6.64
714,0.00
878,12.28
359,6.62
503,6.45
253,12.28
560,6.42
419,6.43
328,6.31
879,0.00
268,6.36
834,6.35
994,6.49
239,6.62
612,6.53
713,0.00
954,12.52
57,6.58
856,0.00
203,6.60
340,6.68
518,0.00
962,0.00
348,6.65
459,0.00
499,6.44
189,6.51
384,6.37
86,6.45
471,12.54
628,6.41
806,0.00
942,0.00
541,6.44
530,6.47
660,12.58
160,6.45
879,6.59
639,6.59
233,6.52
969,0.00
79,6.51
130,6.43
475,6.38
597,0.00
195,0.00
202,6.35
320,6.41
900,6.46
558,6.57
66,6.40
572,0.00
674,6.53
710,6.42
611,0.00
37,6.53
143,6.54
714,0.00
304,6.31
109,6.38
626,6.33
584,6.36
866,6.53
189,6.41
572,0.00
312,6.40
564,0.00
965,6.43
792,18.28
157,6.56
674,6.35
993,6.51
286,6.57
369,6.66
739,0.00
351,12.74
969,6.68
562,0.00
741,6.50
239,6.65
441,6.55
421,0.00
342,6.51
522,0.00
908,6.51
431,6.43
315,0.00
829,6.48
746,0.00
403,6.46
901,0.00
525,6.59
89,6.67
273,6.55
250,6.60
856,6.46
318,6.39
471,6.21
255,6.21
416,6.25
615,6.13
652,0.00
983,12.72
698,6.24
251,6.36
307,6.28
73,0.00
417,6.34
326,6.34
624,0.00
455,6.25
170,6.37
140,6.38
994,6.36
124,6.37
126,6.30
401,0.00
159,6.39
710,6.35
736,6.28
334,6.39
157,6.30
1,6.23
574,0.00
987,6.20
364,6.22
6,6.03
930,12.42
955,6.06
852,6.06
53,6.23
675,0.00
192,6.17
427,6.07
656,6.07
643,0.00
197,6.03
257,6.11
682,5.93
387,5.97
329,6.14
322,6.12
313,6.13
502,0.00
789,6.03
245,6.13
126,5.90
495,0.00
955,5.91
80,6.04
75,6.08
297,6.06
448,0.00
954,5.91
400,6.02
119,0.00
122,12.44
714,5.91
397,5.93
8,5.83
578,5.73
524,0.00
441,5.76
594,5.79
180,0.00
628,12.21
848,5.72
256,5.73
257,5.58
22,5.53
614,0.00
724,5.48
368,5.54
973,5.45
553,0.00
454,5.62
127,5.60
350,5.51
221,5.43
149,0.00
682,0.00
424,0.00
644,5.60
820,0.00
368,5.64
85,5.76
388,5.77
477,0.00
622,5.76
701,5.72
360,5.84
63,5.68
406,5.72
629,0.00
818,5.61
130,5.63
90,5.63
759,0.00
182,5.57
711,0.00
959,12.08
732,5.72
156,5.71
722,5.73
832,5.64
161,5.72
580,5.69
186,0.00
310,5.65
830,5.79
484,5.85
602,5.92
862,5.98
916,5.97
473,12.02
507,6.16
718,6.02
443,5.89
281,5.99
969,5.99
698,6.10
659,0.00
790,0.00
898,0.00
665,0.00
619,6.09
362,6.18
588,6.30
183,6.39
374,6.32
987,0.00
776,6.32
808,0.00
182,6.46
381,6.44
197,6.39
359,6.44
719,6.42
463,6.43
709,6.54
905,6.45
118,6.42
516,6.42
345,6.55
815,0.00
351,6.56
696,0.00
414,6.56
948,0.00
173,6.69
699,12.26
871,6.82
139,6.65
798,6.66
204,6.75
732,0.00
600,6.66
944,6.77
467,0.00
111,6.85
968,0.00
720,6.89
119,6.90
353,7.05
569,0.00
132,6.92
348,7.02
98,6.87
74,6.76
580,6.75
279,6.83
267,6.69
291,6.78
326,6.67
174,6.75
267,6.72
897,0.00
841,6.54
144,6.60
516,0.00
336,6.63
200,0.00
275,6.57
572,12.23
527,6.63
993,6.64
992,12.37
163,6.64
758,6.78
240,6.66
867,6.70
170,6.73
210,6.87
603,0.00
410,6.74
465,6.83
810,6.84
412,0.00
110,6.57
507,6.59
893,12.64
215,6.77
900,6.72
769,6.85
274,6.70
360,6.79
791,12.80
951,6.79
709,6.83
94,6.87
114,0.00
534,6.86
253,6.86
897,0.00
227,6.87
209,6.77
3,6.68
786,0.00
118,6.65
296,6.66
439,12.82
365,6.58
366,6.51
490,0.00
198,6.43
238,6.41
366,6.36
49,6.38
429,0.00
588,6.19
927,6.28
369,6.29
204,6.32
563,0.00
125,6.20
302,6.25
994,6.12
155,6.28
459,6.18
988,12.87
309,6.16
770,0.00
719,6.22
689,0.00
891,6.39
777,0.00
2,6.45
448,0.00
296,6.18
415,6.20
32,6.08
770,0.00
146,0.00
168,6.08
913,0.00
592,0.00
371,6.06
511,6.12
943,0.00
694,6.17
322,6.34
586,0.00
590,0.00
841,6.40
697,0.00
718,6.48
429,6.43
417,6.38
494,6.30
135,6.41
181,6.51
493,0.00
988,6.57
45,6.39
184,6.47
248,6.31
643,0.00
656,6.22
18,6.12
238,6.08
383,5.99
621,6.10
748,6.10
114,6.13
522,12.74
659,6.03
145,5.96
753,0.00
225,5.98
646,5.88
860,0.00
15,6.01
748,5.94
326,12.68
618,5.99
648,5.80
282,5.93
65,5.81
755,5.77
256,0.00
958,5.80
698,5.91
330,6.02
668,0.00
473,6.11
392,6.08
640,6.05
306,6.10
492,0.00
763,6.15
683,6.26
407,6.33
338,6.23
47,12.48
566,6.31
132,6.33
25,6.07
572,6.08
482,6.01
283,6.15
385,6.00
334,5.99
723,0.00
547,5.98
74,6.11
243,6.01
374,5.93
827,0.00
658,5.74
275,5.90
688,5.80
497,5.86
705,5.86
313,5.79
305,5.92
229,5.94
827,0.00
388,5.89
351,5.99
175,6.09
883,0.00
480,5.90
724,5.92
632,0.00
214,5.86
871,24.61
373,6.05
642,0.00
787,12.47
495,6.12
134,0.00
46,6.18
518,6.18
618,0.00
26,6.18
235,6.07
977,6.06
635,6.11
380,6.12
508,6.17
601,0.00
871,6.31
893,12.59
737,6.47
537,6.54
322,6.56
3,6.61
632,6.55
768,6.61
606,6.60
726,6.72
621,0.00
979,6.73
171,6.82
112,6.80
629,0.00
757,6.76
768,6.65
441,0.00
524,12.56
904,6.60
811,6.72
13,6.72
901,0.00
357,6.77
781,0.00
418,6.56
549,6.53
939,0.00
500,6.63
924,0.00
304,6.61
363,6.53
522,0.00
412,6.62
890,6.58
365,6.74
745,6.85
33,6.86
272,6.94
14,6.80
359,6.80
119,6.80
447,6.80
36,6.64
671,6.57
43,6.65
361,6.67
466,0.00
738,6.48
785,6.57
602,6.61
529,6.63
78,6.63
676,0.00
267,6.53
102,6.60
116,6.59
428,6.48
621,0.00
722,6.38
45,0.00
334,6.49
996,12.44
14,6.45
20,0.00
325,6.55
10,6.40
845,6.36
759,6.31
696,0.00
197,6.27
105,6.37
82,6.18
194,6.19
527,0.00
695,0.00
569,6.20
243,6.22
408,6.07
329,6.21
996,6.08
867,12.46
15,5.97
222,5.94
981,0.00
668,0.00
408,5.86
728,0.00
688,5.92
60,5.93
920,0.00
618,12.63
7,6.00
224,5.96
204,5.99
388,0.00
763,5.90
191,5.94
376,0.00
217,0.00
625,5.84
22,5.85
696,0.00
556,5.70
115,5.70
522,0.00
194,5.74
660,0.00
716,5.83
997,5.89
384,0.00
875,5.83
554,5.85
835,0.00
834,6.02
318,5.90
570,6.04
525,6.14
50,6.02
683,0.00
600,12.80
912,6.07
51,0.00
151,6.07
433,6.16
204,6.01
380,6.01
840,6.11
799,13.04
342,6.24
741,6.32
19,6.18
255,0.00
146,0.00
437,6.26
361,6.35
758,0.00
812,12.86
793,12.87
320,6.25
1,6.20
825,0.00
833,6.20
298,6.31
576,6.29
32,6.41
876,6.16
236,6.23
484,6.23
21,6.28
646,6.05
472,0.00
669,6.15
820,6.24
279,6.07
541,6.09
302,6.27
195,6.17
871,0.00
261,6.29
330,6.37
472,0.00
894,6.29
173,6.39
368,6.43
242,6.34
381,12.45
272,6.37
961,12.33
670,6.34
691,6.28
476,0.00
745,6.30
91,6.41
798,0.00
185,6.21
798,0.00
519,0.00
288,6.09
422,6.06
244,0.00
758,6.15
299,12.02
924,6.27
417,6.28
343,6.22
847,0.00
875,6.38
153,6.41
11,6.41
252,0.00
260,6.46
925,6.23
84,6.35
141,6.28
799,6.24
366,11.92
390,6.30
233,6.17
377,6.11
40,6.16
399,5.92
280,5.93
80,5.87
124,5.77
206,5.77
311,5.80
805,5.58
137,5.64
967,0.00
535,0.00
147,5.73
983,0.00
410,5.62
158,5.67
956,0.00
629,5.71
733,5.70
180,5.73
483,0.00
963,5.63
600,5.81
322,5.85
407,0.00
928,11.98
865,5.86
972,18.90
366,5.88
286,5.79
457,5.74
471,5.70
748,0.00
616,0.00
647,5.88
455,5.82
205,5.83
213,5.75
463,5.78
385,5.79
427,5.61
246,5.61
718,0.00
761,0.00
745,5.69
22,5.77
704,0.00
456,5.70
561,0.00
772,5.70
240,5.76
791,5.76
169,12.12
833,5.89
622,12.09
43,5.79
194,5.63
252,5.72
147,5.66
23,5.69
953,5.59
897,5.69
727,5.68
701,5.77
896,5.81
567,5.75
67,5.75
747,0.00
123,5.77
458,0.00
939,5.57
951,5.66
384,5.75
69,5.83
804,0.00
446,5.85
198,5.87
175,5.82
451,0.00
566,5.91
300,5.71
397,0.00
61,5.75
88,5.82
761,5.88
121,5.89
349,5.89
221,5.93
213,5.94
626,0.00
720,5.96
947,0.00
482,5.88
411,6.06
696,5.99
105,0.00
504,0.00
991,5.91
360,11.78
550,6.09
189,6.10
297,6.03
499,0.00
642,5.97
900,5.93
187,5.94
238,6.09
392,6.06
50,6.04
822,11.94
754,11.79
999,6.01
31,5.94
715,5.92
722,6.08
952,6.26
39,6.27
29,6.18
694,0.00
886,6.11
255,6.22
864,0.00
177,6.32
758,0.00
829,6.50
966,0.00
306,6.52
157,6.49
262,6.32
446,6.24
205,6.33
762,6.22
1,6.35
750,0.00
932,0.00
818,6.38
65,6.33
833,12.37
955,12.28
48,6.53
448,6.40
964,6.52
766,6.53
698,6.53
616,0.00
370,6.62
677,0.00
814,6.55
678,0.00
319,6.35
203,6.33
405,6.21
377,0.00
89,0.00
962,6.30
209,6.39
296,6.35
14,0.00
214,6.35
333,6.38
636,6.40
48,6.49
572,0.00
731,0.00
880,6.32
924,0.00
835,6.55
412,6.54
245,6.54
679,0.00
963,6.41
424,0.00
623,6.59
575,0.00
725,12.53
277,6.64
246,6.58
402,6.41
994,0.00
737,6.66
631,6.59
743,0.00
127,6.83
555,0.00
145,6.61
197,6.61
429,0.00
493,12.59
778,6.57
337,6.44
114,6.59
998,12.55
812,12.54
633,6.40
862,0.00
877,6.44
882,6.44
264,6.51
525,6.34
110,12.69
770,6.44
728,0.00
698,6.34
620,0.00
142,6.56
802,6.42
8,6.52
750,0.00
67,6.36
362,6.28
820,12.70
599,6.24
503,6.25
704,12.78
389,12.88
88,6.34
694,6.43
780,12.83
266,6.22
315,6.34
732,0.00
197,6.26
922,0.00
988,24.81
606,12.80
288,6.50
798,13.10
622,12.96
586,6.75
995,13.11
698,0.00
690,6.41
717,0.00
403,6.45
861,0.00
10,6.49
700,6.49
427,0.00
524,6.60
23,6.60
920,0.00
626,6.44
556,6.45
871,6.48
454,6.49
29,6.54
849,6.45
434,0.00
758,6.40
268,6.46
43,6.33
757,0.00
639,6.46
95,6.31
972,6.27
999,12.79
302,6.47
197,6.32
931,6.14
355,6.18
67,6.25
986,0.00
790,6.29
162,6.33
272,6.38
245,6.42
359,6.45
962,0.00
580,12.99
483,6.49
892,6.45
106,6.46
702,0.00
476,6.39
445,6.44
671,0.00
132,6.42
553,6.40
697,6.42
179,6.34
647,0.00
376,6.25
321,6.24
718,0.00
884,6.31
468,0.00
255,6.43
241,6.36
615,0.00
696,6.36
18,6.23
798,19.09
932,6.37
6,6.29
772,6.40
248,6.56
131,6.45
247,6.51
461,6.30
183,6.43
634,0.00
215,6.23
914,12.77
108,6.23
542,0.00
689,6.38
930,6.18
773,12.77
494,0.00
823,6.27
425,0.00
806,6.41
682,6.51
327,6.33
342,6.44
723,0.00
677,0.00
353,6.43
597,0.00
177,6.40
791,6.42
972,12.91
702,6.61
274,6.36
568,6.39
604,0.00
262,6.48
810,6.55
978,6.59
138,6.54
711,0.00
744,0.00
606,6.49
560,6.54
902,6.45
965,12.59
531,6.52
909,0.00
193,6.60
1,6.60
708,0.00
894,6.50
677,6.55
623,0.00
954,13.06
856,6.55
69,6.55
179,6.56
13,6.49
520,0.00
914,6.47
249,6.48
134,6.56
696,6.56
67,6.64
663,6.49
78,0.00
897,6.43
359,6.52
928,6.61
915,6.45
153,6.39
269,6.55
288,6.53
995,0.00
291,6.71
728,0.00
910,19.36
801,13.08
847,6.78
210,6.76
752,13.12
404,6.45
639,0.00
582,6.66
218,6.61
591,6.61
74,6.66
514,6.63
292,6.69
697,0.00
688,12.74
865,19.18
995,12.75
609,12.88
346,6.54
262,6.36
454,6.53
276,6.47
952,6.43
730,6.44
166,6.32
117,6.44
962,0.00
842,12.81
562,6.36
356,6.37
236,6.42
378,6.39
26,6.50
176,6.49
488,0.00
977,6.45
186,6.55
83,6.37
438,0.00
513,6.32
574,6.33
161,0.00
693,6.21
81,6.30
451,0.00
710,6.25
352,6.24
820,0.00
933,12.74
349,6.22
753,6.19
791,19.04
102,6.24
700,0.00
576,0.00
199,6.10
746,0.00
897,6.24
360,12.73
293,6.24
791,12.77
389,6.20
552,0.00
762,6.11
254,6.34
118,6.38
854,0.00
590,0.00
953,0.00
820,6.33
590,6.34
550,6.42
612,0.00
415,6.39
691,0.00
320,12.98
547,0.00
866,6.41
667,6.49
533,0.00
855,6.46
635,0.00
318,6.32
622,6.39
708,6.44
213,6.33
181,6.37
445,6.12
158,6.16
409,6.12
445,0.00
643,6.10
185,0.00
760,6.19
158,6.22
793,12.82
207,6.23
650,12.71
799,6.31
796,6.39
493,0.00
378,6.24
607,6.23
854,6.24
71,6.31
389,6.19
53,6.16
226,6.13
164,6.16
216,6.12
400,6.07
825,0.00
24,5.95
666,5.95
64,5.98
588,0.00
541,5.91
913,5.95
404,6.10
727,6.13
734,6.17
139,6.18
101,6.06
218,6.13
99,6.08
527,0.00
762,6.04
106,6.11
208,6.05
363,6.06
962,18.59
906,6.06
852,6.09
244,6.02
661,0.00
798,0.00
884,5.83
127,5.88
881,12.09
185,5.94
932,0.00
584,5.68
274,5.84
563,0.00
13,5.82
716,0.00
37,5.82
921,0.00
539,5.59
911,5.62
173,5.69
285,5.75
508,0.00
234,5.60
180,5.61
384,5.43
755,0.00
816,5.58
62,5.58
334,11.93
849,25.02
206,5.61
521,12.00
677,5.67
994,5.75
302,5.79
211,5.74
123,5.78
992,5.74
147,0.00
56,5.91
232,5.94
232,0.00
86,5.79
353,5.74
658,0.00
892,0.00
278,11.92
512,5.82
518,5.83
17,5.80
993,0.00
288,5.68
797,12.05
949,5.76
309,5.85
831,5.79
43,5.96
926,5.92
300,0.00
309,0.00
111,5.95
887,12.01
866,6.05
281,6.09
485,0.00
884,0.00
2,6.21
431,6.10
223,6.03
205,5.99
491,0.00
576,0.00
430,6.11
706,6.06
17,6.12
861,0.00
293,6.26
318,6.26
566,6.26
845,0.00
195,6.52
785,12.52
942,6.43
40,6.53
520,0.00
924,6.36
532,0.00
760,12.44
442,6.61
796,0.00
641,25.05
275,6.54
384,0.00
418,6.63
253,12.27
977,6.60
211,12.13
199,6.60
546,6.34
281,6.47
932,6.36
512,6.44
801,0.00
859,6.56
463,6.60
249,6.40
453,6.42
56,6.43
228,6.49
761,6.55
744,0.00
652,0.00
483,0.00
338,6.52
460,6.57
139,6.57
513,0.00
736,6.67
776,18.51
323,6.44
795,6.39
420,6.39
451,0.00
573,6.48
437,0.00
887,6.54
837,0.00
57,6.75
814,0.00
569,12.23
920,6.74
353,6.57
405,6.71
983,12.41
849,12.35
624,12.46
578,6.68
324,6.53
957,6.56
108,6.56
488,0.00
609,0.00
187,6.59
632,6.42
66,6.51
541,6.38
723,0.00
632,6.44
754,6.49
954,12.65
353,6.75
260,6.54
518,6.46
662,0.00
709,6.41
329,6.51
868,0.00
344,6.36
988,6.28
246,0.00
960,18.64
809,12.85
401,6.40
146,6.32
878,6.30
565,6.36
402,0.00
830,0.00
735,12.97
705,12.74
244,6.43
862,0.00
32,6.23
710,6.38
280,6.43
428,0.00
981,6.24
281,6.34
781,0.00
145,6.37
930,12.73
155,6.37
152,6.25
330,6.18
305,6.43
2,6.27
998,0.00
693,6.20
685,0.00
371,6.40
162,6.40
618,0.00
49,6.48
544,0.00
532,6.49
872,6.54
935,18.71
824,6.68
531,6.54
7,6.54
263,6.62
29,6.53
15,6.47
186,6.41
781,0.00
931,13.06
835,6.27
278,6.40
354,6.27
831,13.18
750,6.55
69,6.62
177,6.45
728,0.00
820,13.12
865,6.49
431,0.00
245,6.45
487,6.44
483,0.00
862,6.45
549,6.49
719,0.00
387,0.00
992,6.54
657,6.63
923,6.60
957,0.00
644,0.00
250,0.00
542,0.00
987,6.70
869,6.81
826,6.76
452,6.76
379,6.68
784,6.72
787,6.81
449,6.96
380,6.83
712,0.00
464,13.14
684,6.79
352,6.89
915,6.92
143,6.85
210,6.89
525,6.83
639,6.95
202,6.90
805,0.00
833,13.35
573,6.99
98,6.87
672,13.31
342,7.06
740,13.23
18,7.06
713,6.91
261,0.00
713,6.93
555,0.00
345,6.96
468,0.00
424,7.09
305,6.95
685,6.91
169,6.91
152,6.86
382,0.00
693,6.76
378,6.75
946,0.00
859,6.72
45,6.86
411,6.82
660,13.46
126,6.78
331,0.00
216,13.31
718,0.00
955,6.72
43,6.86
690,6.85
128,6.95
480,6.90
720,6.91
622,7.00
99,6.91
203,6.92
733,0.00
563,0.00
181,6.67
381,6.67
362,6.64
155,6.58
588,0.00
505,13.12
72,6.60
310,6.52
957,6.55
89,6.64
91,6.48
837,0.00
189,6.49
227,6.57
658,0.00
824,13.07
87,6.51
149,6.41
367,6.37
529,0.00
845,6.28
223,6.17
978,0.00
18,6.26
720,6.21
60,6.24
263,6.11
776,0.00
815,6.23
631,6.25
810,0.00
723,6.13
381,6.19
437,6.19
278,6.24
214,6.25
958,0.00
590,6.10
975,6.11
201,6.14
264,6.08
702,0.00
922,6.12
445,0.00
205,6.16
597,0.00
541,13.13
531,6.23
234,0.00
603,6.17
920,13.03
182,6.19
719,5.99
78,6.06
790,0.00
488,6.15
520,0.00
393,6.16
277,6.23
589,0.00
947,6.35
560,6.24
825,6.41
404,6.50
634,0.00
100,6.46
352,6.45
538,6.55
888,6.58
200,6.40
94,0.00
891,0.00
106,6.48
909,6.42
652,13.29
106,6.52
917,0.00
173,0.00
549,6.48
497,0.00
69,6.37
403,6.40
147,6.44
762,0.00
453,6.39
623,0.00
410,6.33
704,0.00
303,6.39
858,6.44
369,6.49
994,6.49
880,13.14
676,13.15
196,6.41
704,0.00
832,6.60
287,6.70
678,0.00
484,6.73
74,6.69
304,6.64
873,0.00
976,6.59
198,6.77
243,6.76
114,6.71
838,0.00
946,12.97
241,6.77
956,0.00
801,6.85
103,6.76
760,0.00
973,6.69
576,0.00
376,6.78
321,6.80
411,6.82
250,6.75
42,0.00
145,6.85
691,0.00
924,0.00
845,6.80
626,6.80
660,6.88
164,6.81
844,0.00
446,6.76
440,0.00
907,6.80
383,12.97
895,6.88
959,6.90
485,0.00
502,6.95
692,7.13
610,6.98
290,6.94
299,6.88
841,0.00
244,6.82
750,0.00
33,6.80
830,0.00
889,6.63
650,0.00
116,6.58
696,6.61
609,6.75
526,6.56
63,6.48
695,6.49
571,6.51
897,6.51
857,13.25
488,6.57
165,6.63
578,0.00
104,6.69
268,6.60
304,6.60
906,6.58
846,0.00
943,6.75
809,13.04
580,6.70
382,0.00
896,6.68
249,6.59
826,6.60
769,6.73
338,6.68
231,6.59
771,6.48
548,0.00
963,6.52
819,6.74
176,6.69
29,6.73
676,0.00
65,6.58
477,0.00
569,6.50
78,0.00
42,6.64
9,6.50
684,6.43
415,0.00
469,6.56
899,6.41
271,6.48
682,6.38
521,0.00
217,6.55
714,0.00
883,6.34
385,6.45
324,6.48
812,6.42
774,0.00
429,6.58
266,6.62
649,0.00
961,13.29
166,6.50
455,6.50
74,6.45
347,6.45
214,6.36
248,6.49
572,0.00
835,0.00
689,13.30
853,13.15
412,0.00
942,13.26
910,6.26
311,6.35
246,6.32
725,6.30
690,6.38
547,6.30
522,0.00
608,6.28
548,6.40
94,6.55
946,6.53
657,6.50
675,13.11
165,6.59
960,6.48
143,6.50
623,0.00
95,6.66
649,13.02
72,6.66
229,0.00
347,6.60
745,0.00
475,6.35
582,0.00
843,6.38
700,0.00
151,6.35
215,6.44
571,13.10
664,6.40
966,6.45
75,6.52
123,6.29
520,0.00
661,6.46
385,0.00
861,13.22
320,6.48
912,0.00
458,6.53
500,0.00
262,6.47
84,6.47
562,0.00
613,6.37
197,6.38
843,0.00
586,6.35
156,6.38
981,6.42
562,0.00
897,6.41
719,6.52
382,6.62
590,0.00
352,6.50
66,6.61
726,6.39
362,0.00
174,0.00
593,0.00
803,6.38
37,6.49
906,0.00
829,6.32
754,0.00
311,6.36
522,0.00
926,6.57
183,6.37
91,6.51
778,0.00
342,6.60
874,0.00
511,6.73
846,0.00
259,6.49
495,6.65
755,12.79
301,0.00
231,12.91
443,0.00
265,6.39
712,6.39
416,6.52
179,6.48
624,0.00
218,6.39
820,0.00
391,6.35
690,12.92
870,6.25
587,12.85
370,6.29
68,6.23
154,6.17
698,6.16
618,0.00
992,12.78
224,6.18
679,6.27
307,0.00
540,6.30
722,6.35
793,0.00
812,6.35
85,6.38
487,6.22
429,0.00
616,6.14
299,6.18
426,0.00
987,6.15
169,6.07
478,6.10
878,6.14
245,6.07
989,6.07
540,0.00
662,6.12
144,6.12
738,6.09
365,6.19
652,6.03
414,0.00
819,0.00
727,5.97
751,12.58
247,6.10
931,5.98
515,6.06
278,6.14
482,0.00
969,6.00
743,6.02
695,6.05
69,6.12
673,0.00
395,0.00
371,5.99
272,6.07
345,5.92
128,5.98
631,5.79
739,0.00
238,5.79
973,0.00
957,18.85
715,12.57
558,5.98
47,5.99
193,5.86
96,5.90
379,5.84
291,5.90
867,12.40
309,6.02
811,12.44
361,0.00
406,5.72
265,0.00
862,5.92
360,0.00
968,0.00
303,12.25
493,6.09
565,0.00
192,6.03
582,0.00
606,6.05
200,6.09
512,6.09
580,6.10
721,6.11
143,6.03
798,5.77
500,5.87
451,0.00
457,6.03
372,5.96
521,5.96
746,6.03
171,5.87
302,5.97
998,0.00
946,25.28
780,12.11
106,5.93
843,6.19
61,6.05
677,6.19
928,6.27
402,0.00
989,12.13
391,6.01
979,5.99
348,6.20
93,6.11
9,6.13
827,0.00
421,6.09
941,0.00
770,6.17
266,6.12
853,0.00
66,6.27
510,12.34
827,6.36
907,6.44
5,6.28
60,6.35
678,0.00
874,6.22
633,6.22
832,6.36
612,6.22
358,6.32
485,0.00
309,6.36
356,6.38
535,0.00
34,6.38
978,0.00
831,6.33
27,0.00
696,0.00
360,12.27
987,18.89
373,6.16
488,0.00
710,0.00
97,6.23
914,0.00
197,12.20
304,6.31
642,0.00
687,6.42
829,12.21
707,12.16
127,6.42
773,0.00
522,6.45
844,6.49
15,6.46
373,6.42
744,0.00
941,6.31
303,6.44
912,6.42
183,6.49
249,6.39
425,12.40
778,18.74
696,6.61
793,6.58
970,6.75
837,0.00
628,6.60
430,6.75
60,6.67
183,0.00
78,6.75
751,6.76
517,6.77
224,6.83
922,6.76
798,12.76
956,6.72
46,0.00
466,0.00
369,6.56
681,0.00
901,12.66
773,6.73
76,6.62
527,6.51
28,6.53
717,6.51
505,0.00
575,0.00
398,6.57
415,0.00
108,6.54
942,0.00
880,6.45
409,6.54
646,6.47
836,6.49
197,6.34
475,6.53
756,6.49
105,6.52
254,6.46
657,0.00
598,0.00
500,6.36
465,0.00
744,6.31
572,6.25
288,6.26
295,6.34
632,0.00
730,6.24
879,12.67
994,6.43
49,6.44
814,12.68
97,6.30
645,6.21
321,6.34
150,6.29
201,6.29
387,0.00
892,0.00
107,6.22
834,6.22
640,0.00
924,6.06
980,6.16
754,6.10
671,0.00
675,6.33
738,0.00
568,6.33
208,6.26
914,0.00
747,6.27
103,6.29
212,6.34
954,12.78
131,6.30
219,0.00
267,6.31
656,6.14
716,6.04
395,0.00
171,6.05
790,25.07
504,6.11
441,6.11
367,12.83
859,6.22
442,6.09
830,12.77
234,6.21
461,6.28
244,0.00
62,6.16
716,0.00
541,6.15
832,6.17
260,6.25
76,6.11
913,6.08
396,6.19
198,6.05
531,0.00
164,6.01
506,0.00
376,6.06
157,6.03
603,5.94
752,0.00
428,0.00
778,6.19
156,6.21
831,6.02
859,0.00
247,6.18
278,6.26
895,6.22
252,6.29
834,6.18
461,6.18
959,6.29
721,6.46
207,6.55
294,6.54
813,0.00
443,6.47
118,6.58
779,0.00
200,6.53
10,6.45
513,0.00
372,6.46
996,6.52
666,13.11
678,0.00
167,6.59
262,6.63
542,6.62
195,6.66
612,6.48
892,12.85
525,6.69
157,6.72
898,0.00
548,6.58
378,6.50
192,0.00
343,0.00
200,6.45
830,0.00
834,12.76
978,6.50
67,6.60
181,6.49
259,6.56
832,0.00
36,6.52
197,6.42
883,6.47
734,19.33
349,6.44
633,6.54
779,6.51
491,6.54
675,6.63
488,0.00
942,6.71
309,6.70
992,0.00
671,6.83
919,12.92
239,6.95
739,12.88
427,6.86
844,13.13
194,6.89
386,0.00
533,6.93
99,6.87
138,7.03
312,6.79
816,0.00
263,6.80
346,6.72
539,6.78
987,12.91
677,6.93
391,6.70
481,6.79
86,6.79
84,6.67
308,6.67
282,6.58
116,6.46
603,0.00
566,6.45
42,6.52
320,6.40
800,0.00
205,6.32
426,6.29
707,6.36
585,6.39
863,6.36
103,6.37
667,12.62
30,6.40
482,0.00
856,0.00
634,6.25
611,0.00
142,6.30
565,6.19
864,6.13
597,6.24
295,6.31
163,6.22
876,0.00
794,12.84
849,6.12
717,6.13
532,0.00
319,6.16
47,6.07
684,6.07
623,5.99
898,6.02
660,5.96
824,0.00
8,5.94
259,5.87
740,0.00
19,5.85
834,5.78
45,5.80
37,5.81
986,5.73
706,0.00
965,0.00
332,5.86
528,12.42
510,5.77
894,5.71
327,5.75
420,0.00
383,5.65
405,0.00
853,0.00
331,5.67
78,5.59
508,12.44
833,5.59
602,0.00
219,5.52
404,18.40
291,5.59
919,12.25
785,5.46
869,5.50
23,5.70
332,5.55
705,5.59
186,5.69
880,0.00
184,5.66
927,12.41
532,5.70
569,5.63
606,0.00
932,5.74
404,5.74
119,5.83
579,5.82
870,5.90
333,5.96
231,5.91
426,5.90
386,5.82
857,0.00
253,5.96
64,5.82
410,0.00
257,0.00
554,5.92
23,5.75
486,5.68
66,5.78
708,0.00
724,5.68
624,0.00
655,5.77
704,5.78
110,5.72
318,5.65
170,5.70
438,0.00
939,11.77
714,5.75
728,5.71
744,18.49
854,11.81
748,5.84
600,5.73
694,5.86
622,5.79
906,11.94
809,5.98
305,0.00
384,5.89
521,5.96
876,0.00
750,6.07
760,5.94
403,6.06
818,11.90
241,6.16
176,6.14
510,0.00
551,6.00
342,6.05
680,0.00
360,11.78
148,11.68
169,6.08
282,5.92
448,0.00
185,0.00
353,5.86
287,5.97
762,0.00
973,0.00
484,5.86
75,5.85
905,11.34
282,5.92
876,0.00
57,6.00
348,5.95
360,0.00
949,11.57
231,5.74
468,0.00
627,5.72
315,5.71
710,5.68
903,11.45
293,5.76
317,5.73
507,5.74
203,5.74
423,0.00
471,5.59
14,5.53
669,5.52
935,5.63
480,5.57
586,0.00
918,5.64
479,5.65
408,0.00
494,0.00
542,0.00
339,5.73
190,5.79
465,0.00
827,5.59
737,5.60
227,5.66
79,5.66
690,5.63
41,5.66
613,0.00
833,5.63
873,11.32
322,5.62
180,5.68
612,0.00
664,11.47
949,11.40
299,5.69
354,5.61
275,5.56
489,5.50
702,0.00
878,11.50
87,5.57
261,5.50
232,0.00
744,11.42
395,5.47
180,5.43
23,5.50
356,5.39
672,0.00
221,5.26
353,5.28
451,5.22
173,5.18
891,0.00
581,5.28
590,5.35
10,5.35
403,5.35
966,0.00
219,5.35
891,0.00
974,5.26
144,5.31
576,5.39
923,16.85
744,5.39
19,5.24
487,0.00
468,0.00
944,5.35
327,0.00
738,5.52
658,5.40
299,5.51
475,5.62
630,5.64
816,5.53
116,5.54
95,5.65
472,11.37
666,5.63
953,5.56
310,5.63
695,5.49
696,5.60
924,5.66
10,5.67
420,0.00
278,5.72
832,11.25
688,5.63
120,5.72
532,0.00
992,11.29
147,5.66
522,5.67
530,5.75
799,5.88
102,5.77
147,5.78
574,0.00
846,5.62
568,0.00
986,5.70
455,0.00
280,5.84
43,5.83
399,5.84
976,16.99
360,5.87
147,5.67
979,11.62
63,5.88
206,5.77
625,11.26
457,5.79
108,5.62
329,5.68
466,5.70
736,5.83
32,5.71
580,17.31
822,0.00
437,5.70
10,5.76
351,5.76
861,0.00
190,5.75
668,0.00
100,5.74
856,0.00
385,5.76
119,5.85
524,5.82
172,5.90
818,0.00
57,5.88
612,0.00
754,0.00
413,0.00
640,5.87
34,0.00
6,5.87
551,5.77
266,5.86
159,6.01
901,0.00
689,5.96
361,0.00
140,5.93
784,11.38
905,17.16
583,6.04
632,6.00
497,5.87
929,6.01
351,5.80
179,5.86
657,5.66
245,5.88
566,0.00
351,11.42
867,0.00
10,5.81
871,5.77
50,5.77
407,0.00
205,5.75
149,5.69
596,5.75
795,0.00
638,5.63
242,5.77
431,0.00
1000,5.82
175,5.92
560,11.56
746,5.96
26,5.81
781,5.79
669,5.83
33,5.62
37,5.62
966,17.01
875,5.54
894,5.70
910,5.75
132,5.81
286,5.60
601,0.00
968,11.47
510,5.66
32,5.65
212,5.72
676,5.66
110,0.00
808,5.71
13,5.75
980,11.56
8,5.69
319,0.00
722,11.50
29,5.76
142,5.71
431,0.00
764,11.33
178,5.62
158,5.58
998,5.76
326,5.73
511,0.00
78,5.56
20,5.57
93,5.55
84,5.47
289,5.48
981,5.42
777,0.00
485,0.00
413,0.00
416,5.53
602,5.52
37,0.00
545,0.00
979,5.71
289,5.65
548,5.58
209,5.58
310,0.00
996,5.68
189,5.64
453,5.50
619,0.00
269,5.56
569,5.46
480,0.00
431,11.39
517,5.50
547,5.50
480,5.58
385,5.48
11,5.53
105,5.39
66,5.39
957,5.42
176,5.42
261,5.54
888,5.32
348,5.33
223,5.44
656,5.36
900,0.00
693,5.44
421,5.53
597,5.54
614,0.00
480,5.39
334,5.36
793,5.26
285,5.31
304,5.27
469,0.00
776,5.29
536,5.36
283,5.36
775,0.00
616,5.45
417,0.00
699,5.42
494,0.00
170,5.33
941,5.33
473,0.00
942,5.22
541,5.21
831,5.28
59,5.40
324,5.36
40,5.31
741,5.28
308,0.00
837,0.00
742,5.31
663,5.36
284,5.37
447,0.00
468,5.42
18,5.35
526,0.00
89,5.27
982,5.18
68,0.00
168,5.28
90,5.21
173,5.40
385,0.00
171,5.42
10,5.46
628,5.46
595,5.46
15,5.46
61,5.33
502,0.00
527,5.27
894,5.27
126,5.44
94,5.34
192,5.20
772,5.19
694,5.28
20,5.34
686,5.26
730,5.41
776,0.00
633,5.34
272,5.32
848,5.27
415,0.00
726,5.17
818,0.00
305,5.39
745,16.68
113,5.45
384,0.00
676,5.51
203,5.36
524,5.39
439,5.39
429,0.00
872,5.41
514,5.48
983,0.00
32,5.37
580,10.76
753,5.44
787,10.75
39,5.35
72,5.43
825,0.00
519,0.00
721,5.38
981,0.00
280,5.53
188,5.44
33,5.38
168,0.00
765,0.00
755,5.43
4,5.49
940,0.00
480,5.50
79,5.49
877,5.54
80,5.55
148,5.55
203,5.45
821,0.00
491,5.48
782,5.39
496,5.38
816,5.38
213,5.49
594,0.00
882,10.88
327,5.45
404,0.00
728,5.46
558,5.54
755,10.95
325,0.00
490,5.44
928,5.51
474,0.00
562,5.63
790,0.00
880,5.73
59,5.65
395,0.00
309,5.71
759,5.67
918,5.85
512,5.76
599,5.85
332,6.03
315,5.93
421,0.00
340,5.86
169,5.86
248,5.93
638,0.00
828,0.00
296,5.82
830,0.00
213,5.77
618,0.00
974,5.77
960,5.83
827,0.00
695,11.28
850,5.99
23,6.08
423,0.00
104,5.93
999,0.00
866,11.25
440,6.11
14,6.05
213,5.85
272,0.00
114,5.97
259,5.93
440,5.97
223,6.03
872,0.00
876,0.00
276,5.93
829,0.00
188,5.93
477,11.39
442,6.04
719,0.00
614,11.22
195,6.02
22,5.93
161,0.00
466,5.99
839,0.00
453,5.91
866,11.26
531,11.30
157,5.97
171,5.91
679,6.02
380,6.02
438,0.00
279,5.97
39,6.00
145,5.90
161,0.00
507,5.90
377,0.00
160,5.95
770,0.00
639,5.84
375,0.00
886,5.93
539,5.93
209,6.03
996,0.00
897,6.07
389,0.00
387,0.00
805,6.12
407,0.00
356,6.06
161,6.09
232,6.07
847,0.00
591,6.09
11,6.02
24,0.00
612,5.98
971,0.00
492,6.07
740,0.00
153,5.94
925,5.81
323,5.87
920,5.87
364,0.00
814,5.74
589,5.75
747,5.83
91,5.76
88,5.81
607,0.00
610,5.73
673,5.76
632,0.00
967,5.77
506,0.00
377,5.85
930,5.86
50,5.87
552,0.00
924,5.61
379,5.72
802,0.00
384,11.77
785,5.79
694,5.66
278,5.57
31,5.68
885,5.63
618,5.68
90,5.77
652,11.48
901,5.67
131,5.81
666,5.74
77,5.92
388,5.83
745,0.00
800,5.91
431,5.75
947,0.00
724,5.87
343,5.90
288,5.93
215,5.94
284,5.80
674,0.00
634,5.75
621,5.74
438,0.00
708,5.80
497,5.80
278,5.90
210,5.82
466,5.85
131,5.91
782,5.92
769,5.93
174,5.85
642,0.00
565,5.76
114,5.87
284,5.88
248,5.72
227,5.78
515,5.64
560,5.70
938,0.00
455,0.00
882,11.87
211,5.72
123,5.65
250,5.74
685,5.66
803,5.87
450,0.00
217,5.72
322,0.00
978,11.68
434,0.00
961,5.81
727,5.88
784,5.95
581,5.99
36,5.84
531,5.95
9,6.08
609,5.89
49,5.87
647,0.00
360,5.95
438,0.00
68,6.02
499,0.00
478,5.95
280,5.95
276,0.00
265,5.94
35,5.82
285,5.85
798,5.71
430,0.00
824,5.77
935,5.88
259,5.77
378,0.00
74,5.87
975,5.90
294,5.91
216,0.00
550,5.98
660,6.02
601,6.01
729,5.96
515,0.00
926,5.79
176,5.80
476,0.00
89,5.73
490,0.00
814,17.63
898,5.77
497,5.78
767,5.90
753,11.64
27,5.85
823,0.00
808,5.78
908,5.94
488,6.04
987,6.06
92,5.96
455,5.99
527,0.00
645,6.04
40,5.98
518,0.00
348,5.97
957,0.00
335,5.97
285,6.00
822,0.00
655,5.94
638,6.03
643,0.00
80,6.09
821,0.00
809,6.10
42,6.19
515,0.00
359,6.14
844,0.00
881,6.18
591,11.86
62,6.01
144,6.17
625,11.85
699,6.11
726,0.00
545,6.11
709,0.00
289,6.05
39,6.07
442,0.00
913,0.00
433,5.95
600,5.96
771,0.00
609,5.91
584,5.83
744,5.92
766,0.00
638,5.98
696,0.00
894,6.00
310,6.05
516,0.00
557,5.89
621,0.00
495,11.90
442,0.00
380,5.99
172,6.12
938,11.88
337,6.02
89,5.94
327,5.76
438,5.89
16,5.96
833,5.80
947,5.95
332,5.92
86,5.86
626,5.89
929,5.89
943,11.57
322,5.85
188,5.80
448,0.00
636,0.00
982,5.79
803,5.77
240,5.80
51,5.63
744,0.00
358,5.73
316,5.74
961,0.00
92,5.85
359,0.00
407,5.75
524,0.00
3,5.68
982,0.00
370,0.00
513,5.44
312,5.45
534,0.00
626,5.36
586,0.00
755,5.40
316,5.34
403,5.38
853,11.62
326,5.44
820,11.56
809,5.61
475,0.00
850,5.53
575,5.54
926,5.65
78,5.48
649,0.00
983,5.51
627,0.00
989,5.70
328,5.85
441,0.00
687,5.77
692,11.90
581,11.79
112,5.83
591,5.89
902,6.01
645,5.88
368,5.93
535,5.90
840,11.94
742,12.07
337,6.15
683,6.30
766,6.13
235,6.14
778,6.21
676,0.00
130,6.22
248,6.19
478,18.14
196,6.24
127,0.00
612,0.00
657,6.17
944,18.11
764,12.26
264,6.23
82,6.13
584,6.17
604,6.37
494,0.00
117,6.20
537,0.00
692,6.30
448,6.38
693,6.38
602,6.38
334,6.48
82,6.37
680,0.00
978,0.00
310,6.54
547,6.54
240,6.55
451,0.00
980,0.00
455,6.39
311,6.47
744,12.22
846,6.62
557,6.46
105,6.60
848,0.00
146,6.73
114,6.71
618,0.00
501,6.76
605,0.00
890,0.00
486,6.97
993,6.90
393,7.01
152,6.84
488,6.95
515,6.96
104,0.00
696,0.00
857,7.01
617,7.02
56,0.00
24,6.91
800,12.27
75,6.86
820,6.86
300,6.87
258,6.87
232,6.81
334,6.79
432,6.76
113,6.62
528,6.43
389,6.43
556,6.51
726,6.56
678,0.00
931,12.41
714,6.53
207,6.62
413,6.53
863,0.00
603,6.58
805,6.71
615,0.00
446,0.00
912,6.43
187,6.36
437,0.00
887,6.29
671,6.42
143,6.53
758,0.00
784,6.46
906,0.00
493,6.63
890,6.46
281,6.64
383,0.00
939,12.92
481,6.72
479,6.73
719,6.93
675,6.85
278,6.94
382,0.00
299,6.86
674,0.00
340,6.87
665,6.87
196,6.85
554,0.00
425,6.78
363,6.78
211,6.86
37,6.64
905,6.64
656,6.69
763,6.79
238,6.63
197,6.62
235,6.53
155,6.56
951,6.42
555,0.00
836,13.15
655,6.52
422,6.68
67,6.81
455,6.68
502,6.78
737,6.55
842,6.63
856,6.71
666,13.58
762,6.76
201,6.76
104,6.71
781,6.55
903,0.00
783,13.74
871,13.59
588,6.96
15,6.97
370,6.83
286,6.71
142,6.82
349,6.88
756,0.00
773,6.88
757,6.91
167,6.98
742,6.94
169,0.00
872,7.14
277,7.09
191,7.18
9,7.12
682,7.07
587,0.00
81,7.06
58,7.21
799,7.00
410,7.04
771,7.10
685,0.00
575,6.98
923,7.06
727,13.62
127,7.05
137,7.05
618,7.15
851,7.15
11,7.26
587,0.00
151,6.94
282,6.95
301,6.90
913,0.00
925,6.94
90,7.02
147,6.98
623,6.80
362,0.00
980,0.00
818,19.78
888,13.56
262,6.74
896,6.91
99,6.86
101,6.73
96,6.66
745,6.69
460,6.64
97,6.80
655,6.76
85,6.78
389,6.65
8,6.57
561,6.61
358,6.47
860,0.00
508,0.00
471,6.71
61,6.66
379,6.69
571,0.00
991,6.63
917,6.68
407,6.86
558,0.00
635,6.78
23,6.75
438,0.00
73,6.71
340,6.50
785,6.37
417,0.00
538,6.41
600,6.45
30,6.44
240,6.37
592,0.00
596,13.04
369,6.27
794,12.96
911,6.32
178,6.43
89,6.39
523,0.00
955,0.00
295,6.23
369,6.08
821,0.00
476,6.12
161,6.15
917,6.08
154,6.28
726,0.00
925,6.19
143,6.07
118,5.98
310,6.04
121,5.96
226,5.93
867,5.93
86,6.12
976,13.05
409,6.01
199,6.00
652,0.00
478,5.98
708,5.92
236,6.08
720,6.03
913,6.14
425,6.21
530,0.00
876,6.10
719,13.13
476,0.00
64,5.95
151,6.04
541,6.05
652,6.04
675,0.00
274,5.97
234,5.92
13,5.91
107,5.91
909,0.00
646,6.00
835,0.00
64,5.84
485,0.00
524,0.00
473,5.72
130,5.80
4,5.71
248,5.61
205,5.70
33,5.66
69,5.61
213,5.62
278,5.54
686,0.00
27,5.40
251,5.42
830,5.41
464,0.00
232,5.45
344,5.38
194,5.27
647,0.00
870,5.25
565,5.23
502,5.32
549,5.24
867,5.32
701,0.00
837,0.00
266,5.41
716,5.35
303,5.45
692,0.00
591,0.00
557,5.52
915,11.77
38,5.55
469,0.00
478,5.52
26,5.53
225,5.41
896,0.00
873,5.52
127,5.46
211,5.52
147,5.33
907,0.00
372,5.44
114,5.44
750,5.37
748,5.37
307,5.29
36,5.37
903,0.00
863,5.51
145,5.54
59,5.60
852,5.47
954,0.00
261,5.61
927,0.00
341,5.58
172,5.54
885,0.00
826,11.59
318,5.39
795,0.00
732,11.54
792,5.64
216,5.56
95,5.47
422,0.00
462,5.55
52,5.49
57,5.58
800,0.00
781,0.00
335,5.51
575,5.51
933,5.51
770,5.57
924,11.49
203,5.60
304,5.61
528,11.29
732,0.00
887,5.72
702,5.70
78,5.79
855,5.79
663,0.00
448,5.96
899,5.96
316,6.10
557,0.00
944,0.00
783,6.14
175,6.19
947,0.00
752,18.32
499,11.69
871,11.82
351,6.43
115,6.47
386,0.00
975,6.56
129,6.59
209,6.55
291,6.51
975,0.00
81,6.50
340,6.52
601,0.00
759,11.87
192,6.43
397,6.26
819,0.00
456,6.33
239,6.41
690,6.39
434,6.40
316,6.45
297,6.33
518,0.00
466,6.27
424,0.00
330,6.28
19,6.24
59,6.30
839,11.49
800,6.27
100,6.35
597,11.54
892,6.22
135,6.09
362,6.09
470,6.19
629,5.94
818,0.00
237,6.06
172,6.03
654,0.00
527,6.01
973,0.00
444,11.57
564,6.09
384,0.00
974,5.92
22,5.94
549,0.00
609,5.95
116,6.04
722,0.00
171,6.01
616,6.02
55,6.08
883,5.92
324,5.99
826,0.00
933,11.58
160,11.62
952,6.04
170,6.05
158,0.00
853,6.02
934,5.95
347,5.97
257,6.02
100,5.98
759,5.91
684,5.80
251,5.77
309,5.80
508,5.77
849,5.82
413,5.90
325,5.85
278,5.79
733,0.00
132,5.57
23,5.58
115,5.45
809,0.00
6,5.40
522,0.00
393,5.29
460,5.36
814,5.41
326,5.55
501,5.35
187,5.44
946,0.00
685,5.44
800,5.57
818,5.62
961,5.47
500,0.00
541,5.47
509,0.00
824,5.63
114,5.55
343,0.00
422,5.74
899,5.79
646,0.00
267,5.78
245,0.00
150,11.94
444,5.84
893,5.85
133,5.77
740,0.00
749,5.80
124,5.87
452,5.70
711,0.00
112,5.74
906,5.74
269,5.92
436,5.66
252,5.66
307,5.76
616,5.64
926,11.77
874,5.69
214,5.81
583,5.66
908,5.83
243,5.81
322,0.00
834,5.99
721,0.00
469,5.94
700,0.00
827,5.97
299,6.14
107,6.14
345,0.00
836,6.14
565,0.00
347,12.08
718,6.12
750,6.18
684,6.15
702,6.08
654,6.11
301,6.28
514,6.15
755,0.00
18,6.13
768,6.11
855,12.13
788,6.24
86,6.27
613,6.25
522,6.20
755,0.00
302,6.26
64,6.19
613,6.09
947,6.16
792,0.00
2,6.18
763,0.00
714,6.37
242,6.25
128,6.37
80,6.34
34,6.34
163,6.22
287,6.16
877,0.00
589,6.17
881,0.00
410,6.14
996,11.78
555,6.16
414,6.18
212,6.22
397,6.11
57,6.14
878,6.06
429,0.00
318,6.04
296,5.98
612,5.92
456,5.92
568,0.00
933,5.96
747,5.80
759,5.96
381,0.00
417,6.00
115,5.95
573,0.00
802,6.04
175,5.90
401,0.00
473,6.02
974,6.02
778,0.00
379,0.00
885,6.04
777,17.98
707,11.75
291,5.90
339,5.96
102,5.83
520,0.00
92,5.83
923,0.00
366,5.70
158,5.70
966,5.63
111,5.84
531,0.00
886,5.77
106,5.77
615,11.75
149,5.82
821,5.83
399,0.00
372,0.00
399,0.00
443,5.65
944,11.82
348,5.79
318,5.68
610,0.00
708,5.65
314,5.66
881,5.60
8,5.74
13,5.62
550,5.53
539,5.60
809,5.56
5,5.62
378,0.00
522,5.61
812,5.52
121,5.47
142,5.52
415,0.00
41,5.40
124,5.30
687,5.33
589,5.41
846,5.43
51,5.39
516,0.00
574,5.45
657,0.00
204,5.50
826,11.56
496,5.51
483,5.54
714,5.55
948,5.46
958,5.54
480,11.71
786,5.79
232,5.85
490,0.00
862,5.75
898,5.79
690,0.00
868,5.86
502,0.00
188,6.00
635,0.00
218,5.86
56,5.84
607,5.78
443,5.80
525,0.00
703,5.62
210,5.80
300,5.76
692,11.73
218,11.62
744,5.59
208,5.60
959,5.62
694,23.41
818,5.72
681,5.51
75,5.61
397,5.55
426,5.55
747,0.00
634,0.00
837,5.66
417,0.00
558,5.75
214,5.65
287,5.75
579,5.81
833,5.82
258,5.74
189,5.79
376,0.00
642,0.00
829,5.67
788,5.77
194,5.71
780,0.00
418,5.68
830,0.00
231,5.63
407,0.00
434,5.71
808,0.00
632,5.66
313,5.71
886,0.00
108,5.85
670,0.00
790,5.96
333,5.83
69,5.87
356,5.88
758,0.00
828,5.94
341,0.00
703,0.00
804,6.06
595,0.00
313,6.12
893,0.00
666,11.60
533,6.14
126,6.15
793,0.00
919,17.99
781,0.00
474,6.23
678,0.00
214,5.99
964,0.00
993,6.04
94,6.07
609,0.00
297,6.07
987,0.00
162,6.18
93,6.10
482,5.96
500,0.00
607,11.78
999,6.04
695,0.00
811,6.14
785,6.17
595,6.36
246,6.48
814,6.29
929,6.38
958,6.41
34,6.56
44,6.55
922,0.00
897,18.02
823,12.21
971,6.67
116,6.43
906,12.10
487,6.65
153,6.67
291,6.56
297,6.46
859,0.00
298,6.51
771,0.00
642,6.56
905,0.00
36,6.56
228,6.53
19,6.46
840,0.00
216,6.58
386,6.49
708,0.00
62,6.53
48,6.45
676,6.36
136,6.46
882,6.38
965,6.37
308,6.37
880,6.42
941,0.00
642,6.51
862,6.47
961,6.53
891,6.61
345,6.70
631,0.00
31,6.66
452,0.00
119,6.70
783,6.50
377,6.46
534,0.00
606,6.32
45,6.38
856,0.00
964,6.27
76,6.37
688,0.00
395,6.33
631,0.00
791,18.13
580,0.00
965,6.28
87,6.24
953,12.37
969,6.37
869,6.52
85,6.46
534,0.00
275,6.45
466,0.00
600,6.44
347,6.50
465,0.00
605,6.32
503,0.00
838,6.29
823,0.00
747,6.51
239,6.43
748,0.00
907,6.45
454,0.00
599,6.36
399,0.00
807,0.00
967,12.98
6,6.40
916,6.48
691,6.46
331,6.36
294,6.35
630,0.00
663,6.52
782,0.00
336,6.48
457,0.00
438,6.47
690,0.00
592,0.00
640,6.49
632,6.58
79,6.43
264,6.43
748,13.00
562,6.50
440,6.48
85,6.56
733,0.00
996,6.55
950,6.61
34,6.62
468,6.59
297,12.99
762,6.71
3,6.65
316,6.51
377,6.51
138,6.56
551,6.36
973,6.37
478,6.28
381,0.00
188,6.33
638,0.00
427,0.00
456,6.25
498,6.27
538,6.35
647,6.31
719,6.29
257,6.30
834,0.00
245,6.20
284,6.33
471,0.00
717,6.40
732,6.29
438,0.00
551,6.36
351,6.16
45,6.17
685,0.00
182,0.00
705,6.01
326,5.98
331,6.01
193,6.11
936,6.06
482,6.07
240,6.10
584,6.02
516,6.14
244,6.15
446,0.00
713,5.99
749,5.90
911,5.96
3,5.78
929,5.74
985,12.23
36,5.88
504,0.00
392,0.00
481,12.13
879,12.30
944,5.90
54,5.76
903,5.99
62,5.85
595,0.00
960,5.87
246,5.92
75,5.82
496,0.00
266,5.80
365,5.82
337,5.82
961,0.00
430,0.00
709,5.85
593,0.00
158,5.75
695,5.83
301,6.00
829,5.87
911,0.00
84,5.94
156,5.97
335,5.91
427,0.00
954,18.92
132,5.88
300,5.82
389,5.83
688,12.25
691,5.98
520,0.00
732,0.00
431,5.96
676,5.98
494,5.77
69,5.86
185,5.86
158,5.81
886,0.00
729,0.00
907,5.87
650,0.00
522,5.99
116,6.06
497,0.00
54,5.91
708,12.13
304,6.05
464,5.84
738,5.94
997,18.58
488,6.11
856,12.35
624,6.09
682,6.00
923,6.03
309,6.16
374,6.15
612,0.00
360,6.14
105,6.12
736,0.00
943,6.08
63,6.04
377,5.95
469,0.00
748,0.00
601,11.79
754,6.04
693,6.11
52,6.17
412,0.00
285,5.99
696,5.99
293,6.11
430,0.00
855,5.84
356,0.00
878,18.18
585,5.82
609,0.00
580,5.76
114,5.81
997,5.78
639,5.95
968,5.93
739,6.11
535,6.06
563,0.00
456,0.00
208,6.10
9,6.01
559,0.00
733,5.85
228,5.83
5,5.88
848,0.00
905,5.95
770,0.00
482,6.07
488,0.00
985,12.08
325,6.15
527,0.00
989,6.01
61,6.13
979,11.98
442,6.09
323,6.19
942,0.00
705,6.29
660,6.30
164,6.24
634,6.24
840,12.16
611,6.31
81,6.18
757,0.00
111,6.08
608,0.00
383,6.05
142,6.17
705,6.26
238,6.35
634,0.00
997,6.29
155,6.31
284,6.29
973,31.18
931,6.23
820,0.00
906,12.29
684,6.44
364,6.23
468,6.07
16,6.25
535,6.13
655,6.19
584,6.20
164,6.23
242,6.15
179,0.00
610,6.14
450,6.17
228,6.27
918,0.00
920,0.00
573,0.00
788,18.07
875,0.00
144,6.38
48,6.44
773,0.00
608,6.38
457,0.00
910,6.52
362,6.65
323,6.73
637,0.00
697,6.64
264,6.50
653,12.38
880,0.00
996,6.36
514,6.31
695,6.46
98,6.44
653,0.00
871,6.29
505,0.00
626,0.00
625,12.17
502,6.37
542,6.38
629,0.00
192,6.49
663,0.00
99,6.38
861,0.00
279,6.31
534,0.00
976,6.43
429,6.44
245,6.37
631,6.37
636,0.00
390,6.37
455,6.30
593,12.51
423,6.27
854,6.39
703,6.41
886,6.37
52,6.49
391,6.38
832,0.00
431,6.55
622,0.00
705,0.00
171,6.52
716,6.44
233,6.56
49,6.54
504,0.00
167,6.46
483,0.00
270,12.68
98,6.45
486,0.00
246,0.00
841,6.55
675,12.60
605,6.43
98,6.33
177,6.38
882,6.20
365,6.30
938,6.28
142,6.26
689,6.22
845,0.00
258,6.35
424,0.00
116,6.33
54,6.33
719,0.00
834,6.18
690,0.00
955,12.49
862,0.00
77,6.30
337,6.30
579,0.00
38,6.09
45,6.00
612,0.00
318,6.01
937,12.57
519,6.02
806,18.57
667,6.20
640,6.00
648,0.00
217,12.49
140,6.14
807,0.00
569,0.00
844,12.30
598,12.36
461,0.00
774,6.02
101,6.09
5,6.06
668,0.00
196,5.98
269,5.92
659,0.00
317,5.91
305,5.93
848,5.85
415,5.86
548,0.00
381,5.84
371,0.00
334,5.87
737,5.81
458,5.87
236,5.78
951,0.00
673,0.00
482,5.82
557,5.93
236,5.90
684,0.00
984,5.94
93,6.00
188,5.87
380,5.76
766,0.00
923,5.78
118,5.71
533,0.00
533,5.70
112,5.66
287,5.70
946,5.68
21,5.75
970,5.73
681,5.73
969,24.51
548,12.13
236,5.82
676,5.93
100,5.71
112,5.75
394,0.00
287,5.71
107,5.71
996,11.93
219,5.72
861,5.54
416,5.68
88,5.78
702,5.72
435,11.94
903,5.67
900,0.00
593,5.58
888,5.63
744,5.70
434,5.78
479,0.00
921,0.00
901,5.73
123,5.67
202,5.80
597,0.00
269,5.74
176,5.75
997,0.00
340,5.84
200,5.68
770,11.73
192,5.85
445,11.75
560,5.84
560,5.79
99,5.88
434,5.88
75,5.96
519,0.00
275,5.82
388,0.00
904,5.87
42,5.79
699,11.60
345,6.02
225,5.84
215,5.85
808,5.77
958,0.00
34,6.01
954,5.91
772,5.84
818,0.00
541,5.87
110,6.00
149,5.90
627,0.00
347,0.00
919,5.90
843,11.86
344,5.97
990,6.04
337,5.91
731,0.00
969,0.00
189,6.10
372,6.14
567,0.00
254,6.12
315,6.09
759,0.00
260,6.29
351,6.11
206,6.10
822,6.11
832,6.16
639,6.11
244,6.19
425,0.00
987,18.16
356,6.18
414,0.00
330,6.21
945,11.92
537,6.37
309,6.22
809,6.12
570,6.12
135,6.16
966,11.84
346,6.17
804,6.39
719,11.82
815,6.31
340,6.32
791,0.00
604,0.00
207,6.29
944,18.09
967,6.39
390,6.41
35,6.25
352,6.18
296,6.15
283,6.17
619,0.00
372,11.95
814,0.00
561,6.15
97,6.17
836,6.04
169,6.09
862,6.09
774,6.02
173,6.04
210,6.06
746,6.23
594,0.00
710,0.00
892,6.19
751,6.28
9,6.28
157,6.24
565,0.00
643,6.07
990,6.04
10,6.05
797,0.00
738,6.02
802,6.02
837,6.08
218,6.09
809,0.00
727,11.93
846,6.08
315,6.07
715,11.97
242,6.15
347,0.00
313,5.94
822,6.00
782,6.01
70,6.08
843,12.18
787,12.19
38,6.18
440,0.00
432,0.00
299,6.06
270,6.09
854,12.21
653,6.19
440,6.17
90,6.18
725,0.00
277,6.20
397,0.00
573,12.54
504,12.57
909,6.18
558,6.13
525,0.00
429,0.00
435,0.00
541,6.16
550,0.00
416,6.04
861,6.13
165,6.13
869,0.00
492,6.16
869,0.00
733,12.38
566,0.00
146,6.09
331,6.09
47,0.00
508,6.09
237,6.10
987,24.36
90,6.35
237,6.18
108,6.16
34,6.23
724,12.30
876,6.24
161,6.26
84,0.00
991,6.25
262,6.29
275,6.28
161,6.26
815,12.17
898,6.34
683,6.28
390,6.29
508,0.00
793,6.24
239,6.18
421,6.29
480,0.00
527,0.00
869,0.00
456,6.15
101,6.07
880,0.00
974,12.37
513,6.25
26,6.31
883,6.16
500,6.27
619,6.34
788,0.00
256,6.10
693,0.00
599,12.47
132,6.32
621,0.00
37,6.22
513,0.00
791,6.27
874,6.20
952,6.29
634,6.19
496,6.19
837,0.00
843,6.34
625,0.00
481,6.34
256,6.41
549,0.00
576,0.00
271,12.53
470,12.35
522,0.00
733,6.14
859,12.57
524,6.28
842,6.29
65,6.28
505,6.25
625,6.35
809,6.41
506,6.42
156,0.00
57,6.30
22,6.29
852,6.12
934,6.17
800,0.00
295,6.23
535,6.23
56,0.00
536,6.10
457,0.00
399,6.08
717,0.00
582,5.99
713,6.11
100,6.24
937,0.00
716,0.00
880,12.52
333,6.25
551,0.00
771,6.41
646,0.00
35,6.43
607,6.31
482,6.33
344,6.16
700,6.22
903,0.00
534,6.24
432,0.00
609,6.20
8,6.21
70,0.00
161,6.13
266,6.14
275,6.18
879,6.09
172,6.23
470,0.00
990,0.00
836,6.25
903,12.43
361,6.26
235,0.00
347,12.60
180,6.40
535,0.00
285,6.29
232,6.22
246,6.22
311,6.24
535,6.26
829,6.30
259,6.34
489,6.13
644,6.13
27,6.23
434,6.06
947,12.22
737,6.13
721,0.00
647,6.05
782,6.05
841,6.05
704,0.00
233,6.11
986,6.01
65,6.13
952,0.00
421,6.18
53,6.11
449,6.08
280,6.13
712,6.08
145,6.18
183,5.94
712,0.00
706,6.01
894,0.00
79,6.07
193,5.97
638,5.91
761,12.15
361,5.96
478,0.00
702,5.98
608,5.99
478,0.00
139,6.02
966,5.91
37,0.00
447,5.97
807,5.93
532,0.00
585,12.05
458,5.95
117,5.82
6,5.90
933,0.00
215,5.77
478,0.00
299,5.60
319,5.59
664,0.00
789,11.94
962,5.73
67,5.70
483,0.00
554,5.64
516,5.72
498,5.61
74,5.68
671,5.67
857,5.78
556,5.90
813,5.84
148,5.84
28,5.85
961,0.00
886,5.98
726,5.91
33,6.07
837,0.00
796,6.12
302,6.25
486,6.00
92,5.95
30,5.89
42,5.95
99,5.86
441,0.00
802,0.00
134,5.82
247,5.82
16,5.66
663,0.00
944,5.71
844,18.25
289,5.83
516,5.94
503,5.72
678,0.00
552,5.78
249,5.85
408,0.00
987,0.00
783,5.92
174,5.90
139,5.92
305,5.71
834,0.00
168,5.65
476,0.00
396,0.00
284,5.73
321,5.68
292,5.67
596,5.67
664,0.00
6,5.72
643,0.00
587,5.62
680,5.67
90,5.73
238,5.75
526,0.00
521,11.69
444,5.81
115,0.00
986,11.75
718,0.00
689,5.82
900,0.00
763,5.86
313,5.97
367,5.88
998,0.00
721,5.90
83,5.94
13,5.94
584,0.00
477,5.89
372,0.00
526,5.95
910,5.86
587,5.99
854,6.09
74,6.03
485,0.00
631,24.22
167,6.14
679,5.95
727,11.99
777,6.07
307,6.15
420,0.00
368,6.18
398,0.00
860,0.00
462,6.12
592,6.17
40,6.04
962,0.00
714,0.00
152,5.98
710,0.00
68,6.00
553,0.00
934,5.90
576,6.00
384,0.00
843,6.01
302,6.07
410,6.14
217,6.14
575,0.00
445,6.35
991,6.31
356,6.33
350,6.45
661,0.00
9,6.59
121,6.47
28,6.37
547,0.00
948,12.27
975,12.25
317,6.51
201,6.46
380,0.00
231,6.41
108,6.43
750,0.00
278,6.32
693,6.32
555,0.00
744,6.43
357,6.38
406,0.00
508,6.38
876,0.00
302,6.55
632,0.00
557,6.58
295,6.62
657,6.72
50,6.85
502,6.67
893,0.00
120,6.75
420,6.77
901,0.00
319,6.78
237,6.86
794,6.78
632,0.00
511,6.67
233,6.78
925,18.48
70,6.79
728,6.70
765,6.83
116,6.65
155,6.65
160,6.74
736,0.00
189,6.52
744,6.52
23,6.57
43,6.54
202,0.00
874,0.00
719,6.59
392,0.00
149,6.57
975,0.00
804,6.44
289,6.47
615,6.59
753,6.60
168,0.00
512,6.72
761,6.72
178,6.54
311,6.52
117,6.52
837,6.49
457,0.00
375,6.55
792,6.55
962,0.00
358,6.38
527,6.39
891,0.00
107,6.46
452,0.00
747,0.00
515,6.30
130,6.22
807,0.00
348,6.08
639,0.00
113,5.98
246,0.00
524,5.89
182,5.99
424,5.98
902,0.00
660,12.40
569,5.84
177,5.90
654,5.87
332,0.00
160,0.00
449,5.79
191,5.96
227,5.94
86,5.95
680,5.84
969,5.90
239,5.85
923,5.73
288,5.75
285,5.70
476,0.00
321,5.57
243,5.57
14,5.62
829,0.00
844,5.45
934,12.18
93,5.53
284,5.44
242,0.00
270,5.61
573,0.00
811,12.42
619,5.59
251,5.55
160,5.61
854,0.00
319,5.59
227,5.46
388,5.46
42,5.53
187,5.53
885,0.00
957,5.59
608,5.54
723,5.76
750,0.00
706,5.70
35,5.73
13,5.57
245,5.57
706,0.00
89,5.57
588,5.44
888,12.12
2,5.30
595,5.33
44,5.46
683,0.00
68,5.38
703,5.40
903,5.40
352,5.33
127,5.28
918,5.30
789,11.83
980,5.46
614,5.47
355,5.53
148,5.39
873,0.00
822,5.38
279,5.31
285,0.00
520,5.36
184,5.40
727,0.00
759,5.48
995,0.00
322,5.59
609,0.00
301,5.66
66,5.73
704,5.63
740,5.68
888,5.65
920,5.71
61,5.72
712,5.78
326,5.84
416,5.71
508,0.00
753,5.71
11,5.71
300,5.77
882,5.80
552,5.81
513,5.82
818,5.84
954,5.79
630,5.90
302,5.86
221,5.85
394,5.93
156,5.84
974,0.00
211,6.00
500,6.03
620,0.00
855,6.09
415,6.11
767,6.03
190,5.99
627,0.00
428,6.06
940,18.50
333,6.01
649,5.87
214,6.00
737,0.00
780,6.12
341,6.07
839,0.00
238,6.22
867,0.00
879,6.26
834,6.36
48,6.14
155,6.13
992,18.25
92,6.19
894,0.00
761,6.23
696,6.56
260,6.54
777,6.39
865,0.00
436,6.61
174,6.53
325,0.00
657,0.00
176,6.44
577,6.54
939,11.85
587,6.76
422,0.00
755,6.63
566,0.00
512,6.69
219,6.70
307,6.57
92,6.50
116,6.56
890,6.46
759,0.00
478,6.69
945,6.65
90,6.73
121,6.63
206,6.57
668,0.00
246,6.51
707,0.00
978,6.47
490,6.56
120,6.42
213,6.42
969,6.37
771,6.57
896,12.26
380,6.55
777,6.57
256,6.50
753,12.20
630,6.58
204,6.47
64,6.48
567,6.41
401,6.38
580,0.00
708,0.00
766,0.00
711,0.00
280,6.34
18,6.49
490,0.00
684,6.30
766,0.00
722,6.35
429,6.35
834,0.00
73,6.45
108,6.32
185,6.37
939,6.27
882,12.45
769,6.32
7,6.33
966,6.27
152,6.51
55,6.37
771,0.00
847,6.34
675,6.35
122,6.32
200,6.34
361,6.24
353,6.25
97,6.32
807,6.24
733,6.30
133,6.21
499,12.37
100,6.29
234,6.20
711,0.00
994,5.99
430,6.10
122,6.00
636,5.90
534,6.02
663,12.43
579,6.08
201,5.95
334,6.03
933,5.99
323,5.96
787,0.00
936,6.01
482,6.14
246,6.06
94,5.94
748,5.94
470,6.09
118,6.08
267,6.10
785,6.10
678,0.00
320,6.11
319,6.03
444,5.95
273,0.00
139,0.00
960,6.14
830,6.14
870,6.22
197,6.38
422,0.00
608,0.00
877,0.00
345,6.36
927,0.00
863,6.37
115,6.38
345,6.24
520,6.42
725,0.00
953,12.83
769,6.33
545,6.34
70,6.36
973,6.35
393,6.48
644,12.86
290,6.58
363,6.52
932,6.35
175,6.39
806,6.42
164,6.51
176,6.28
524,6.36
306,6.45
972,0.00
645,6.44
28,6.48
51,6.54
925,0.00
48,6.39
719,0.00
210,6.43
598,0.00
906,6.35
186,6.45
770,0.00
931,0.00
28,6.52
820,6.43
756,0.00
686,0.00
345,6.53
151,6.53
270,6.58
381,6.58
793,0.00
538,0.00
960,12.84
690,6.45
186,6.55
681,0.00
388,6.60
46,6.59
261,6.60
966,0.00
440,6.63
970,6.64
667,6.75
957,12.79
994,0.00
651,0.00
523,0.00
911,0.00
520,0.00
265,6.53
805,6.37
14,6.46
538,6.54
251,0.00
469,6.40
646,6.40
107,6.31
157,6.20
151,6.24
113,6.06
330,5.90
338,5.90
288,5.96
290,5.91
782,0.00
855,5.75
76,5.95
582,0.00
845,5.87
290,0.00
814,12.37
551,5.99
454,5.93
246,0.00
646,0.00
853,12.24
756,0.00
138,5.98
324,5.89
751,0.00
167,5.95
364,5.96
382,5.97
449,5.75
372,0.00
841,5.89
323,5.72
292,5.58
571,0.00
969,5.58
109,5.81
330,5.72
321,5.72
115,5.69
563,0.00
920,5.64
67,5.71
330,5.75
295,5.63
509,5.50
536,5.50
513,5.52
661,0.00
953,5.42
703,5.51
101,5.56
514,0.00
842,5.49
340,5.57
386,5.43
692,0.00
5,5.47
553,0.00
368,5.49
772,0.00
401,5.43
562,5.40
823,0.00
601,5.41
481,5.46
855,12.12
801,5.51
777,5.62
567,5.59
809,5.58
335,5.55
77,5.56
911,5.48
471,5.49
373,0.00
95,5.55
114,5.46
27,5.53
901,5.44
921,11.98
911,5.63
182,5.67
209,5.73
480,5.70
661,5.74
530,0.00
797,5.75
223,5.76
926,5.91
727,5.81
260,5.93
78,5.98
314,5.89
433,0.00
152,5.73
235,5.73
172,5.84
551,0.00
454,5.73
908,11.69
596,5.64
168,5.64
135,5.57
960,5.67
667,0.00
717,5.70
279,5.83
90,5.82
660,0.00
708,5.94
920,11.83
910,6.08
256,6.04
150,6.14
253,6.10
687,0.00
847,0.00
83,6.02
516,0.00
132,5.98
961,0.00
685,6.14
359,6.00
655,5.96
544,0.00
754,6.05
626,6.18
218,6.22
909,6.09
188,6.11
803,0.00
934,5.99
724,0.00
538,0.00
145,6.09
445,0.00
151,6.03
241,5.94
160,6.00
248,6.00
838,0.00
645,0.00
546,0.00
770,18.12
969,11.56
768,18.03
577,6.05
797,6.05
702,0.00
753,6.06
466,6.16
78,6.10
766,6.10
260,0.00
980,6.13
624,0.00
410,6.23
622,0.00
94,6.24
768,0.00
817,6.11
639,6.14
311,6.16
330,6.17
479,6.07
380,5.97
313,5.87
126,5.96
273,5.95
526,0.00
538,0.00
542,5.96
446,0.00
820,0.00
530,0.00
592,0.00
784,17.81
251,6.26
394,6.11
12,6.15
190,5.99
87,5.83
126,5.84
87,5.73
937,0.00
240,5.85
864,5.68
523,5.71
150,5.60
141,5.60
130,5.70
945,0.00
402,5.57
220,5.56
252,0.00
257,5.71
407,0.00
935,0.00
655,5.64
139,5.66
344,5.73
894,0.00
833,5.79
704,0.00
393,0.00
761,11.90
736,11.75
718,5.92
405,0.00
763,5.97
109,6.08
483,11.90
432,5.98
206,5.80
986,11.86
498,0.00
613,5.95
219,6.15
376,0.00
560,5.91
201,0.00
456,5.86
522,0.00
651,6.07
831,0.00
983,11.97
307,6.11
105,6.06
288,11.99
930,30.01
468,6.04
671,6.15
52,6.18
466,0.00
731,5.97
514,6.01
957,12.01
65,5.99
308,5.86
333,0.00
106,5.81
490,5.81
969,5.87
965,5.88
319,5.89
611,5.93
98,5.95
919,0.00
771,12.01
899,12.15
132,5.99
482,0.00
172,6.02
532,6.02
816,6.13
647,0.00
351,6.20
69,6.29
99,6.11
803,6.06
607,0.00
564,0.00
820,5.96
64,6.02
271,6.08
371,6.18
709,6.22
956,0.00
367,6.27
859,12.00
401,6.32
557,6.33
125,6.17
317,6.31
281,6.37
741,6.25
225,0.00
356,0.00
77,6.24
277,6.21
152,6.14
484,0.00
165,6.05
730,0.00
141,5.98
817,6.01
364,6.11
524,0.00
310,11.67
631,5.93
884,0.00
412,5.87
967,11.74
942,6.06
683,6.07
377,6.06
55,6.14
258,5.94
253,5.94
297,0.00
167,6.05
714,0.00
315,6.09
952,0.00
388,5.94
417,0.00
475,0.00
556,6.08
89,6.07
459,0.00
428,0.00
169,12.21
679,12.01
27,5.97
349,5.96
955,5.83
687,6.03
486,0.00
971,12.00
891,6.09
8,5.99
171,6.01
503,0.00
908,6.08
69,6.10
59,6.08
265,5.99
244,0.00
738,6.05
515,6.15
213,5.98
870,6.07
573,6.07
544,6.07
750,11.95
32,6.07
396,5.93
165,6.07
685,0.00
463,5.98
90,5.88
22,5.82
816,0.00
625,5.78
467,5.74
61,5.77
974,0.00
456,11.74
602,0.00
778,0.00
250,5.73
881,0.00
998,5.73
49,5.85
8,5.81
444,5.81
862,0.00
278,0.00
615,11.98
45,5.82
775,11.94
368,5.82
176,5.82
693,5.82
96,5.89
501,5.86
978,0.00
150,6.05
775,0.00
902,5.90
654,5.99
281,6.01
406,6.02
571,6.03
639,5.81
894,0.00
608,0.00
864,6.00
822,5.97
905,12.26
582,6.12
577,5.93
216,0.00
236,5.98
389,5.99
27,5.91
70,5.81
279,5.71
701,0.00
380,5.60
277,5.65
107,5.60
493,0.00
262,5.60
783,5.68
663,5.75
147,5.55
90,5.51
345,5.64
376,5.54
919,5.59
960,5.60
552,5.64
286,5.68
890,0.00
555,5.63
626,0.00
27,5.70
649,0.00
669,5.55
333,5.62
224,5.66
955,5.54
689,5.65
656,5.56
452,0.00
59,5.55
343,5.70
227,5.58
439,5.58
435,5.79
291,5.75
649,5.71
649,0.00
413,0.00
655,0.00
559,0.00
994,5.53
680,5.67
34,5.67
743,5.67
951,35.30
712,11.43
841,11.57
381,6.02
43,6.03
940,17.83
231,5.93
897,0.00
283,6.00
210,6.00
255,0.00
984,17.91
252,6.16
156,5.90
457,6.05
22,6.08
759,0.00
695,5.83
857,6.00
599,6.08
679,6.09
75,0.00
41,6.01
797,5.97
672,0.00
248,5.89
556,0.00
904,5.90
288,5.97
930,11.99
344,6.11
15,5.85
100,0.00
262,5.95
363,0.00
436,6.40
7,6.18
99,6.17
90,6.18
226,6.15
916,6.14
325,6.21
328,6.11
567,6.19
146,6.19
797,0.00
704,0.00
254,6.07
158,6.08
166,6.02
427,0.00
232,11.68
858,6.05
344,6.10
380,0.00
839,5.86
750,5.86
936,11.53
435,0.00
528,6.08
131,5.95
787,5.97
597,6.02
242,5.97
202,6.00
755,0.00
792,11.73
66,6.08
691,0.00
406,6.15
591,0.00
409,6.14
92,6.05
387,6.08
676,6.08
168,6.19
707,11.84
252,6.19
677,0.00
887,12.04
998,6.18
192,6.27
324,6.07
202,0.00
28,6.08
426,0.00
615,6.18
842,6.10
666,6.11
639,0.00
342,6.13
342,6.08
876,6.03
993,11.81
169,6.12
541,5.98
269,0.00
434,0.00
505,11.81
702,6.00
641,0.00
42,5.97
838,0.00
390,0.00
378,0.00
749,5.89
101,5.98
899,5.95
242,6.05
990,5.96
197,5.97
115,5.83
487,0.00
328,5.89
62,5.88
68,5.79
439,5.74
252,0.00
975,17.76
132,5.71
115,5.69
894,5.59
221,5.74
755,5.82
650,0.00
37,5.89
846,0.00
969,5.89
62,5.82
607,5.89
936,5.89
91,5.87
56,5.87
368,5.87
421,0.00
75,5.92
883,0.00
918,11.79
569,5.96
743,5.99
318,5.99
808,0.00
341,11.96
269,6.04
553,0.00
423,6.10
108,5.90
670,0.00
754,6.01
96,6.02
906,0.00
371,6.01
232,5.99
828,5.94
161,5.92
202,5.99
815,0.00
71,5.84
699,0.00
576,5.81
915,5.80
509,0.00
957,17.66
193,5.89
924,5.67
789,5.79
994,5.90
130,6.02
145,6.05
821,0.00
811,6.03
410,0.00
412,5.97
605,0.00
531,5.99
775,6.11
760,6.12
405,6.04
808,6.10
218,6.19
244,6.23
421,6.17
796,0.00
378,6.14
49,6.14
21,6.13
308,6.06
110,5.97
175,5.88
778,0.00
770,0.00
434,5.92
953,5.99
547,0.00
452,5.91
502,0.00
287,5.91
489,0.00
89,5.94
582,0.00
729,5.98
234,6.00
66,5.94
11,5.87
49,5.85
363,5.86
968,0.00
725,11.72
885,0.00
868,11.92
735,6.14
29,5.97
538,5.91
639,6.07
881,6.20
579,6.09
759,6.15
572,6.21
803,0.00
719,6.26
625,6.24
663,0.00
490,6.22
716,0.00
555,6.22
125,6.31
18,6.31
923,0.00
748,6.35
839,6.26
736,6.27
920,6.45
451,0.00
496,6.41
274,6.45
875,6.40
97,0.00
455,0.00
420,6.47
432,6.57
832,0.00
4,6.55
897,6.55
368,6.55
914,0.00
859,6.51
816,6.66
445,6.59
721,0.00
945,6.67
193,6.66
973,6.58
506,12.68
406,6.70
569,0.00
811,6.74
895,6.59
176,6.57
7,6.54
189,6.55
218,6.53
561,0.00
937,0.00
149,6.54
989,0.00
667,6.71
747,6.94
445,0.00
465,6.88
440,0.00
436,12.82
947,6.98
990,7.08
671,0.00
679,6.93
752,7.15
190,7.05
816,13.07
975,7.17
943,7.27
724,0.00
938,7.15
225,7.29
910,0.00
574,7.42
738,13.45
999,7.54
297,7.58
470,13.52
148,7.49
584,0.00
744,7.42
619,7.60
600,0.00
866,7.51
578,7.59
704,0.00
619,13.74
358,7.53
283,0.00
427,0.00
511,7.51
821,7.53
441,7.38
753,0.00
307,7.43
287,0.00
199,7.38
657,7.28
836,7.38
391,7.43
383,7.32
631,0.00
626,7.25
158,7.28
319,7.24
788,0.00
762,7.26
468,0.00
302,7.28
305,7.25
322,7.14
446,0.00
112,7.13
226,7.13
624,0.00
543,7.06
686,0.00
813,6.96
449,7.00
139,6.81
908,13.54
589,0.00
399,6.96
778,7.00
864,7.05
644,7.00
386,6.85
381,0.00
995,13.45
604,6.94
633,6.84
315,6.98
315,6.96
395,6.92
228,7.05
931,0.00
89,7.05
302,6.94
399,0.00
736,6.79
310,6.79
145,6.77
939,6.65
500,6.65
72,6.55
676,0.00
590,13.55
956,6.62
888,6.69
519,6.56
469,6.55
155,6.49
288,6.42
325,6.39
220,6.29
592,0.00
991,6.25
102,6.34
368,6.09
911,0.00
958,6.09
259,6.07
461,6.07
528,6.31
978,0.00
167,6.09
441,6.23
277,6.16
228,6.10
128,6.04
659,5.98
495,5.98
6,5.92
334,5.94
946,5.85
571,0.00
952,19.70
109,5.86
403,5.96
845,0.00
713,5.95
346,6.07
498,0.00
551,5.96
44,6.07
345,6.09
693,0.00
794,5.98
118,6.06
230,5.94
570,0.00
567,13.16
155,5.97
215,5.92
355,5.92
17,6.06
659,5.93
551,5.93
616,0.00
637,0.00
700,6.07
867,0.00
529,0.00
774,6.17
902,6.32
751,6.11
174,0.00
426,6.16
526,0.00
715,6.22
830,6.23
672,6.30
45,6.18
288,6.25
478,0.00
537,13.21
574,6.26
409,0.00
617,6.19
97,6.26
565,0.00
315,6.17
804,0.00
341,6.20
518,6.24
747,0.00
559,13.02
689,6.34
807,12.99
530,0.00
301,6.37
256,6.37
879,0.00
233,0.00
837,0.00
784,13.12
358,13.00
887,13.02
172,6.43
326,6.43
807,0.00
315,6.43
972,6.39
146,6.50
654,0.00
8,6.51
795,6.51
822,0.00
733,12.62
903,12.56
502,6.26
339,6.32
930,0.00
38,6.23
130,6.29
759,6.30
535,6.43
715,6.44
181,6.43
564,6.43
162,6.34
730,6.35
932,19.87
170,6.54
377,6.30
890,0.00
128,6.27
950,0.00
473,0.00
551,6.25
638,0.00
461,6.21
464,6.41
745,6.33
676,0.00
623,6.58
890,0.00
996,6.51
120,6.68
609,0.00
668,6.66
157,6.84
801,6.94
263,6.96
735,6.76
710,0.00
268,6.68
466,0.00
611,0.00
993,6.68
937,6.71
167,6.76
615,6.64
368,6.67
834,6.76
972,6.77
258,6.64
8,6.59
693,6.61
889,6.68
397,6.79
487,6.64
733,6.72
811,0.00
945,0.00
933,0.00
65,6.87
731,13.14
649,6.80
438,6.96
912,6.81
276,0.00
784,6.87
575,0.00
282,6.88
799,0.00
201,6.80
795,6.74
126,6.77
702,6.68
655,6.78
804,6.72
667,0.00
298,6.84
258,6.95
958,0.00
422,6.94
571,6.83
583,7.00
72,7.07
692,6.88
468,0.00
949,7.01
199,7.09
776,0.00
102,6.92
722,0.00
816,7.00
295,7.02
913,6.89
230,7.00
281,6.92
285,6.92
960,0.00
753,7.03
419,7.06
95,7.07
623,0.00
606,7.10
82,6.96
300,7.02
534,0.00
212,6.85
105,6.89
70,6.65
857,0.00
140,6.44
746,0.00
619,0.00
430,0.00
817,6.19
697,6.26
612,6.21
297,0.00
354,6.28
258,6.25
264,6.22
634,0.00
72,6.19
952,6.07
312,6.16
74,5.98
709,0.00
287,12.52
409,5.96
258,5.93
796,12.51
139,5.83
724,5.82
689,12.41
48,5.91
290,0.00
339,5.67
61,5.82
660,12.36
12,5.67
767,0.00
543,5.48
334,5.57
407,0.00
683,5.66
669,5.67
245,5.49
25,5.50
529,0.00
800,5.46
97,5.50
335,5.39
596,0.00
599,5.39
763,5.42
354,5.44
135,5.39
308,5.42
676,0.00
168,12.16
227,5.43
371,0.00
605,0.00
965,12.15
102,5.33
474,5.21
841,5.27
160,5.28
368,0.00
244,5.41
172,5.35
989,5.29
181,0.00
870,5.47
233,5.36
489,5.29
412,0.00
866,5.39
737,5.34
861,12.27
923,12.37
502,5.56
195,5.45
207,0.00
419,5.50
384,5.44
620,5.44
913,5.63
200,5.43
468,5.36
387,5.48
780,5.60
764,0.00
340,5.47
600,5.53
6,5.69
801,5.65
849,0.00
842,5.84
388,5.81
162,0.00
238,5.92
646,5.91
193,0.00
164,5.89
261,5.79
265,0.00
264,5.87
387,0.00
906,0.00
634,5.75
883,5.88
628,5.82
170,5.97
767,0.00
403,5.91
438,6.00
92,6.11
125,6.08
302,0.00
555,6.06
485,0.00
668,5.95
697,0.00
165,6.14
562,0.00
525,0.00
638,0.00
27,6.11
810,6.00
337,6.11
331,6.04
588,0.00
794,6.05
791,18.51
920,0.00
868,6.20
869,0.00
630,6.29
776,0.00
424,0.00
734,6.53
968,6.52
298,0.00
245,6.50
182,6.50
578,0.00
725,6.54
684,6.62
723,0.00
676,0.00
973,25.54
654,6.76
206,6.63
274,6.62
566,0.00
626,0.00
533,6.69
357,6.79
285,6.58
351,6.48
624,6.38
478,6.59
329,6.39
374,6.39
622,6.45
706,6.59
278,6.52
179,6.48
504,0.00
100,6.53
820,6.41
540,0.00
793,12.06
475,0.00
663,6.38
711,6.49
228,6.61
843,6.33
232,0.00
924,12.25
205,6.51
225,6.43
145,6.40
154,6.33
550,6.32
209,6.32
12,6.32
639,0.00
857,6.23
947,0.00
924,6.30
120,6.14
324,6.22
999,6.23
289,6.23
811,12.13
79,6.07
589,6.10
678,6.17
364,6.12
950,12.29
166,6.45
819,6.24
189,6.43
917,6.36
374,0.00
162,6.39
710,0.00
420,6.41
744,0.00
577,6.40
257,6.39
192,0.00
388,6.47
229,6.55
649,0.00
606,6.52
609,0.00
658,6.46
127,6.51
530,0.00
637,6.25
387,6.18
178,6.12
941,6.08
868,6.18
820,6.07
599,12.71
936,6.20
4,6.31
756,6.16
54,0.00
260,6.22
42,6.04
986,12.61
365,5.95
147,0.00
729,12.78
636,6.05
880,6.05
233,5.87
228,5.96
490,0.00
874,6.01
298,6.08
225,6.01
479,0.00
303,6.01
535,5.88
771,6.05
365,0.00
533,0.00
918,5.95
820,12.52
900,6.07
411,6.23
618,0.00
2,6.15
185,6.17
746,6.05
793,6.21
148,6.04
52,6.15
138,6.06
266,6.03
307,0.00
379,6.03
884,0.00
626,6.25
235,6.21
763,6.25
793,6.34
303,6.40
842,0.00
353,6.34
938,0.00
329,6.43
164,6.39
391,0.00
376,6.45
32,6.42
74,12.49
909,6.53
286,6.54
241,6.43
454,6.44
636,6.44
69,0.00
330,6.57
607,0.00
295,6.27
531,6.27
605,0.00
910,18.85
435,6.32
134,6.40
924,6.28
706,0.00
529,6.39
154,6.41
78,6.37
982,6.29
704,0.00
167,6.32
229,6.23
52,6.19
852,6.15
753,6.20
199,6.26
696,6.23
60,6.35
200,6.28
326,6.19
649,6.22
950,6.23
438,6.17
428,6.17
612,6.19
137,6.07
622,6.04
769,6.11
376,6.17
939,6.21
937,12.05
851,6.19
221,6.20
707,6.10
852,6.33
520,6.25
265,6.35
294,6.30
851,0.00
622,6.24
451,6.24
780,12.37
22,6.36
946,6.31
643,6.41
32,6.26
142,6.34
426,0.00
611,12.26
510,6.48
24,6.41
875,0.00
239,6.24
480,6.30
857,0.00
968,6.24
610,6.36
584,6.45
848,6.30
764,6.44
261,6.59
132,6.57
173,6.42
679,0.00
943,6.32
601,6.33
505,0.00
608,6.32
966,6.19
809,0.00
756,0.00
981,0.00
208,6.43
443,6.30
331,6.40
73,6.24
708,6.23
762,6.31
42,6.41
355,6.18
243,0.00
784,0.00
113,6.17
828,6.09
49,0.00
443,6.22
598,0.00
234,6.15
768,0.00
773,6.11
135,6.28
113,6.13
37,6.13
845,6.13
797,6.16
76,6.05
62,6.10
200,6.18
191,6.05
137,0.00
946,0.00
999,6.14
763,6.26
61,6.29
51,6.10
434,0.00
957,12.12
597,6.21
452,0.00
135,6.18
643,0.00
762,6.15
785,6.20
277,6.09
954,12.27
885,6.22
544,6.05
563,6.01
417,0.00
935,6.09
224,6.10
689,0.00
191,6.10
72,6.00
884,12.37
121,5.96
231,5.84
30,5.88
340,5.82
565,5.77
569,0.00
427,0.00
91,5.89
811,0.00
5,5.77
589,5.72
832,12.05
77,5.77
193,5.65
555,5.59
85,5.52
57,5.50
363,0.00
658,0.00
828,5.58
754,0.00
860,5.66
367,5.80
92,5.81
942,0.00
355,5.81
62,5.81
934,18.45
730,0.00
424,5.76
652,12.10
123,5.63
125,5.75
117,5.76
755,0.00
608,5.72
793,5.72
599,12.06
419,6.00
581,6.01
816,5.92
684,5.92
831,5.84
430,0.00
729,5.77
738,5.87
155,5.98
893,12.17
685,6.00
551,0.00
24,6.19
481,6.10
209,0.00
458,6.14
954,0.00
113,6.12
652,0.00
198,6.11
444,0.00
446,6.11
796,12.15
126,6.16
81,5.98
895,6.00
749,0.00
314,6.04
664,6.01
784,6.02
875,5.97
959,6.06
663,12.17
292,12.06
46,6.20
51,5.97
214,5.95
159,5.96
631,0.00
660,0.00
934,5.99
977,6.00
583,6.14
138,6.17
45,6.17
834,6.14
658,0.00
357,6.16
360,6.05
269,0.00
939,6.17
414,6.19
52,6.16
547,0.00
154,6.18
748,11.73
975,6.20
977,6.20
14,6.34
882,6.30
206,6.45
173,6.29
658,0.00
965,6.11
766,0.00
868,6.26
866,6.24
952,12.20
270,6.49
513,0.00
822,6.37
29,6.40
295,6.42
608,6.32
946,6.37
716,6.53
33,6.54
55,6.42
968,6.37
747,6.51
814,6.54
435,0.00
682,6.60
492,12.42
211,6.64
185,0.00
955,6.76
619,6.48
690,6.55
178,6.55
286,6.57
207,6.36
354,6.36
247,6.45
370,6.37
353,0.00
407,6.42
69,6.39
142,6.43
416,6.35
376,0.00
435,0.00
516,6.34
110,6.46
337,6.46
569,0.00
715,0.00
358,6.48
772,0.00
916,6.60
582,6.66
449,6.67
559,0.00
885,0.00
305,6.62
776,0.00
185,6.65
975,18.77
478,6.92
222,6.93
557,6.82
855,6.91
538,0.00
996,6.89
825,0.00
45,6.73
680,6.80
974,13.05
140,6.91
699,6.84
927,0.00
658,6.74
30,6.88
123,6.93
643,0.00
175,6.91
922,13.05
502,6.74
846,6.71
38,6.72
566,6.68
890,6.73
102,6.81
852,0.00
751,6.71
620,0.00
779,6.77
9,6.67
889,0.00
185,6.72
225,6.66
257,0.00
112,6.75
105,6.60
691,0.00
307,18.91
179,6.51
529,6.52
651,6.53
147,6.39
143,6.40
925,0.00
428,0.00
845,12.89
356,6.17
639,12.83
268,6.17
847,6.09
503,6.06
502,6.08
574,12.92
527,6.20
847,6.26
175,6.19
383,6.21
352,6.06
257,6.06
800,0.00
54,6.08
573,6.01
728,6.09
9,6.09
933,0.00
881,6.08
313,6.06
456,0.00
445,6.21
54,6.24
940,12.63
263,6.27
644,0.00
164,6.16
421,6.09
124,6.09
284,6.13
345,6.02
739,5.84
128,5.81
50,5.79
8,5.65
233,5.65
848,5.56
253,5.66
871,5.51
936,5.58
225,5.74
564,5.55
886,18.58
296,5.59
50,5.64
6,5.54
724,12.30
924,5.63
58,5.71
1,5.51
739,0.00
895,5.37
474,0.00
464,5.45
605,5.54
932,12.48
652,0.00
739,5.66
224,5.62
93,5.57
867,0.00
778,5.57
724,0.00
673,0.00
683,5.75
602,0.00
661,5.71
602,0.00
776,5.73
517,5.85
749,0.00
905,5.99
581,0.00
699,6.11
78,6.24
886,6.02
20,6.13
20,6.15
679,0.00
924,6.21
14,6.12
910,0.00
648,6.23
764,6.20
702,6.21
978,6.35
20,6.23
371,0.00
465,0.00
198,6.29
780,0.00
574,6.29
439,6.22
719,6.31
693,6.39
910,6.47
638,12.55
385,12.63
955,6.67
57,6.67
754,0.00
623,6.62
675,6.60
251,0.00
688,6.76
824,6.80
745,6.85
25,6.94
794,0.00
701,6.88
639,6.97
720,0.00
495,6.91
770,0.00
565,6.99
755,0.00
749,7.08
985,7.16
782,7.32
93,7.33
566,0.00
325,7.28
60,7.39
78,7.53
952,0.00
648,19.94
773,7.59
900,13.14
516,7.67
719,7.59
932,7.74
377,7.51
541,0.00
136,7.64
90,7.60
534,0.00
424,7.58
558,0.00
849,7.71
388,7.70
849,0.00
858,13.34
488,7.71
525,7.69
926,7.77
74,7.86
992,7.67
767,0.00
767,7.79
695,7.83
863,7.91
533,8.00
941,0.00
467,7.73
284,7.81
407,0.00
772,7.66
665,0.00
504,7.64
176,7.59
65,7.59
777,0.00
206,7.51
413,7.54
359,7.51
650,0.00
864,7.55
406,0.00
629,0.00
695,7.73
779,0.00
962,7.74
57,7.59
328,0.00
299,7.69
552,7.56
923,7.64
68,7.76
326,7.60
875,0.00
111,0.00
361,7.64
250,7.59
289,7.47
702,0.00
774,7.50
639,7.39
893,7.42
618,7.33
521,7.51
133,7.33
564,7.28
305,7.19
714,0.00
254,7.31
349,7.23
10,7.24
126,7.02
21,0.00
160,7.09
999,6.93
735,0.00
765,14.09
203,6.97
27,6.82
944,0.00
434,6.88
64,6.75
224,6.88
555,0.00
394,6.73
19,6.81
302,6.80
239,14.04
801,6.70
671,6.71
840,6.61
308,6.62
821,6.48
839,14.11
316,6.57
503,0.00
235,6.57
804,0.00
561,6.55
491,6.56
773,6.57
485,6.61
972,0.00
523,0.00
639,6.57
484,6.57
94,6.54
651,6.47
424,0.00
1000,6.38
411,6.39
655,0.00
721,14.20
504,6.37
274,0.00
290,6.40
385,0.00
894,6.34
468,0.00
569,6.43
480,6.52
578,6.40
306,0.00
776,0.00
348,6.41
478,6.41
491,6.50
158,6.39
8,6.40
321,6.33
447,6.14
376,6.25
653,6.07
367,6.05
971,6.03
922,6.02
959,6.02
839,6.06
626,0.00
195,6.15
76,6.23
571,0.00
340,6.20
862,6.23
826,6.24
343,6.13
224,5.97
12,6.02
225,5.95
294,5.95
239,6.03
118,5.83
808,5.83
725,5.92
820,0.00
111,6.04
961,0.00
607,6.02
964,6.02
118,6.09
70,6.09
578,0.00
629,0.00
809,6.20
251,6.08
179,0.00
341,6.12
535,6.13
868,0.00
670,0.00
123,6.33
543,0.00
884,12.83
361,12.93
814,0.00
885,6.25
811,6.25
275,6.30
70,6.12
674,6.07
290,6.07
441,6.11
542,6.25
634,6.01
170,6.13
709,6.14
438,0.00
647,5.93
332,6.06
892,0.00
587,6.03
612,0.00
561,6.07
48,6.06
744,0.00
53,6.02
240,6.02
114,5.92
246,5.81
987,0.00
985,5.94
116,6.02
824,0.00
123,5.86
745,5.78
831,5.88
378,5.95
601,0.00
501,5.84
912,0.00
425,5.94
594,0.00
806,5.98
268,5.98
758,6.01
878,6.14
858,6.20
533,6.04
584,6.21
628,6.27
289,6.08
741,0.00
964,0.00
459,6.09
285,6.16
45,6.14
77,0.00
652,0.00
964,12.24
871,12.34
529,6.21
107,6.35
235,6.34
687,0.00
744,0.00
933,6.45
120,6.47
590,0.00
473,6.37
713,6.38
387,0.00
35,6.43
462,6.29
416,6.29
154,6.40
520,6.38
688,6.26
257,0.00
529,12.56
393,6.39
511,0.00
449,6.30
85,6.32
172,6.15
824,0.00
507,6.19
404,0.00
586,12.51
295,6.28
328,6.18
820,12.33
812,6.28
213,6.15
870,0.00
869,6.43
39,6.39
502,0.00
867,6.29
652,6.17
340,6.38
62,6.30
316,6.16
859,0.00
456,6.14
371,6.11
742,6.05
215,6.22
58,6.19
594,0.00
908,6.17
38,6.23
867,6.33
641,0.00
555,0.00
253,6.36
668,0.00
70,6.34
650,6.39
989,6.40
542,6.41
855,12.26
243,6.66
112,6.40
119,0.00
86,6.42
803,0.00
629,6.31
307,6.34
871,0.00
690,6.27
872,6.32
218,6.27
506,6.11
871,0.00
466,6.11
114,6.22
234,6.15
909,6.04
833,6.06
229,6.02
518,0.00
707,0.00
949,5.88
151,5.82
90,6.00
684,0.00
781,5.89
144,5.99
963,5.87
105,6.00
360,0.00
201,5.90
235,5.80
377,5.86
205,5.87
601,0.00
401,5.84
747,5.80
117,0.00
177,6.04
100,5.85
533,5.81
936,0.00
185,6.03
577,6.01
18,6.02
178,5.94
530,5.84
111,5.75
356,5.86
767,0.00
566,0.00
58,5.81
965,12.10
957,24.90
15,5.91
582,0.00
753,5.81
28,5.86
197,5.83
940,12.06
349,5.90
326,5.76
81,5.76
433,0.00
842,5.84
955,5.98
39,6.08
944,5.88
83,0.00
19,5.99
401,5.99
915,0.00
877,5.89
183,6.02
82,6.06
831,0.00
993,5.89
782,0.00
451,6.03
931,12.33
317,5.99
299,5.91
752,5.93
606,5.94
710,5.95
233,5.99
443,0.00
999,12.39
357,5.97
932,5.97
675,6.08
346,6.10
180,6.03
246,6.04
540,5.94
806,0.00
979,0.00
849,12.09
357,6.09
795,6.04
328,6.17
603,11.99
721,6.25
280,6.07
769,0.00
306,6.07
871,6.07
830,6.19
55,6.06
500,0.00
336,6.10
252,6.10
450,0.00
546,0.00
951,6.12
760,0.00
300,6.13
383,6.13
927,0.00
324,6.06
444,6.12
447,6.12
5,0.00
667,0.00
479,6.21
114,6.31
57,6.42
689,6.31
169,6.35
416,6.33
43,6.31
660,12.12
288,6.22
249,6.12
237,11.91
55,6.14
893,18.33
629,6.17
267,6.13
504,0.00
999,6.26
60,6.36
84,6.23
211,0.00
965,6.29
371,6.40
812,0.00
285,6.30
13,6.31
759,6.14
35,6.19
119,6.08
767,6.08
106,6.13
284,6.07
393,0.00
40,5.93
943,0.00
226,6.00
931,6.08
494,0.00
205,5.95
861,12.03
714,5.99
826,11.87
145,6.06
295,0.00
292,6.02
55,6.04
512,0.00
711,5.83
722,11.86
228,5.92
520,0.00
379,5.91
513,5.91
880,5.73
201,5.84
804,0.00
725,5.93
877,5.87
919,0.00
624,12.11
261,6.03
704,0.00
700,5.95
80,6.03
669,0.00
769,5.96
524,5.80
816,0.00
553,0.00
808,6.03
634,0.00
794,5.90
375,6.03
289,6.04
475,0.00
549,6.03
115,6.08
308,5.97
99,5.88
543,5.87
667,0.00
693,5.75
720,0.00
419,5.75
541,5.64
118,5.79
764,5.74
207,5.83
170,5.72
637,5.75
43,5.75
998,0.00
252,5.84
820,5.89
505,6.01
289,6.10
56,6.00
754,5.93
869,12.05
24,5.94
706,0.00
733,5.86
116,6.01
596,5.90
200,0.00
15,5.95
31,5.81
161,5.73
257,5.68
719,0.00
878,5.75
192,5.85
317,5.80
154,5.87
190,5.88
262,5.84
678,0.00
926,0.00
235,5.87
998,0.00
856,5.82
930,5.90
585,6.01
755,6.02
935,11.87
983,11.76
335,6.07
482,5.89
778,6.05
880,0.00
475,6.14
302,6.03
347,0.00
205,5.98
757,0.00
650,6.00
143,5.99
423,0.00
759,5.95
2,5.90
399,5.96
586,12.02
411,6.00
684,11.74
383,6.00
476,5.80
697,11.92
196,5.96
622,5.96
155,5.98
111,5.75
304,5.79
32,5.69
491,0.00
946,11.65
593,5.61
70,5.82
604,5.74
344,5.82
244,5.80
5,5.71
376,5.71
258,0.00
895,5.81
543,0.00
870,11.63
285,5.90
737,0.00
528,5.86
175,5.70
402,0.00
560,5.76
679,5.72
235,5.86
821,0.00
198,5.87
947,0.00
235,5.70
599,0.00
958,11.81
530,5.83
132,5.69
578,5.73
277,5.74
344,0.00
397,5.77
713,5.64
178,5.69
278,5.71
280,5.71
904,0.00
387,5.78
372,0.00
376,5.78
858,5.78
203,5.89
136,5.90
301,5.81
604,5.67
10,5.77
572,0.00
68,5.61
782,11.32
434,5.57
611,5.58
333,0.00
243,11.36
509,5.37
761,5.37
222,5.53
465,5.29
438,0.00
989,5.30
580,5.44
989,5.48
446,0.00
649,5.45
169,5.47
567,5.37
840,0.00
837,0.00
910,0.00
854,5.42
116,5.32
36,5.44
555,0.00
981,11.28
365,5.45
180,5.47
624,5.47
498,0.00
618,5.55
740,5.57
903,5.51
404,5.42
338,5.54
836,5.59
959,0.00
687,5.62
829,5.60
278,5.78
956,11.69
238,5.91
159,5.79
166,0.00
329,5.81
849,5.84
583,5.94
21,5.85
1000,0.00
34,5.80
977,5.78
281,5.84
14,5.67
985,0.00
935,5.70
58,5.63
593,5.67
856,5.75
818,11.23
320,5.81
148,5.60
220,5.64
1,5.65
303,5.62
671,5.66
315,5.61
198,5.63
834,5.55
137,5.63
866,0.00
374,0.00
921,5.67
714,5.67
205,5.75
945,5.69
68,5.80
992,5.73
378,5.76
528,5.88
333,5.88
842,11.36
888,5.91
546,5.98
70,6.03
606,11.17
733,5.84
64,5.65
389,5.71
985,11.05
51,5.73
640,5.59
970,5.71
307,5.84
52,5.74
929,0.00
996,11.15
871,11.26
707,0.00
117,5.88
303,5.75
556,5.75
919,11.27
310,5.66
676,5.77
722,5.80
66,5.60
253,5.53
346,5.69
813,5.64
140,5.65
854,0.00
729,5.45
602,5.54
167,5.56
680,0.00
682,0.00
499,5.42
281,5.46
17,5.61
152,5.59
576,0.00
881,11.32
770,5.68
190,5.67
309,5.68
850,0.00
584,11.39
691,11.26
493,5.68
460,0.00
984,11.46
431,0.00
252,5.64
668,11.43
859,5.84
709,5.91
241,5.79
478,0.00
4,5.84
995,0.00
490,5.85
167,5.94
66,5.92
876,0.00
77,5.83
521,0.00
248,5.77
108,5.67
169,5.73
988,0.00
811,17.17
468,0.00
948,34.86
641,23.23
485,6.00
732,6.00
836,17.39
259,6.03
815,6.06
173,5.98
864,6.07
355,6.10
711,6.11
96,6.12
461,0.00
982,23.30
48,6.11
839,6.22
268,6.28
391,6.17
997,6.22
65,6.04
390,6.15
708,0.00
976,11.91
426,0.00
292,12.05
858,12.03
194,6.20
928,6.28
362,6.28
12,6.30
807,0.00
940,0.00
844,11.93
117,6.39
161,6.29
207,6.21
680,6.24
590,6.28
643,6.08
468,6.21
238,6.33
660,0.00
44,6.15
536,6.15
596,0.00
360,6.29
74,6.15
657,6.08
650,0.00
980,11.78
595,6.11
192,0.00
926,0.00
335,6.10
520,0.00
948,6.28
180,59.96
179,59.96
116,0.00
110,60.00
966,0.00
913,59.89
59,59.97
947,59.94
775,0.00
185,59.79
556,59.75
937,59.82
807,0.00
518,0.00
17,59.86
976,59.79
82,59.86
438,59.83
886,59.88
839,59.94
383,59.88
19,0.00
436,0.00
909,59.94
545,0.00
595,59.79
120,59.79
146,59.86
449,59.64
829,59.65
438,59.71
562,0.00
10,59.45
312,59.43
673,59.47
933,59.55
249,59.45
189,59.46
616,0.00
770,59.42
957,59.48
1,59.40
320,59.35
777,59.43
136,59.55
523,0.00
475,59.34
606,59.44
1,59.48
689,65.62
191,59.49
886,0.00
91,59.48
587,65.47
198,59.42
316,59.31
682,59.24
488,59.29
698,0.00
580,65.62
211,65.58
49,59.38
246,59.26
361,59.21
141,59.25
745,59.22
532,59.23
253,59.24
489,0.00
367,59.10
560,0.00
701,59.17
856,0.00
381,59.15
249,59.08
994,59.14
642,59.17
536,65.13
94,59.19
402,59.12
311,59.11
742,0.00
704,0.00
756,58.99
898,5.30
353,5.42
875,0.00
393,65.44
415,0.00
935,0.00
996,65.47
493,5.52
55,5.53
935,0.00
132,5.55
399,5.47
159,5.54
772,0.00
541,5.37
119,5.43
397,0.00
400,5.36
644,0.00
816,5.31
781,5.41
414,5.41
844,5.33
106,5.34
709,0.00
626,5.25
232,5.38
503,5.37
77,5.42
868,5.45
553,5.46
998,64.87
182,5.53
148,5.45
547,0.00
878,5.51
955,5.57
680,5.51
672,0.00
229,5.49
177,5.49
88,5.41
194,5.30
446,0.00
862,0.00
992,5.39
63,5.38
200,5.28
49,5.35
774,0.00
274,5.27
392,5.33
444,5.32
760,5.32
342,5.33
738,5.26
77,5.36
740,0.00
155,5.33
88,5.29
832,0.00
384,0.00
703,5.37
368,5.36
859,0.00
624,5.45
59,5.41
512,0.00
259,5.40
927,0.00
987,5.51
456,5.43
840,5.46
904,5.53
512,5.61
769,64.66
824,0.00
998,5.60
529,0.00
279,5.61
876,0.00
58,5.49
791,0.00
687,5.65
30,5.48
503,0.00
463,5.45
494,5.43
418,5.42
528,0.00
471,0.00
427,0.00
938,11.02
882,5.51
155,5.65
140,5.48
466,0.00
77,0.00
962,5.48
702,0.00
277,5.60
138,5.64
35,5.60
103,5.53
322,5.53
313,5.41
920,5.42
69,5.46
422,5.41
125,5.48
711,5.56
987,0.00
899,0.00
170,5.45
394,5.51
232,5.55
618,11.01
352,5.39
758,5.39
440,0.00
834,5.46
698,10.90
404,5.47
617,0.00
255,5.54
417,0.00
836,5.43
352,5.42
851,0.00
113,5.54
216,5.43
409,5.38
313,5.44
412,5.36
751,0.00
500,5.31
71,5.37
716,5.33
239,5.42
761,5.43
64,5.29
212,5.33
340,5.25
525,5.30
699,0.00
509,5.30
489,0.00
257,5.26
437,0.00
900,5.23
607,0.00
127,5.29
832,0.00
345,5.24
832,5.24
739,10.66
233,5.10
329,4.98
603,5.13
6,5.11
46,5.03
484,0.00
905,10.48
819,4.96
979,4.94
517,0.00
546,4.97
324,4.90
751,0.00
365,4.95
281,4.93
200,4.83
344,4.81
733,0.00
775,4.73
720,4.73
130,4.74
450,4.78
225,4.88
683,4.60
800,4.64
242,4.73
284,4.81
849,0.00
673,4.87
364,0.00
466,0.00
65,4.77
244,4.83
748,4.71
412,4.72
69,4.77
417,0.00
960,4.65
543,0.00
545,4.70
447,4.56
905,4.52
332,0.00
546,4.45
114,4.59
45,4.55
788,9.97
660,4.46
9,0.00
579,4.57
727,4.62
106,4.68
604,4.57
95,4.51
812,4.57
795,0.00
894,4.61
107,4.57
650,0.00
567,10.05
585,4.65
230,4.59
31,4.51
510,4.52
458,0.00
493,0.00
864,4.58
235,4.60
385,0.00
881,4.54
349,4.63
450,4.54
562,4.46
725,0.00
569,9.79
826,0.00
812,9.82
570,4.63
968,4.63
94,4.60
928,4.62
570,0.00
480,0.00
447,4.64
712,4.71
748,0.00
276,4.64
700,0.00
457,4.78
271,4.71
95,0.00
802,0.00
302,4.74
674,4.73
931,0.00
531,4.79
266,4.81
185,4.81
146,4.81
916,0.00
760,4.72
5,4.75
954,0.00
271,4.61
727,0.00
866,4.64
800,4.54
379,0.00
339,0.00
989,4.67
235,4.68
858,4.67
170,0.00
954,9.36
450,4.83
871,4.81
209,4.82
14,4.78
917,9.42
713,0.00
471,4.83
979,0.00
530,4.81
522,0.00
214,4.89
478,0.00
397,4.94
611,5.04
642,0.00
199,5.02
294,5.02
630,4.98
995,0.00
605,9.62
218,4.97
142,4.89
499,0.00
584,4.88
533,4.98
885,4.86
579,0.00
951,4.91
451,5.01
216,5.04
181,5.00
201,5.00
76,4.90
819,0.00
624,9.50
631,4.94
516,4.95
366,0.00
788,4.80
691,4.91
340,4.94
968,0.00
114,4.89
15,4.82
279,0.00
892,4.82
428,0.00
497,4.80
942,0.00
664,4.93
177,4.88
299,4.82
766,0.00
112,4.75
708,0.00
19,4.71
705,4.82
880,0.00
700,4.69
494,4.79
619,0.00
814,4.83
262,4.96
972,0.00
698,5.06
851,0.00
973,9.73
397,5.14
965,0.00
620,5.18
33,5.23
859,0.00
511,5.24
742,5.35
236,5.26
831,10.03
258,5.31
804,0.00
55,10.06
689,0.00
753,5.25
970,5.30
12,5.37
308,5.21
831,0.00
440,5.30
151,5.07
583,5.04
223,0.00
105,5.11
464,4.93
959,5.01
641,0.00
615,10.12
464,5.23
76,5.06
471,5.09
574,5.12
778,0.00
514,5.14
808,5.18
993,10.04
25,5.23
220,5.07
308,5.19
105,5.24
816,5.15
510,5.20
336,5.21
667,0.00
256,5.17
730,5.11
122,5.07
173,5.12
900,0.00
269,5.11
355,5.15
260,5.04
257,5.05
621,0.00
936,9.92
530,5.12
345,5.00
178,5.05
49,5.05
580,0.00
142,4.99
320,4.96
343,4.96
506,5.02
321,4.92
716,0.00
180,4.90
799,4.97
464,5.05
770,5.03
345,0.00
463,5.01
498,4.97
597,5.04
250,5.11
152,5.05
311,0.00
372,4.92
748,4.84
88,0.00
49,4.95
108,4.80
514,0.00
27,4.73
594,0.00
8,4.52
50,4.53
472,0.00
861,4.36
99,4.41
441,0.00
852,4.30
843,4.33
469,4.22
329,4.20
230,4.16
936,0.00
455,0.00
898,4.25
925,4.24
528,4.29
570,0.00
870,4.33
811,4.24
818,0.00
251,4.27
648,0.00
810,4.29
905,4.29
940,0.00
441,4.31
129,4.35
672,4.35
963,4.35
371,4.34
111,4.49
96,4.44
885,0.00
359,0.00
474,4.30
289,4.40
353,4.33
541,0.00
698,4.45
923,4.47
962,9.52
583,4.54
279,4.54
171,4.43
489,0.00
895,4.42
103,4.37
233,4.37
295,0.00
816,4.50
550,4.50
600,4.46
693,0.00
700,4.58
545,0.00
275,4.65
731,0.00
112,4.52
603,0.00
976,4.54
268,0.00
155,4.58
703,0.00
160,4.60
17,4.62
842,4.59
363,0.00
418,4.58
418,0.00
346,4.57
569,0.00
684,4.58
71,4.62
651,4.69
626,0.00
356,4.66
365,0.00
792,9.06
923,4.78
13,4.85
131,4.64
854,4.71
62,4.79
667,4.74
55,4.76
989,0.00
794,9.01
600,4.77
951,4.83
971,4.81
183,0.00
281,4.82
620,4.88
392,4.88
146,4.93
636,0.00
353,4.73
561,0.00
753,4.80
135,4.80
398,0.00
468,9.15
757,4.73
861,4.81
674,0.00
264,4.96
302,9.19
233,4.84
228,4.79
997,4.65
922,9.23
517,4.82
990,14.43
661,4.83
196,4.90
514,0.00
938,0.00
928,4.86
56,4.97
607,9.40
801,4.93
889,0.00
582,4.83
576,0.00
13,4.85
67,4.85
21,4.80
372,0.00
368,4.60
85,4.64
936,0.00
295,4.57
471,4.53
20,4.60
611,0.00
334,4.56
660,0.00
157,4.46
761,0.00
209,4.52
160,4.51
851,0.00
297,4.55
84,4.60
972,0.00
108,4.64
614,0.00
84,4.58
739,0.00
683,4.57
723,4.61
478,4.68
386,0.00
13,4.63
812,0.00
580,0.00
573,13.77
567,9.27
566,9.34
473,4.67
144,4.49
631,0.00
975,4.45
176,4.41
533,0.00
381,0.00
280,0.00
272,4.42
726,4.32
5,4.37
716,4.33
542,4.39
782,0.00
792,4.49
842,4.41
260,4.48
382,4.33
804,4.33
24,4.25
162,4.32
150,4.36
571,0.00
871,4.31
686,4.39
458,0.00
934,0.00
392,4.47
486,0.00
293,4.54
87,4.43
564,4.36
518,4.36
875,9.25
226,4.46
577,0.00
136,4.38
943,0.00
559,4.38
723,9.32
969,9.30
468,4.47
36,9.36
906,4.60
520,4.66
319,4.46
400,4.58
91,4.65
356,0.00
212,4.67
168,4.63
237,0.00
444,0.00
777,4.61
320,4.59
394,0.00
659,4.65
987,9.22
588,0.00
166,4.75
196,4.69
74,4.78
457,0.00
401,4.67
121,4.63
504,0.00
511,4.57
421,0.00
715,4.71
660,4.77
612,0.00
534,0.00
111,4.69
312,0.00
579,4.71
341,4.79
781,4.79
808,4.84
871,9.37
90,4.81
22,4.84
121,4.76
574,4.79
981,13.98
342,4.85
987,4.80
637,4.78
494,4.75
285,4.73
351,0.00
213,4.84
50,4.87
827,0.00
738,4.85
273,4.87
597,4.73
20,4.82
779,0.00
961,4.75
61,4.76
910,4.84
519,0.00
659,4.81
837,4.84
929,4.87
311,5.00
190,4.88
213,4.85
564,0.00
606,4.82
1,4.87
155,0.00
223,4.84
366,0.00
470,0.00
630,4.73
275,0.00
805,4.69
3,4.74
991,4.80
76,4.92
557,0.00
951,9.17
739,4.88
121,4.73
543,0.00
327,0.00
413,4.77
839,5.06
603,5.10
759,0.00
916,5.52
560,0.00
752,5.75
632,5.86
330,0.00
998,10.74
637,0.00
881,6.07
156,6.18
458,6.17
839,6.24
343,0.00
458,6.37
227,6.45
560,0.00
105,6.20
752,0.00
771,6.21
807,6.26
606,6.36
737,0.00
35,6.45
891,6.37
831,11.26
923,6.55
511,0.00
768,6.52
185,6.43
651,0.00
16,6.60
904,0.00
871,15.81
495,0.00
900,11.42
200,6.68
658,6.77
31,6.67
79,6.62
813,0.00
19,6.61
313,0.00
195,6.71
409,0.00
730,6.77
125,6.67
510,6.68
170,6.76
995,0.00
323,6.76
47,6.73
736,0.00
668,6.68
497,6.79
434,6.65
64,6.75
989,0.00
455,0.00
343,6.64
495,0.00
955,0.00
933,6.76
929,0.00
471,6.65
28,6.80
725,6.77
156,6.82
842,0.00
44,6.82
356,0.00
750,0.00
204,6.80
208,6.69
736,11.40
470,6.63
177,0.00
956,6.74
283,6.57
720,6.41
136,6.28
872,6.22
222,6.09
751,11.46
531,11.48
741,11.47
255,5.65
824,6.05
486,5.59
989,5.75
252,5.59
919,5.60
206,5.71
756,0.00
515,5.47
197,5.59
126,5.52
76,5.51
546,5.35
561,5.36
154,5.42
801,5.42
554,5.50
89,5.42
865,0.00
529,5.31
709,0.00
263,5.30
805,0.00
446,0.00
976,11.83
338,5.25
188,5.30
664,5.29
168,5.22
877,5.22
11,5.22
48,5.27
578,0.00
638,11.92
923,0.00
863,16.64
852,5.25
249,5.16
403,5.14
59,5.28
980,5.10
109,5.08
824,5.11
23,5.16
41,5.16
346,5.16
703,0.00
144,5.05
375,5.07
535,5.14
655,0.00
716,0.00
899,5.13
701,5.18
59,5.23
722,5.18
6,5.26
50,5.25
300,5.10
580,0.00
723,0.00
958,5.03
993,0.00
985,5.19
333,5.26
943,0.00
302,5.29
301,5.39
45,5.32
400,0.00
595,5.39
869,5.38
377,11.99
157,11.89
299,5.36
16,5.37
934,11.83
186,5.40
194,5.21
74,5.33
590,0.00
34,5.25
680,11.25
853,5.27
969,5.30
8,5.10
859,10.94
8,5.21
92,5.18
415,5.13
471,5.03
156,5.10
81,5.03
197,4.89
740,4.89
115,4.99
531,0.00
359,5.01
302,4.95
251,4.99
5,4.94
96,4.87
66,0.00
611,0.00
506,4.83
540,0.00
821,4.84
238,4.91
392,0.00
899,10.04
823,4.86
222,4.80
422,0.00
573,4.92
206,4.85
907,4.88
165,4.88
362,0.00
429,4.83
313,4.93
727,0.00
462,4.87
878,10.09
159,4.96
669,10.20
204,4.94
367,4.88
311,4.87
502,4.89
532,4.89
976,0.00
622,4.93
943,4.82
308,4.94
361,0.00
666,0.00
73,5.08
11,4.95
794,0.00
89,4.96
418,0.00
669,4.95
304,4.99
326,4.90
642,0.00
665,4.87
359,4.88
512,4.90
172,4.96
366,4.97
123,5.00
229,4.84
943,0.00
561,4.72
142,4.59
580,0.00
53,4.59
97,4.59
891,0.00
476,4.58
939,4.66
760,10.14
562,4.77
576,10.20
69,4.86
50,0.00
192,4.87
203,4.78
77,4.86
172,4.75
704,0.00
857,0.00
672,4.93
166,4.89
222,4.94
112,4.88
617,0.00
182,4.89
365,4.78
574,4.85
286,4.86
445,0.00
884,4.71
642,4.87
710,0.00
191,4.94
380,0.00
885,4.87
94,4.90
366,4.90
649,0.00
660,4.90
33,4.90
296,4.92
85,4.90
64,4.99
626,4.86
916,4.79
615,0.00
601,9.83
257,4.96
84,4.87
598,0.00
744,5.08
563,0.00
599,4.92
828,0.00
915,5.03
768,5.13
659,0.00
9,5.03
389,5.03
245,4.94
223,4.94
551,4.95
552,5.09
244,4.95
325,4.93
925,5.03
16,5.03
363,0.00
824,4.97
597,5.06
89,4.94
208,4.98
735,0.00
961,4.90
528,4.98
824,0.00
654,5.13
149,5.03
498,4.99
918,0.00
989,0.00
718,0.00
871,5.15
233,5.24
933,5.23
417,0.00
656,5.30
572,0.00
896,5.28
90,5.25
922,5.30
125,5.32
194,5.22
268,5.23
597,5.06
218,5.14
405,0.00
365,5.22
572,5.19
18,5.19
800,0.00
567,0.00
270,5.13
863,0.00
876,5.15
758,5.22
344,5.33
477,0.00
631,5.37
395,5.32
877,0.00
552,5.39
445,5.31
519,5.33
908,0.00
815,5.43
826,5.38
147,5.41
616,5.45
354,5.56
696,0.00
245,5.59
680,0.00
849,0.00
184,5.58
600,5.71
156,5.75
355,5.54
683,5.54
774,0.00
906,5.66
448,5.62
670,0.00
160,5.73
51,5.74
992,0.00
632,10.63
913,5.71
184,5.61
93,5.54
55,5.60
344,5.60
199,5.61
200,5.49
538,0.00
559,5.58
948,5.48
521,5.61
515,0.00
594,5.51
416,0.00
833,5.61
145,5.56
363,0.00
792,0.00
627,5.64
867,5.59
736,5.63
616,5.60
477,0.00
647,5.57
271,5.48
481,0.00
925,10.60
615,5.35
263,0.00
520,0.00
522,5.40
105,5.42
734,0.00
494,5.26
234,5.41
796,5.41
366,5.33
696,0.00
578,5.37
931,5.50
857,0.00
930,5.44
898,10.64
490,0.00
384,5.52
762,0.00
962,5.49
495,5.54
19,5.61
292,5.51
137,5.44
473,0.00
563,5.46
713,5.52
177,5.36
700,0.00
751,5.44
638,5.46
36,5.45
537,0.00
760,0.00
232,5.50
922,11.00
390,5.39
77,5.52
484,0.00
548,0.00
751,0.00
699,5.32
773,0.00
196,5.57
417,5.51
770,5.53
341,5.37
262,0.00
402,5.35
334,5.41
328,5.42
688,0.00
922,15.99
478,5.34
502,5.37
300,5.31
69,5.43
675,0.00
646,5.50
252,5.55
425,0.00
948,5.56
694,5.64
401,5.50
110,5.62
215,5.52
762,0.00
937,5.61
753,0.00
778,5.49
861,5.59
206,5.52
792,11.04
399,5.63
715,5.62
689,11.03
90,5.64
681,5.53
881,11.00
377,5.67
513,10.97
79,5.73
329,0.00
341,5.60
822,5.62
145,5.63
424,5.61
658,0.00
379,0.00
469,5.58
485,0.00
523,5.68
704,5.69
679,5.63
177,5.64
800,5.51
649,5.51
637,5.59
912,5.42
876,5.48
380,0.00
800,10.98
187,5.53
408,5.52
502,5.46
488,0.00
273,5.57
650,0.00
626,5.50
541,0.00
869,5.58
94,5.52
27,5.55
313,5.48
202,0.00
310,5.50
340,5.52
382,0.00
302,5.36
726,0.00
522,5.33
623,5.33
576,5.31
16,5.37
962,10.68
155,5.25
641,0.00
611,5.12
851,5.31
246,5.18
409,5.11
501,5.21
320,0.00
946,16.25
63,5.19
535,0.00
680,5.33
715,0.00
976,5.13
66,5.20
674,0.00
235,5.18
141,5.23
33,5.12
704,5.05
822,10.54
756,5.12
85,5.24
254,5.01
452,0.00
739,10.41
71,4.86
969,10.38
575,0.00
407,4.78
41,4.74
825,10.38
84,4.72
121,0.00
671,4.67
778,0.00
663,4.67
431,0.00
966,4.71
487,4.79
383,0.00
393,4.81
415,4.73
617,4.78
879,4.86
559,4.94
761,4.79
40,0.00
728,4.93
965,4.99
402,4.82
712,4.84
533,0.00
531,0.00
958,4.70
261,4.65
864,0.00
885,4.76
670,4.72
234,4.86
289,4.80
377,4.72
996,4.67
521,0.00
27,4.77
91,4.78
689,0.00
796,4.78
911,0.00
607,4.94
224,4.92
475,0.00
275,4.97
443,5.00
362,5.05
380,5.03
749,0.00
422,5.16
509,5.16
837,5.23
679,0.00
373,5.08
883,5.04
822,5.07
74,5.15
431,5.15
19,5.23
975,10.34
61,5.12
399,0.00
470,10.30
958,5.28
383,5.10
123,5.18
680,5.09
8,5.17
995,5.19
897,5.28
356,5.21
590,0.00
853,10.32
915,5.37
661,0.00
694,5.48
204,5.53
725,5.53
736,5.62
790,10.35
736,5.63
50,5.60
734,5.42
500,5.50
630,5.63
360,0.00
210,5.65
606,10.45
860,10.53
112,5.77
525,0.00
730,5.79
315,5.84
121,5.73
729,5.67
12,5.75
126,5.81
231,5.74
128,5.68
707,5.61
576,0.00
448,5.66
684,0.00
916,5.73
569,0.00
275,5.74
952,10.56
730,5.80
9,5.91
968,0.00
662,5.97
792,5.98
582,6.01
830,0.00
707,5.96
875,0.00
420,5.91
686,5.92
267,5.96
590,5.88
205,5.96
844,0.00
234,5.97
668,0.00
792,5.87
270,5.86
288,5.87
660,0.00
596,0.00
32,5.84
157,5.84
317,5.82
247,5.70
462,0.00
38,5.75
163,5.76
838,10.77
808,5.77
841,5.78
238,5.75
252,5.67
279,5.67
730,5.59
367,5.69
667,5.69
53,5.79
739,0.00
952,0.00
258,5.67
973,5.79
801,0.00
484,5.79
451,5.81
946,0.00
885,11.08
44,5.81
761,11.01
43,5.84
320,5.70
204,5.64
901,0.00
837,0.00
987,11.31
165,5.72
33,5.71
147,5.69
444,5.67
965,5.55
468,0.00
746,5.58
128,5.59
498,11.31
155,5.56
282,5.42
48,5.38
229,5.32
84,5.33
221,5.30
779,5.23
729,5.31
885,5.34
990,5.37
832,5.35
882,5.33
966,11.15
341,5.47
931,16.09
35,5.32
127,5.34
621,5.30
835,11.03
300,5.17
989,5.16
707,5.16
318,5.21
452,0.00
855,11.21
531,0.00
611,0.00
113,5.15
346,5.22
570,5.13
572,0.00
891,5.10
438,5.20
337,0.00
640,5.14
73,5.20
277,5.13
172,5.13
101,5.13
454,5.11
982,5.20
506,5.06
228,5.24
605,0.00
421,5.23
10,5.26
898,0.00
751,5.13
708,5.17
301,4.99
456,4.98
664,10.67
379,4.88
401,0.00
753,4.77
21,4.75
276,4.75
207,10.51
599,4.75
885,4.56
167,4.62
442,4.71
344,4.67
118,4.73
738,10.31
599,4.61
782,10.39
181,4.68
306,4.74
157,4.70
36,4.77
607,0.00
545,10.26
977,10.06
620,4.66
160,4.61
929,4.70
996,0.00
874,5.08
754,0.00
77,5.06
397,0.00
224,10.38
744,5.03
908,4.95
43,4.92
781,0.00
914,4.92
371,5.00
802,4.92
535,4.93
446,0.00
423,0.00
960,5.05
843,5.16
864,0.00
543,10.29
458,5.22
759,5.31
284,5.10
654,5.22
146,5.34
240,5.12
554,0.00
89,5.08
103,5.08
394,0.00
351,5.10
306,5.03
267,5.03
591,5.02
38,5.02
238,5.02
327,4.95
78,4.88
734,4.94
712,4.99
63,5.06
243,5.07
748,0.00
645,10.13
827,5.11
739,4.95
750,0.00
62,5.04
53,5.12
866,5.09
598,5.10
409,5.06
599,10.27
669,5.25
943,5.21
163,5.25
377,5.29
656,10.04
129,5.38
791,10.00
112,5.35
984,5.27
435,5.37
833,5.32
5,5.40
315,0.00
765,5.40
465,0.00
175,5.34
449,0.00
592,5.39
579,5.48
876,5.50
163,10.13
717,5.53
657,0.00
454,5.45
133,5.47
756,0.00
500,5.50
926,5.54
736,0.00
780,10.31
447,5.54
318,5.59
304,5.60
917,10.46
229,5.56
278,5.42
223,5.48
411,0.00
582,5.44
488,0.00
822,10.48
937,5.47
76,5.58
663,0.00
473,0.00
648,5.45
435,5.53
751,5.53
620,5.63
181,5.50
368,0.00
228,5.40
874,0.00
620,0.00
479,0.00
407,5.32
767,5.17
529,5.18
371,5.26
170,5.35
80,5.18
816,0.00
547,0.00
995,5.29
602,5.19
946,5.28
830,5.39
658,5.50
148,5.62
861,0.00
396,5.60
973,5.58
554,0.00
994,0.00
425,0.00
988,5.65
135,5.65
266,5.64
862,0.00
818,10.76
18,5.70
487,5.79
952,10.92
701,11.02
280,5.74
1000,0.00
626,5.81
13,5.75
494,0.00
425,0.00
460,0.00
591,0.00
996,5.64
439,5.71
71,5.76
404,5.76
443,0.00
438,5.69
87,5.82
513,0.00
799,0.00
989,11.16
765,5.71
107,5.71
267,0.00
683,11.14
299,5.68
320,5.67
516,0.00
606,0.00
75,5.65
708,0.00
553,5.61
770,5.62
320,5.66
64,5.67
498,0.00
826,11.03
224,5.59
904,5.51
570,5.52
674,0.00
11,5.52
243,5.62
283,5.56
593,0.00
569,5.47
106,5.55
433,0.00
549,0.00
13,5.43
204,5.41
362,5.35
859,0.00
39,5.31
882,5.36
246,5.37
259,5.29
816,5.41
896,10.55
112,5.55
482,0.00
656,5.50
246,5.51
126,5.54
8,5.45
916,5.45
284,0.00
291,0.00
946,10.78
408,5.55
424,0.00
760,0.00
469,5.32
739,5.25
26,5.24
461,0.00
914,5.28
207,5.24
316,5.20
41,5.23
570,5.12
956,5.16
295,5.17
233,5.11
405,0.00
916,10.80
205,5.21
232,5.11
101,5.13
108,4.97
149,0.00
980,4.98
624,4.82
120,4.78
265,4.82
102,4.89
205,4.81
658,0.00
768,0.00
397,4.72
357,4.79
835,0.00
828,0.00
667,4.83
881,4.92
119,4.94
480,4.89
605,4.89
733,0.00
905,5.03
339,4.96
835,4.88
879,5.03
213,5.14
357,4.99
722,0.00
589,0.00
130,5.11
218,5.00
709,4.93
254,4.94
891,0.00
470,5.08
686,0.00
386,5.07
394,0.00
406,5.15
203,5.06
264,5.00
267,0.00
371,0.00
914,4.95
668,5.01
242,5.09
663,5.04
191,5.13
700,0.00
594,5.15
200,5.20
507,0.00
209,5.12
618,0.00
113,4.99
583,0.00
28,4.97
645,0.00
562,4.87
821,4.93
375,4.93
263,0.00
27,5.00
364,4.94
869,10.54
828,4.97
35,5.09
733,0.00
45,4.82
837,4.97
11,4.88
222,0.00
521,0.00
530,4.89
751,4.90
812,0.00
260,5.00
979,4.89
949,4.95
181,4.95
71,0.00
519,5.01
737,10.21
859,10.12
477,5.02
825,0.00
398,5.11
694,0.00
640,5.20
433,5.23
494,0.00
556,5.22
800,0.00
775,5.29
239,5.36
947,0.00
357,5.27
716,0.00
619,5.22
406,5.24
586,5.28
377,0.00
785,15.81
43,5.22
239,5.06
129,5.20
208,5.12
805,4.95
619,5.04
199,4.97
228,4.92
423,0.00
773,5.01
283,5.06
628,0.00
379,4.98
789,4.96
22,4.87
367,4.97
479,4.91
671,4.99
595,4.99
542,4.98
963,5.05
360,5.05
559,5.05
383,0.00
715,5.06
124,4.97
479,0.00
425,4.98
583,4.97
67,5.13
979,5.10
674,0.00
900,5.22
463,0.00
711,5.24
509,0.00
573,5.31
918,5.40
256,0.00
666,0.00
745,5.22
766,0.00
476,5.23
590,5.19
578,5.28
664,0.00
655,0.00
362,5.31
878,5.32
351,0.00
218,5.29
770,5.30
693,5.43
787,5.35
598,15.42
126,5.39
551,10.42
465,5.33
685,10.32
629,5.33
954,10.48
12,5.44
350,10.52
122,5.38
830,0.00
127,5.21
304,5.28
702,0.00
797,5.27
423,0.00
720,5.21
670,5.20
868,0.00
493,0.00
519,5.16
297,5.16
634,0.00
471,5.30
689,0.00
688,10.45
464,0.00
534,5.31
860,0.00
330,5.43
629,0.00
443,5.38
114,5.42
223,5.33
564,0.00
126,5.38
258,5.46
896,0.00
230,5.30
230,5.35
114,5.31
915,0.00
685,5.37
578,0.00
183,5.30
804,5.36
141,5.42
926,5.25
469,0.00
427,5.23
901,5.37
443,5.37
215,0.00
10,5.43
281,5.26
187,5.34
886,0.00
82,5.23
541,0.00
874,10.42
582,5.25
336,5.31
110,5.21
915,5.25
427,5.35
502,5.28
491,0.00
556,5.27
582,5.35
907,15.60
304,5.41
348,5.34
152,5.38
934,5.39
40,5.47
172,5.30
792,0.00
351,5.39
628,0.00
178,5.32
318,5.31
516,0.00
52,5.35
101,5.36
684,0.00
321,5.22
758,0.00
917,0.00
258,5.30
335,5.21
702,0.00
711,10.67
33,5.08
411,5.21
603,10.56
760,10.57
536,0.00
418,5.11
799,5.13
536,5.14
904,0.00
549,5.12
848,5.19
812,5.25
763,0.00
746,5.23
851,5.31
382,5.22
879,5.18
40,5.25
354,5.21
952,5.18
692,0.00
819,5.27
363,5.35
916,5.35
264,5.42
419,5.34
197,5.41
511,0.00
682,10.76
930,5.53
483,5.46
638,0.00
934,10.79
336,5.46
843,5.43
975,0.00
626,5.47
97,5.53
398,5.56
648,5.57
601,5.51
997,0.00
904,5.58
430,0.00
535,5.59
5,5.63
320,5.63
90,5.58
966,0.00
819,0.00
957,5.55
85,5.55
452,0.00
489,5.51
782,0.00
302,5.61
526,0.00
941,0.00
289,5.69
337,5.69
754,5.68
57,5.70
72,5.61
951,0.00
723,5.66
138,5.77
237,5.62
80,5.61
969,5.64
91,5.72
217,5.66
263,5.61
858,0.00
196,0.00
394,5.70
216,5.72
627,10.85
573,5.66
305,5.61
457,10.93
516,5.63
473,5.73
690,5.69
359,5.63
910,5.71
436,5.78
358,5.72
725,0.00
376,5.62
212,5.59
759,5.57
443,5.58
270,5.58
979,10.75
919,5.60
197,5.61
206,0.00
356,5.65
289,0.00
1000,5.58
504,5.64
636,0.00
956,5.58
381,0.00
184,5.52
413,5.44
44,5.53
347,0.00
532,0.00
337,5.36
459,5.40
944,10.76
432,5.45
43,5.37
258,5.40
673,10.76
100,5.30
950,0.00
686,5.32
603,5.31
59,5.19
421,10.60
122,5.12
5,5.13
148,5.13
859,0.00
556,5.11
110,0.00
495,5.07
608,0.00
339,5.02
610,10.52
702,5.06
314,5.14
256,5.06
265,5.04
340,5.06
759,4.97
300,4.98
423,5.03
904,0.00
24,4.99
282,4.97
697,5.03
585,0.00
607,5.08
195,5.04
565,4.92
542,5.00
537,0.00
529,5.04
863,0.00
863,5.02
559,0.00
453,5.25
910,5.36
675,11.04
416,11.08
208,5.39
173,5.42
289,5.48
984,0.00
623,5.60
834,5.71
93,5.71
681,11.40
842,5.70
195,5.71
561,0.00
258,5.76
301,5.70
75,0.00
363,5.70
850,0.00
847,5.79
152,5.76
926,0.00
59,5.88
199,5.82
908,5.75
872,5.87
373,5.69
240,5.74
354,5.77
860,11.38
49,5.75
431,5.79
833,5.82
419,5.75
352,5.76
567,5.78
469,5.70
70,5.70
826,0.00
480,0.00
532,5.88
880,11.35
312,6.02
291,6.02
655,0.00
682,5.93
164,6.03
689,6.10
205,6.11
297,6.11
738,11.28
298,6.07
155,6.06
506,6.04
688,0.00
789,6.17
982,6.29
500,0.00
723,6.15
64,6.19
655,0.00
749,6.20
539,0.00
101,6.17
522,0.00
805,10.97
218,6.12
602,0.00
716,6.12
772,0.00
152,6.18
875,0.00
911,0.00
657,0.00
520,0.00
21,6.35
979,6.26
632,0.00
146,6.34
774,0.00
349,6.17
581,6.10
142,6.11
666,0.00
264,6.02
116,6.04
739,5.98
317,6.01
89,6.02
813,5.81
808,11.49
215,5.77
865,22.30
8,5.74
372,0.00
901,11.37
876,0.00
154,5.61
383,0.00
951,5.72
60,5.77
555,0.00
409,5.71
217,5.78
403,5.62
104,5.61
927,5.61
281,5.77
117,5.65
31,5.66
120,5.63
403,5.56
634,5.53
690,5.54
428,5.59
229,5.55
897,0.00
888,5.64
412,5.65
238,5.55
135,5.55
101,5.65
545,5.67
683,0.00
222,5.64
245,5.46
728,11.45
777,5.43
144,0.00
382,5.53
465,5.43
519,5.36
510,5.51
672,5.48
497,5.50
498,0.00
503,5.42
23,5.53
604,0.00
759,0.00
920,5.55
735,5.56
600,11.76
633,5.59
41,5.62
404,5.59
48,5.60
490,0.00
416,11.76
577,5.63
313,0.00
603,5.61
207,5.70
276,5.76
15,5.65
392,5.65
840,0.00
226,5.63
477,5.60
117,5.68
275,5.50
453,5.42
941,11.72
712,0.00
421,5.46
208,5.49
135,5.52
655,0.00
399,5.46
36,5.55
869,0.00
325,5.39
171,5.48
881,11.33
924,0.00
33,5.50
332,5.54
134,5.49
433,5.50
86,5.51
596,0.00
845,11.20
156,5.47
365,5.47
302,5.41
462,0.00
126,5.37
135,5.33
725,0.00
69,5.37
699,5.31
274,5.35
44,5.36
375,5.42
338,0.00
861,0.00
571,5.39
618,0.00
210,5.48
227,5.48
537,5.50
620,5.50
116,5.44
850,0.00
854,5.35
287,0.00
502,5.38
20,5.35
224,5.42
447,5.34
304,0.00
539,5.39
942,5.34
780,5.46
106,5.62
277,5.44
512,0.00
4,5.45
256,5.51
267,5.37
933,5.38
170,5.38
854,0.00
611,5.26
7,5.36
815,0.00
564,0.00
817,5.23
567,16.92
746,10.87
66,5.18
810,0.00
205,5.18
943,0.00
851,5.28
986,5.35
26,5.42
895,5.30
832,5.29
601,5.27
710,5.34
571,5.39
537,5.53
386,0.00
564,5.41
307,5.39
93,5.34
983,5.44
99,5.54
903,5.46
888,5.44
822,5.55
309,5.40
689,5.37
543,0.00
468,5.51
184,5.57
556,5.48
51,5.55
296,5.56
64,5.55
857,11.07
525,5.62
80,0.00
143,5.51
499,0.00
381,5.60
810,0.00
934,16.91
240,5.67
192,5.60
249,5.69
210,5.70
276,5.67
67,5.72
398,5.73
565,5.61
15,5.61
487,5.62
479,5.58
835,5.61
405,5.62
203,5.57
854,0.00
206,5.57
506,5.60
677,5.63
797,5.70
240,5.52
921,5.49
427,5.64
761,5.65
742,0.00
202,5.50
415,5.58
436,0.00
985,0.00
861,5.42
982,0.00
174,5.61
393,0.00
960,5.64
208,5.70
930,5.62
51,5.69
286,5.67
98,5.71
853,0.00
629,10.90
577,5.74
147,5.75
453,0.00
343,5.61
935,5.71
129,5.77
67,5.65
708,0.00
62,5.57
231,5.52
157,5.45
597,0.00
13,5.41
559,0.00
46,5.36
224,5.23
314,5.27
537,0.00
53,5.21
538,0.00
380,5.23
714,5.19
831,5.18
886,5.24
709,5.25
883,0.00
228,5.28
8,5.23
47,5.32
766,0.00
746,5.14
892,0.00
174,5.28
670,5.20
818,5.21
860,5.21
342,0.00
264,5.03
822,5.12
792,10.86
104,5.14
506,5.06
880,5.17
299,5.16
674,5.11
196,5.12
483,5.15
881,0.00
853,5.26
127,5.23
108,5.29
59,5.30
784,0.00
785,5.12
196,5.28
985,0.00
881,5.27
968,5.40
898,10.97
280,5.31
518,5.37
721,5.47
458,5.51
491,5.42
363,5.36
89,5.45
451,0.00
526,5.27
656,0.00
138,5.22
593,0.00
835,0.00
344,5.23
268,5.26
863,5.20
226,5.20
188,0.00
433,5.10
675,0.00
581,0.00
65,5.24
431,5.24
617,0.00
559,10.89
280,5.32
356,5.15
444,5.15
739,5.13
132,5.19
579,5.26
728,5.32
307,5.37
377,5.35
886,0.00
464,5.34
40,5.42
888,5.38
69,5.48
444,5.39
775,0.00
976,5.43
236,5.47
437,0.00
867,5.41
310,5.44
546,5.31
452,5.33
205,0.00
954,5.30
776,5.36
15,5.42
311,0.00
473,0.00
5,5.32
837,0.00
777,16.19
630,10.69
192,5.37
812,5.31
91,5.17
328,5.02
610,0.00
917,5.07
289,5.06
142,4.98
771,4.97
583,4.97
681,5.06
538,4.95
466,0.00
64,4.93
654,0.00
700,4.90
734,4.80
652,4.89
270,4.74
378,4.84
128,4.85
348,4.72
904,4.81
850,4.83
384,5.02
41,4.94
78,4.97
832,4.87
721,0.00
801,4.98
67,5.04
224,5.14
190,5.04
102,5.04
522,0.00
574,0.00
429,4.93
618,5.03
386,5.05
245,5.08
131,5.00
603,0.00
443,4.84
71,4.99
487,0.00
725,4.88
378,4.90
548,10.16
917,5.11
241,4.94
419,0.00
488,0.00
390,4.83
645,0.00
84,4.75
882,0.00
15,4.76
956,4.75
35,4.87
743,0.00
618,4.75
202,4.69
251,4.75
939,0.00
373,4.73
937,4.78
125,4.88
191,4.75
537,0.00
752,4.70
733,4.69
654,4.75
657,4.73
898,0.00
400,4.82
384,4.79
817,0.00
989,15.38
218,15.20
323,10.08
983,10.12
122,4.91
610,4.91
722,0.00
948,5.09
386,5.11
658,5.08
680,5.22
900,5.23
682,5.46
835,5.39
205,5.28
115,5.37
843,0.00
842,5.51
537,0.00
706,5.47
939,0.00
901,26.66
905,5.51
192,5.46
135,5.45
837,0.00
938,5.34
505,5.40
796,0.00
243,5.41
403,5.38
44,5.44
275,5.44
154,5.44
877,0.00
672,10.43
35,5.39
476,5.35
354,0.00
171,5.41
713,10.21
566,5.41
208,5.34
358,5.37
780,0.00
860,10.42
372,5.33
369,5.37
434,5.34
562,0.00
547,5.39
1,5.38
495,0.00
673,5.28
248,5.40
333,5.31
816,0.00
343,5.36
495,0.00
742,0.00
623,0.00
357,5.40
719,5.40
420,0.00
967,5.53
679,5.50
677,0.00
721,5.46
273,5.54
956,0.00
980,5.48
823,21.09
599,10.43
31,5.61
746,5.58
31,5.47
883,10.60
311,5.59
924,10.47
977,0.00
704,5.46
272,5.31
67,5.41
535,0.00
928,10.56
823,0.00
315,5.19
536,0.00
945,0.00
818,5.22
809,5.25
588,0.00
956,5.28
944,5.29
373,5.33
883,5.18
536,0.00
918,5.30
239,5.24
117,5.22
833,5.16
594,5.23
400,5.29
516,5.29
880,5.28
186,5.33
839,10.72
177,5.36
471,0.00
529,0.00
223,5.40
762,0.00
666,5.40
982,5.35
3,5.44
640,10.70
752,5.43
977,5.49
332,5.51
655,5.43
810,10.83
959,5.43
67,5.50
524,5.57
167,5.54
765,5.54
453,5.48
211,5.55
131,5.40
282,5.32
882,0.00
790,0.00
538,10.81
960,5.28
630,10.76
169,5.31
25,5.34
528,0.00
973,5.32
604,0.00
806,5.22
431,0.00
826,0.00
419,0.00
796,5.39
983,21.25
256,5.50
69,5.31
214,10.85
328,11.03
129,5.38
337,5.46
807,10.75
837,5.39
375,5.44
974,5.40
51,5.29
244,5.29
957,10.59
216,5.47
572,5.33
33,5.41
867,0.00
993,5.33
411,5.27
311,0.00
448,5.29
34,5.23
835,5.19
406,5.20
960,10.40
73,5.22
27,5.21
609,0.00
981,5.11
78,5.08
626,0.00
344,5.14
659,0.00
617,0.00
776,5.25
59,5.13
553,5.11
706,10.44
686,10.46
30,5.28
317,5.15
371,5.09
611,0.00
911,10.46
11,5.20
569,0.00
279,5.14
227,5.03
804,5.10
5,5.11
373,0.00
401,4.95
595,5.06
999,15.87
618,5.04
146,5.09
70,5.05
950,0.00
701,5.05
609,5.09
531,5.16
558,5.14
995,5.16
465,5.24
592,10.58
939,5.35
430,0.00
80,5.29
113,10.60
943,5.28
184,5.15
201,5.21
22,5.08
81,5.17
673,5.03
777,0.00
188,5.22
421,5.13
517,5.07
442,5.06
894,0.00
212,4.95
130,5.08
645,0.00
841,15.99
471,5.08
991,10.66
64,5.13
171,5.13
770,0.00
323,5.27
568,0.00
524,5.21
470,5.28
161,5.37
921,0.00
217,10.77
712,10.79
194,5.41
380,0.00
239,0.00
358,0.00
477,5.32
81,5.45
453,5.28
359,0.00
695,10.70
441,5.47
530,5.31
826,10.75
890,5.55
973,5.66
340,5.59
621,0.00
208,5.59
235,5.71
469,5.62
839,0.00
750,5.75
935,5.59
602,0.00
872,0.00
581,0.00
886,5.82
333,5.79
17,5.72
58,5.80
107,5.89
198,5.78
521,5.71
48,5.72
787,0.00
524,0.00
936,16.28
981,0.00
165,5.80
465,10.89
287,5.76
892,5.74
569,5.75
31,5.66
778,0.00
409,5.59
402,0.00
389,5.59
527,0.00
968,0.00
305,5.60
590,10.94
560,5.59
376,5.60
213,5.65
615,0.00
649,5.71
264,5.66
29,5.73
762,5.65
387,5.68
47,5.64
327,5.53
70,5.53
840,0.00
549,5.59
449,5.57
409,10.61
140,5.67
398,0.00
451,5.54
69,0.00
154,5.70
851,0.00
181,5.55
187,5.55
139,5.48
646,0.00
399,5.35
850,0.00
995,0.00
826,5.34
99,0.00
197,5.38
947,5.36
165,0.00
279,5.50
354,5.41
796,5.28
168,5.31
286,5.26
744,0.00
735,10.80
987,5.19
159,5.09
499,0.00
262,10.81
984,5.09
261,0.00
90,5.14
74,5.14
903,5.02
598,5.12
687,0.00
382,10.81
564,5.22
269,5.23
168,5.14
250,5.10
414,4.99
29,5.02
108,4.95
648,4.93
744,4.99
832,5.00
48,4.83
366,4.90
164,4.98
508,4.94
640,0.00
942,4.95
440,4.95
589,10.70
398,0.00
979,4.95
505,5.05
454,4.90
901,5.12
472,5.05
186,5.08
437,4.96
94,4.94
144,4.92
658,0.00
649,4.92
47,4.91
170,4.90
432,0.00
496,4.98
506,0.00
306,4.82
366,4.83
32,4.77
765,0.00
828,4.82
874,10.58
444,0.00
159,4.90
558,4.88
113,5.02
751,0.00
480,4.99
908,0.00
368,4.92
711,4.96
759,4.93
880,4.99
511,5.05
988,5.13
518,5.18
657,0.00
827,5.23
246,5.28
234,5.20
45,5.27
889,5.11
923,10.56
623,5.21
150,5.15
740,5.20
577,0.00
253,5.34
768,5.35
456,5.36
809,0.00
418,10.53
724,5.38
44,5.39
246,5.32
721,5.19
303,0.00
305,5.22
59,5.22
298,5.11
338,0.00
218,0.00
666,0.00
936,5.09
200,5.07
261,5.08
82,5.14
605,0.00
314,5.11
259,5.09
254,5.02
427,0.00
796,5.13
796,15.85
762,5.09
301,5.25
760,0.00
268,5.19
678,0.00
411,10.29
698,5.23
481,10.21
351,5.16
930,10.16
240,5.14
777,10.17
242,5.20
477,0.00
65,5.19
975,0.00
558,5.19
758,0.00
870,5.25
427,5.31
661,5.27
407,0.00
631,5.35
795,5.27
148,5.47
349,5.39
657,5.39
716,0.00
870,5.57
157,5.48
5,5.46
842,10.39
227,5.55
694,0.00
500,5.51
754,5.37
191,5.40
49,5.42
440,0.00
725,10.32
617,5.37
470,5.36
251,5.23
369,5.22
812,5.21
682,5.30
292,5.15
565,0.00
262,5.10
768,0.00
600,5.13
855,5.11
758,15.70
168,5.14
116,5.06
197,5.00
267,4.97
856,4.93
831,10.19
324,4.88
290,0.00
533,0.00
855,4.92
918,4.91
179,4.92
307,5.13
809,0.00
392,5.01
248,5.09
112,5.10
158,5.06
308,5.02
306,5.03
351,5.05
529,5.04
366,5.12
578,0.00
142,10.22
869,5.04
230,5.06
80,0.00
657,5.09
982,0.00
559,4.98
80,5.12
380,0.00
739,5.02
608,5.00
581,5.06
859,5.05
944,0.00
315,4.94
627,5.02
586,0.00
417,5.05
114,5.15
953,0.00
3,5.03
312,4.97
564,0.00
216,5.01
840,0.00
777,4.90
331,4.92
260,4.92
580,0.00
150,4.93
321,4.89
459,4.81
85,0.00
246,4.91
189,4.81
357,0.00
609,0.00
282,4.84
658,4.91
481,4.96
4,4.90
26,4.87
405,4.87
472,0.00
768,10.32
774,10.24
199,5.01
490,0.00
698,15.26
324,5.05
713,4.95
510,5.00
873,0.00
248,4.94
589,4.94
222,4.95
219,4.98
99,4.99
986,0.00
833,5.06
659,5.15
739,5.06
745,10.05
852,5.17
852,10.19
340,5.26
953,5.20
759,5.38
294,5.39
553,10.17
415,5.41
135,5.50
109,5.45
127,5.32
718,0.00
500,5.23
453,0.00
906,0.00
611,0.00
505,5.20
413,5.19
452,5.34
703,0.00
756,0.00
763,5.30
725,5.41
535,10.28
950,10.28
118,5.48
26,5.28
767,0.00
424,5.29
575,0.00
861,10.31
636,10.29
18,5.23
410,10.47
457,5.30
720,5.34
3,5.22
653,0.00
345,5.25
880,0.00
490,5.14
132,5.22
736,5.28
785,5.32
66,5.28
831,5.25
277,0.00
235,5.37
105,5.43
723,5.24
819,5.29
645,0.00
789,5.32
571,0.00
124,5.31
944,0.00
587,5.35
392,5.44
677,5.43
191,0.00
273,5.48
390,0.00
472,5.45
211,5.35
863,5.31
110,5.32
380,0.00
630,10.37
556,5.36
527,5.31
916,5.31
401,5.33
746,0.00
576,5.34
22,5.46
33,5.33
177,5.25
938,0.00
187,5.29
281,0.00
999,0.00
786,5.26
403,15.31
566,0.00
317,5.15
37,5.13
49,5.06
535,4.98
819,5.02
746,15.35
98,5.16
81,5.02
630,0.00
732,5.08
252,5.15
146,5.14
72,5.03
543,0.00
458,4.97
271,4.89
374,0.00
898,10.25
415,4.97
846,5.04
322,5.05
205,0.00
343,5.04
367,5.05
472,4.98
367,0.00
533,5.06
562,5.15
94,5.25
560,5.02
7,5.05
805,5.04
110,5.15
623,10.37
695,5.12
318,5.17
13,5.05
65,5.02
259,4.99
599,4.93
448,0.00
796,4.98
963,10.21
516,0.00
574,0.00
526,4.95
807,5.01
718,5.05
139,0.00
676,5.03
839,0.00
747,5.07
908,5.06
290,0.00
768,10.42
976,5.11
104,5.09
641,4.95
613,5.01
119,4.98
943,10.57
799,5.15
638,5.16
92,5.13
961,5.11
482,0.00
796,5.24
67,5.36
901,0.00
912,0.00
823,10.81
127,5.40
460,0.00
421,5.44
227,5.49
894,5.37
601,5.46
487,5.43
577,5.43
352,5.57
593,5.51
826,5.63
525,5.49
751,5.63
369,5.69
591,0.00
672,5.78
934,0.00
353,5.83
335,5.83
162,5.96
995,5.84
244,5.88
107,5.89
57,5.93
930,5.93
832,0.00
587,0.00
509,5.92
774,5.92
447,0.00
590,5.90
210,5.97
986,16.49
143,5.98
318,5.91
254,5.96
639,0.00
257,10.90
514,10.97
554,0.00
850,0.00
255,5.89
616,5.97
878,6.06
271,6.11
715,6.15
327,6.15
433,6.09
153,6.16
213,0.00
209,6.04
729,0.00
963,6.02
304,6.11
457,6.04
429,6.13
241,6.05
363,6.11
884,11.03
972,6.07
382,6.20
449,6.01
586,0.00
677,6.10
797,6.19
748,6.20
576,6.28
819,6.23
368,0.00
342,6.25
188,6.17
1000,0.00
614,11.28
736,6.24
130,6.26
384,6.14
619,6.17
209,5.97
40,6.06
92,6.02
892,0.00
117,5.85
388,5.86
60,5.87
91,5.82
684,0.00
852,11.24
551,5.82
854,5.93
335,5.99
14,5.88
24,5.85
273,5.73
486,5.76
528,5.79
513,0.00
489,5.68
704,5.53
789,5.53
354,5.38
936,5.41
319,5.42
154,5.50
155,5.46
691,5.47
825,5.49
738,5.53
995,5.63
191,5.59
734,0.00
895,5.53
252,5.49
525,0.00
485,0.00
99,5.46
757,5.46
924,11.33
834,5.59
516,5.52
955,5.65
473,5.66
433,5.70
387,5.66
315,5.61
51,5.56
288,5.53
454,5.34
860,11.44
382,5.40
76,5.47
434,5.45
430,5.46
835,0.00
296,5.28
924,0.00
422,5.38
78,5.44
923,5.37
98,5.47
582,0.00
623,5.33
590,5.45
142,5.46
775,0.00
343,5.25
800,0.00
658,11.45
568,11.40
758,5.34
770,0.00
885,5.30
679,5.36
928,0.00
958,5.47
360,0.00
858,5.55
522,0.00
831,5.52
857,0.00
164,5.66
93,5.70
447,0.00
181,5.56
707,0.00
294,5.59
467,5.49
347,5.55
424,5.40
850,5.36
576,0.00
45,5.41
948,5.57
503,5.58
863,5.69
238,5.72
395,5.62
777,5.64
840,5.71
652,5.72
911,5.53
291,0.00
13,5.68
19,5.69
485,0.00
502,5.66
263,5.60
812,0.00
836,11.13
181,5.65
174,5.74
649,0.00
844,11.24
506,5.68
132,5.66
376,5.65
644,0.00
95,5.72
725,11.22
368,5.61
485,5.56
761,5.59
789,5.55
514,5.54
239,5.57
537,0.00
372,0.00
708,0.00
389,5.57
748,10.93
135,5.70
344,5.52
818,5.52
153,5.72
28,5.62
213,5.54
118,5.44
260,5.38
74,5.44
68,5.33
277,5.36
721,10.67
19,5.34
744,0.00
939,5.30
562,0.00
681,5.43
893,0.00
839,10.77
728,0.00
666,5.49
242,5.53
47,5.56
351,5.45
693,5.38
878,5.41
758,5.37
498,5.38
413,5.27
82,5.22
253,5.12
661,0.00
354,5.11
454,5.10
777,0.00
661,5.17
684,5.19
560,5.25
297,5.34
116,5.29
25,5.27
449,5.28
300,5.21
601,10.71
205,5.31
831,0.00
505,5.26
630,5.35
674,0.00
412,0.00
874,10.96
193,5.40
389,0.00
603,5.28
743,5.21
452,0.00
796,5.24
284,5.41
87,5.31
957,5.31
79,0.00
839,0.00
915,5.22
468,0.00
951,11.10
882,5.56
122,5.57
640,5.47
739,5.54
851,5.64
180,5.63
98,5.66
759,0.00
273,5.68
512,0.00
500,5.72
934,16.82
213,5.67
595,5.58
200,5.55
940,5.66
110,5.84
617,0.00
288,5.77
485,0.00
412,5.71
413,0.00
794,11.36
578,5.74
172,5.82
821,5.80
444,5.91
94,5.95
127,5.96
679,0.00
531,0.00
404,6.03
729,0.00
488,6.06
496,0.00
480,5.92
913,0.00
965,5.96
10,5.94
232,5.95
143,5.79
284,5.85
539,0.00
423,5.86
846,11.03
984,5.97
235,5.75
854,0.00
609,11.15
16,5.87
668,5.89
584,0.00
442,0.00
357,5.92
126,0.00
384,0.00
950,0.00
268,5.85
10,5.92
701,0.00
107,5.92
589,5.86
711,0.00
738,0.00
21,5.75
512,5.72
564,0.00
352,5.72
823,16.75
16,5.87
868,5.72
445,5.81
752,5.82
142,5.76
560,0.00
549,0.00
215,5.78
570,0.00
806,5.85
227,5.75
291,5.61
650,0.00
334,5.47
981,0.00
856,0.00
990,5.38
36,5.40
263,5.29
887,5.42
712,5.37
492,5.39
693,16.70
950,16.63
144,5.41
502,0.00
623,5.35
814,0.00
357,5.33
274,5.33
155,5.33
175,5.39
315,5.31
439,5.21
412,0.00
913,5.09
303,5.14
313,5.15
150,5.17
483,0.00
470,5.09
958,0.00
404,5.12
731,0.00
427,5.14
733,0.00
364,11.07
771,5.15
306,5.17
456,0.00
184,5.15
136,5.09
884,5.05
186,5.13
818,0.00
837,5.11
38,5.05
922,0.00
836,16.26
228,10.97
157,5.08
78,5.02
685,4.92
670,4.91
513,4.96
298,0.00
894,0.00
399,4.94
634,5.01
795,0.00
88,5.08
36,5.13
175,5.13
489,5.06
125,5.07
942,0.00
447,5.15
256,4.99
526,0.00
649,4.92
171,4.97
797,4.97
443,0.00
52,4.86
232,5.02
758,10.57
108,4.96
959,4.88
610,4.96
665,4.82
131,4.92
587,0.00
817,4.91
618,4.95
987,0.00
717,10.31
191,5.11
962,10.28
718,5.07
124,4.98
912,5.02
565,5.04
109,10.27
391,0.00
707,5.05
759,5.15
4,4.85
975,10.67
81,4.96
95,4.86
47,4.86
305,4.91
991,4.89
529,4.93
812,4.87
545,4.85
185,5.05
601,5.03
611,5.07
490,5.12
363,5.08
922,4.94
209,4.97
687,0.00
462,0.00
827,4.95
623,5.02
641,5.03
167,4.93
704,4.99
718,0.00
512,5.02
687,0.00
856,10.16
913,5.09
258,4.99
324,5.06
199,5.11
837,0.00
693,5.18
534,5.16
608,5.20
366,5.15
243,5.18
955,5.09
230,5.19
560,5.11
731,0.00
721,10.17
117,5.12
206,5.07
287,0.00
909,5.15
598,5.19
420,0.00
694,5.32
200,5.25
755,5.26
342,5.32
769,0.00
660,5.25
567,5.21
145,5.20
347,10.10
734,10.04
441,5.26
354,5.08
470,5.19
579,5.21
375,5.33
711,5.22
393,0.00
546,5.35
648,5.28
547,5.29
708,5.19
465,0.00
731,5.27
993,10.30
947,5.45
911,0.00
666,5.50
134,5.43
260,5.44
130,5.28
192,5.30
53,5.38
127,5.36
288,5.36
1000,0.00
754,5.45
311,5.45
315,5.46
317,0.00
936,10.30
635,5.47
859,5.57
636,5.62
208,5.66
943,0.00
588,0.00
144,5.55
818,5.50
983,5.59
242,5.45
50,5.55
309,5.44
169,5.39
651,5.39
445,5.40
887,5.34
200,5.45
461,0.00
448,5.42
540,0.00
318,5.43
837,0.00
606,10.56
513,0.00
760,5.40
313,5.53
241,5.45
355,5.45
956,5.45
855,0.00
779,5.46
273,5.42
364,0.00
812,5.41
690,0.00
479,5.46
621,5.46
216,5.54
949,0.00
87,5.40
858,5.46
673,0.00
347,5.41
951,5.43
907,5.53
357,0.00
342,0.00
475,0.00
673,5.66
504,5.59
496,5.53
713,5.53
720,5.62
854,5.48
169,5.53
491,0.00
30,5.55
499,0.00
514,0.00
478,5.26
97,5.27
311,0.00
944,5.37
851,0.00
99,5.27
605,0.00
458,5.39
713,5.22
511,0.00
262,5.43
251,5.28
461,0.00
536,5.26
588,0.00
279,5.28
730,0.00
209,5.25
726,0.00
931,5.19
212,5.26
843,0.00
367,5.28
826,5.17
422,0.00
910,5.29
459,5.30
641,5.36
720,0.00
886,5.43
328,5.49
22,5.49
610,5.49
458,5.50
721,5.46
199,5.49
143,5.48
488,0.00
382,5.47
588,0.00
678,5.50
500,5.50
229,0.00
332,5.46
698,0.00
828,5.45
868,16.12
470,5.58
308,5.55
436,5.57
987,5.47
702,10.83
331,5.54
343,5.46
1,5.48
125,5.48
868,5.39
554,5.40
376,0.00
436,5.40
723,0.00
747,10.90
366,5.41
227,5.40
221,5.40
367,10.85
337,10.75
869,5.37
331,5.32
194,5.25
522,5.20
102,5.22
177,5.06
956,5.09
120,5.00
433,0.00
916,10.51
395,5.04
972,5.12
328,5.18
658,5.18
86,5.25
137,5.17
149,5.10
419,4.99
806,0.00
820,20.76
372,4.99
63,4.92
603,4.92
404,4.98
460,4.90
500,0.00
977,4.97
883,4.97
667,0.00
21,5.01
41,4.93
950,0.00
796,4.94
366,5.03
564,0.00
262,4.93
978,0.00
396,4.94
761,4.87
188,0.00
183,4.90
999,0.00
551,4.91
982,4.96
627,5.01
439,0.00
206,4.87
73,4.95
315,4.83
134,4.81
292,4.81
607,0.00
496,4.76
513,0.00
862,0.00
618,4.66
202,4.61
926,10.25
970,4.76
668,4.76
733,4.71
43,4.72
285,4.64
292,4.68
541,4.70
36,4.78
383,4.59
185,4.62
865,4.54
705,10.01
840,9.97
19,4.70
287,0.00
383,4.60
712,4.56
447,0.00
105,4.63
61,4.75
426,0.00
837,10.00
956,4.80
973,4.80
36,4.96
300,4.95
950,0.00
181,10.13
653,5.06
27,5.07
34,0.00
495,0.00
847,0.00
747,10.10
583,5.12
229,5.13
291,5.10
223,5.03
682,0.00
809,5.06
378,0.00
888,5.27
130,0.00
799,21.25
553,0.00
689,15.87
962,5.51
759,15.81
29,5.61
48,5.54
41,5.64
749,0.00
575,5.65
218,5.48
435,0.00
91,5.49
72,5.53
931,0.00
221,5.43
453,0.00
237,5.37
62,5.48
783,5.35
276,0.00
477,5.34
189,5.37
315,5.38
373,5.29
282,5.31
62,5.27
787,10.30
616,5.28
806,5.21
455,0.00
778,5.33
47,5.37
151,5.38
711,0.00
923,5.29
228,5.37
126,5.37
391,5.29
280,0.00
638,0.00
947,10.01
452,5.39
398,5.42
720,10.02
448,5.44
27,5.51
468,0.00
694,5.49
371,0.00
108,5.44
818,5.42
372,5.50
770,5.56
133,5.45
659,5.45
111,5.45
766,5.34
891,0.00
434,5.33
246,5.17
710,5.25
89,0.00
283,5.22
483,5.21
527,5.21
995,10.29
805,15.32
127,5.43
200,0.00
246,5.38
184,5.22
777,5.25
640,5.20
456,5.23
296,0.00
8,5.32
848,5.20
214,5.11
159,0.00
497,5.28
726,5.13
362,0.00
451,10.51
996,15.76
391,0.00
985,5.09
620,5.19
936,10.79
315,5.08
20,5.16
568,0.00
498,5.09
443,0.00
555,5.12
341,5.20
400,5.08
680,5.10
201,5.18
68,5.08
523,0.00
267,5.07
266,0.00
91,5.18
267,5.12
914,0.00
185,5.10
125,5.18
629,5.17
47,5.23
946,10.52
738,5.30
717,5.31
454,5.26
64,5.27
939,0.00
915,10.61
48,5.19
356,5.24
692,5.40
660,0.00
495,5.41
715,5.32
508,0.00
685,10.75
304,5.36
734,0.00
661,5.36
631,5.47
378,5.38
78,5.33
894,0.00
797,5.27
55,5.37
218,5.34
307,5.35
95,0.00
222,5.26
448,5.23
265,5.25
710,5.24
597,5.27
936,5.29
864,5.20
83,5.20
72,5.11
234,5.14
660,0.00
120,5.17
796,5.04
627,0.00
913,5.12
509,5.22
509,5.10
624,5.13
807,5.15
26,5.03
763,5.02
241,5.15
226,4.98
604,5.00
446,5.03
64,4.94
990,4.85
953,0.00
876,10.05
502,9.97
572,4.97
236,4.98
160,0.00
670,4.84
141,4.92
683,0.00
986,4.86
705,0.00
637,4.82
667,4.91
404,0.00
617,0.00
724,4.93
174,4.86
186,4.86
179,4.85
127,4.84
260,4.77
871,0.00
262,10.05
534,4.94
987,4.73
727,4.81
22,4.79
774,4.84
980,4.93
113,4.74
594,0.00
56,4.76
516,4.76
886,0.00
175,4.75
1,4.81
491,0.00
952,15.51
729,4.74
756,9.98
98,4.69
86,4.69
253,4.67
222,4.57
878,0.00
450,4.65
222,0.00
120,4.67
304,4.67
834,4.67
344,4.67
984,9.92
501,4.70
378,0.00
903,4.73
672,4.79
637,0.00
418,4.79
828,4.84
358,4.89
729,4.89
293,0.00
595,4.95
750,0.00
678,0.00
72,4.94
661,9.92
343,4.96
594,4.81
837,5.11
304,4.88
81,4.92
9,4.96
55,4.88
672,4.94
667,5.00
813,9.77
812,9.84
399,4.77
440,4.86
904,9.69
111,4.98
669,4.87
928,0.00
850,4.95
157,5.11
273,5.05
190,5.10
204,5.02
4,5.04
645,0.00
820,4.92
790,9.77
471,4.84
839,4.96
477,5.02
457,5.08
398,0.00
709,5.03
968,5.04
615,5.18
648,5.16
125,5.26
35,5.15
824,5.08
355,0.00
612,5.27
679,5.09
777,15.33
962,5.34
459,5.17
173,5.27
13,5.31
867,5.33
690,10.14
96,5.41
50,0.00
388,0.00
945,9.92
994,0.00
276,5.49
938,0.00
307,5.47
656,5.55
283,5.65
595,5.67
960,5.67
860,0.00
496,5.85
900,10.46
664,5.79
141,5.70
840,10.54
351,5.66
240,5.65
941,5.54
427,5.75
365,5.58
53,5.61
247,5.48
607,5.44
24,5.53
13,5.49
851,0.00
887,10.54
622,5.43
529,5.54
905,5.55
983,10.51
134,5.56
312,5.65
642,5.66
318,5.73
46,5.61
531,10.53
158,5.58
150,0.00
504,5.65
122,5.62
989,0.00
916,20.44
438,5.63
545,5.73
531,5.74
7,5.60
598,0.00
486,5.40
707,0.00
358,5.56
272,5.63
163,5.64
403,0.00
363,5.65
497,0.00
551,5.67
764,0.00
781,10.84
874,0.00
422,5.73
851,5.74
571,5.85
799,5.86
561,0.00
611,5.99
502,5.74
684,5.75
86,5.89
441,0.00
861,5.75
913,5.81
364,5.80
899,5.75
50,5.76
306,5.68
394,5.60
359,5.65
285,5.58
730,5.58
944,10.95
918,5.64
889,11.11
406,11.07
858,11.03
327,5.64
277,0.00
179,5.54
402,5.54
261,5.55
534,5.48
757,0.00
836,5.45
223,5.49
752,11.06
160,5.33
331,5.38
74,5.26
866,5.42
403,5.31
838,0.00
50,5.38
423,5.36
348,5.39
48,5.30
875,5.30
333,5.26
594,5.30
894,5.28
20,5.44
330,5.31
932,5.34
402,5.43
454,5.29
909,5.27
336,5.41
807,5.38
525,0.00
135,5.42
214,5.48
768,0.00
426,5.37
620,0.00
779,16.07
821,5.48
401,5.51
323,5.57
791,0.00
102,5.46
674,0.00
282,5.44
769,0.00
525,5.47
2,5.48
145,5.41
781,0.00
749,11.14
752,5.36
483,0.00
724,5.43
724,5.49
584,0.00
194,5.37
413,0.00
538,5.33
455,5.34
753,0.00
411,5.30
688,0.00
253,5.32
740,0.00
890,0.00
126,5.29
797,5.36
757,0.00
194,5.41
337,0.00
999,5.35
712,5.54
240,5.39
743,5.42
691,5.49
996,10.95
708,5.49
820,5.50
763,0.00
538,5.65
97,5.58
506,5.53
42,5.61
204,5.57
213,5.57
985,5.49
526,5.56
610,10.94
517,5.63
314,5.52
742,10.96
353,5.67
39,5.59
847,5.65
479,5.71
683,5.53
8,5.69
26,5.59
278,5.60
414,0.00
447,5.57
379,5.66
154,5.66
898,5.64
602,5.80
390,0.00
667,10.98
435,0.00
671,5.59
378,5.63
464,0.00
292,5.50
769,5.51
519,0.00
748,5.63
558,5.63
312,5.47
831,5.49
480,0.00
900,11.11
278,5.71
347,0.00
235,5.53
384,5.59
873,5.45
74,5.54
36,5.45
923,0.00
190,5.58
928,5.49
124,5.58
942,5.57
791,5.55
62,5.67
864,5.64
184,0.00
361,0.00
941,5.52
558,5.55
522,5.55
88,5.64
305,5.55
437,5.62
225,5.48
752,0.00
743,5.53
196,5.61
220,5.48
498,0.00
902,5.51
494,5.43
1,5.54
4,5.40
294,0.00
930,10.80
212,5.52
809,0.00
853,5.42
33,5.45
679,5.44
792,5.47
138,5.35
694,10.83
908,5.45
745,0.00
854,5.29
360,5.29
519,0.00
659,5.36
87,5.41
822,0.00
194,5.44
899,5.29
592,0.00
629,5.31
791,5.38
204,5.44
651,0.00
858,5.35
54,5.38
174,5.46
414,5.49
827,0.00
805,5.49
139,5.53
706,5.38
751,5.55
410,5.45
304,5.48
633,5.50
643,11.07
300,5.64
132,5.44
418,0.00
88,5.53
32,5.57
758,0.00
834,11.03
294,5.40
264,0.00
397,0.00
522,5.42
142,5.45
26,5.50
620,0.00
147,5.26
568,0.00
828,0.00
115,5.30
578,0.00
55,5.25
55,5.25
895,5.16
597,5.25
738,0.00
538,5.12
676,0.00
555,5.23
590,0.00
728,5.23
273,5.31
587,0.00
819,0.00
970,0.00
817,10.81
649,5.33
222,5.40
426,5.33
729,0.00
58,5.26
149,5.32
786,0.00
398,5.25
572,5.23
811,0.00
723,5.28
525,0.00
3,5.28
668,5.27
292,5.28
952,5.30
54,5.31
743,10.51
658,5.27
656,5.16
552,0.00
912,10.52
174,5.15
427,5.20
564,10.51
912,5.25
27,5.28
450,0.00
255,0.00
553,10.57
616,5.26
97,5.22
993,5.15
615,0.00
14,5.19
749,5.07
512,0.00
833,0.00
810,5.11
947,5.17
912,5.26
131,5.08
395,0.00
763,10.66
409,5.29
784,5.21
483,5.28
485,0.00
464,5.17
620,5.20
822,10.77
65,5.36
726,0.00
624,5.27
667,5.27
194,5.40
227,5.44
616,0.00
978,10.76
941,5.46
242,5.50
641,0.00
323,5.59
320,5.63
976,0.00
929,5.60
864,5.72
118,5.77
654,5.66
111,5.68
353,5.60
926,5.60
788,5.70
304,0.00
992,21.62
271,5.66
315,5.57
32,5.48
690,5.46
222,5.54
407,0.00
263,5.46
984,5.55
106,5.61
687,5.51
623,10.78
853,5.64
120,5.70
41,5.63
475,0.00
328,5.64
334,5.59
436,0.00
613,5.60
221,5.68
190,5.57
107,5.56
740,10.79
510,5.51
42,5.44
16,5.44
706,10.69
840,5.45
420,0.00
475,5.55
985,0.00
199,5.54
562,5.54
116,5.54
279,0.00
435,10.77
73,5.75
237,5.62
982,0.00
823,5.64
735,5.73
686,5.80
443,0.00
743,5.73
648,5.75
147,5.87
690,0.00
148,5.87
17,5.83
169,5.74
521,5.84
714,5.91
209,5.88
717,0.00
977,10.92
487,5.77
379,5.75
78,5.74
892,11.12
375,5.74
303,10.93
91,5.77
142,5.63
286,5.50
248,5.54
189,5.58
520,0.00
275,5.44
779,0.00
633,0.00
379,5.36
843,5.28
216,0.00
990,0.00
831,0.00
938,5.29
860,10.96
450,5.38
696,5.39
662,5.35
875,0.00
20,5.35
790,11.02
258,5.50
867,5.34
792,5.38
359,5.31
805,5.37
771,5.39
843,5.49
711,5.58
336,5.54
175,5.67
703,0.00
334,5.56
563,5.57
922,5.46
928,0.00
978,5.61
461,0.00
756,5.64
551,5.69
556,0.00
30,5.71
15,5.78
507,11.30
201,5.77
325,0.00
314,5.83
82,5.74
178,5.78
193,5.69
985,0.00
666,5.68
246,5.66
635,5.66
603,0.00
281,5.70
781,0.00
350,5.70
470,5.64
794,0.00
300,5.43
376,5.48
561,0.00
608,0.00
125,5.50
23,5.52
678,5.33
173,5.38
898,5.42
83,5.42
805,5.35
571,0.00
469,0.00
901,5.48
398,5.54
674,0.00
928,11.30
226,5.48
843,16.45
525,11.28
327,5.48
135,5.59
403,5.48
279,5.54
101,5.49
14,0.00
156,5.59
105,5.47
762,5.44
793,5.52
31,5.54
952,10.74
410,5.52
600,5.38
46,5.48
185,5.44
979,0.00
923,10.76
377,5.55
924,0.00
411,5.44
650,5.56
637,0.00
297,5.60
239,5.52
990,0.00
812,10.96
977,5.66
178,5.73
791,5.63
695,5.66
865,0.00
414,5.42
547,0.00
228,5.36
469,0.00
561,5.48
378,5.34
351,5.26
578,0.00
446,5.29
42,5.24
567,5.18
783,0.00
737,5.28
415,5.37
510,0.00
384,5.28
918,5.32
722,5.40
276,5.56
429,0.00
552,5.42
24,5.50
496,5.49
234,5.58
526,5.42
710,11.07
954,0.00
593,5.41
794,16.73
443,5.51
163,5.43
24,5.42
907,5.34
350,5.42
607,0.00
225,5.43
866,5.42
171,5.54
741,5.41
969,5.43
184,5.52
543,5.38
147,5.46
531,5.29
639,5.37
515,0.00
945,0.00
186,5.47
821,0.00
613,11.12
561,16.81
645,5.56
9,5.54
52,5.49
549,0.00
18,5.46
690,0.00
709,5.40
461,5.46
987,0.00
323,5.35
640,0.00
499,5.25
589,0.00
212,5.24
527,5.10
920,0.00
253,5.11
805,5.17
200,5.15
562,10.73
254,5.06
857,0.00
429,5.07
497,5.07
121,4.97
605,0.00
955,10.40
698,5.09
243,5.06
861,10.52
151,5.18
162,5.11
900,0.00
80,0.00
903,5.17
821,5.17
865,5.18
652,0.00
121,5.08
796,0.00
733,5.20
653,5.30
317,5.22
112,5.23
872,5.07
523,5.16
556,0.00
291,5.07
962,5.18
552,5.18
877,5.20
322,5.31
532,5.15
960,10.72
381,5.21
56,5.18
239,5.20
866,0.00
312,5.16
96,5.30
612,0.00
119,5.32
151,5.21
969,0.00
206,5.27
634,0.00
420,5.26
635,0.00
427,5.17
710,5.24
54,5.25
97,0.00
336,5.27
570,0.00
794,5.27
100,5.28
470,5.19
526,0.00
310,5.28
839,0.00
502,5.34
583,10.79
380,0.00
467,5.40
622,0.00
971,5.44
666,0.00
530,5.55
121,5.59
574,5.54
521,5.51
908,5.43
814,5.44
89,5.56
982,5.59
303,5.59
289,5.65
40,5.55
419,0.00
575,5.52
414,5.50
97,5.57
796,5.56
541,0.00
668,0.00
770,10.67
989,10.80
286,5.73
385,5.61
983,5.83
360,5.88
446,5.90
419,5.80
861,5.83
416,5.84
67,0.00
972,5.79
518,5.79
374,0.00
478,5.89
326,5.78
823,5.78
410,5.73
517,5.70
910,0.00
11,5.75
271,5.64
631,5.66
821,5.74
462,5.62
879,5.72
590,5.83
862,5.82
587,0.00
773,5.82
206,5.82
674,0.00
67,5.76
215,5.78
615,16.39
386,5.77
57,5.70
17,0.00
17,5.78
971,5.64
910,5.70
663,5.78
874,0.00
114,5.76
307,5.77
835,0.00
651,5.76
252,5.78
292,5.68
61,5.82
125,5.67
552,5.57
806,0.00
820,5.68
425,0.00
624,22.03
348,16.55
575,5.62
831,11.08
5,5.80
822,11.03
334,5.67
808,5.71
598,0.00
229,5.70
428,0.00
509,5.73
76,5.76
826,5.80
726,5.87
547,0.00
566,0.00
958,5.75
441,0.00
784,11.39
132,5.98
417,0.00
1,5.83
156,5.88
753,5.77
237,5.82
172,5.75
589,5.75
242,0.00
49,5.88
117,5.84
720,0.00
379,5.62
152,5.62
366,5.57
732,0.00
468,5.46
190,5.50
749,5.46
966,5.46
597,0.00
167,5.38
216,5.32
113,5.37
784,16.14
229,5.37
38,0.00
599,11.24
987,5.42
400,5.44
357,5.25
663,0.00
452,5.27
834,5.28
482,0.00
233,10.99
558,5.20
169,5.07
480,4.99
289,5.06
588,0.00
266,5.09
482,0.00
725,5.04
737,5.10
9,5.18
738,0.00
754,5.12
830,0.00
624,5.16
9,5.23
867,5.22
31,5.32
690,5.22
867,0.00
607,5.30
55,5.29
78,5.36
215,5.21
324,5.21
512,5.21
229,0.00
737,10.85
143,5.31
369,5.32
307,0.00
43,5.20
237,5.27
317,5.17
799,0.00
872,0.00
735,10.90
247,5.20
357,5.15
588,5.05
434,5.00
106,5.04
932,0.00
277,5.08
399,5.01
46,5.08
676,0.00
450,4.99
857,0.00
215,4.98
578,4.90
396,4.96
450,0.00
980,4.94
342,5.01
968,5.09
507,0.00
657,0.00
454,5.15
166,5.15
72,0.00
944,5.16
850,5.17
506,0.00
495,0.00
282,5.28
575,5.21
403,0.00
491,10.65
746,5.31
328,5.37
508,0.00
633,5.25
351,5.28
487,0.00
828,10.63
921,10.68
949,5.46
502,0.00
489,5.38
878,5.32
29,5.33
859,10.47
869,5.40
988,10.36
131,5.52
595,5.40
970,0.00
534,5.52
350,5.52
327,5.56
404,5.62
349,5.53
417,0.00
193,5.56
418,0.00
905,0.00
390,5.36
244,5.27
464,5.27
425,0.00
806,5.29
22,5.32
99,5.32
546,5.32
997,5.39
63,0.00
967,5.48
93,5.33
585,5.31
63,5.25
191,5.25
420,5.29
883,0.00
591,5.20
872,5.41
168,5.21
125,5.25
811,0.00
575,5.27
778,5.27
355,5.20
372,5.29
158,5.24
112,5.26
256,5.10
618,0.00
52,5.10
633,5.04
442,0.00
630,5.22
664,0.00
50,5.15
340,5.15
709,0.00
300,5.05
312,5.05
270,0.00
482,5.14
399,5.16
992,10.36
38,5.15
488,0.00
514,5.09
430,0.00
143,5.09
858,0.00
85,5.14
683,0.00
743,5.13
428,0.00
499,5.10
778,5.11
386,5.21
764,10.44
264,5.20
436,5.00
129,0.00
894,5.11
852,0.00
648,5.20
979,5.21
608,10.62
557,10.55
494,5.34
321,5.35
238,5.32
939,5.30
620,5.35
138,5.39
81,5.22
984,0.00
331,5.22
811,5.25
60,5.14
731,5.19
315,5.19
567,5.26
196,5.30
644,5.15
583,5.23
440,10.53
440,0.00
424,0.00
88,5.03
124,5.11
424,5.09
620,5.13
664,5.15
736,5.16
606,5.22
810,5.26
310,5.33
832,0.00
268,15.69
645,10.70
187,5.32
588,0.00
896,5.30
156,5.40
272,5.49
924,0.00
751,5.38
297,5.47
89,5.55
234,5.47
547,5.43
609,5.50
273,5.56
281,5.57
973,0.00
711,5.48
415,5.54
107,5.53
489,5.53
654,0.00
884,5.52
120,0.00
351,5.56
141,5.56
603,0.00
191,5.52
528,0.00
806,10.76
906,5.52
131,5.60
296,5.51
241,5.43
840,0.00
155,5.38
307,5.48
704,0.00
752,5.43
650,0.00
541,5.52
142,5.46
973,5.45
990,15.89
537,5.50
742,10.71
115,5.52
664,10.78
795,5.49
377,0.00
616,5.48
566,0.00
937,10.70
716,10.57
306,0.00
862,5.31
515,5.38
624,10.56
851,5.48
155,5.30
683,0.00
953,10.52
898,5.46
624,5.54
130,5.51
240,5.37
895,5.45
581,5.51
122,5.42
755,0.00
717,10.64
90,5.43
577,0.00
935,10.65
78,5.20
881,0.00
935,5.16
710,0.00
137,5.19
141,5.19
54,5.21
563,0.00
80,5.14
614,5.05
883,5.07
677,0.00
381,5.03
288,5.10
613,5.08
808,0.00
297,5.02
829,5.09
60,5.21
7,5.15
24,5.08
30,5.09
369,4.99
528,4.97
458,0.00
31,5.03
52,5.10
992,0.00
238,4.95
808,10.38
894,5.07
361,5.03
481,0.00
78,5.07
625,4.99
359,0.00
153,5.12
625,0.00
927,4.98
21,5.09
870,5.09
158,5.16
233,5.05
977,5.07
474,5.08
738,0.00
562,5.14
455,0.00
539,5.09
539,5.14
80,5.15
452,5.11
758,0.00
665,5.11
25,5.07
963,10.42
194,5.06
581,10.34
285,5.07
771,10.29
888,10.40
120,5.01
481,4.97
374,0.00
859,10.30
43,4.93
977,0.00
772,10.35
265,4.99
864,15.65
292,5.02
911,10.50
66,5.09
171,5.00
744,5.08
639,0.00
396,4.99
383,0.00
521,10.39
849,10.40
923,5.00
773,5.26
476,0.00
385,5.00
162,5.04
489,4.96
60,5.00
863,4.98
444,5.00
260,4.94
169,4.86
374,4.91
811,4.97
646,5.08
273,4.89
203,4.91
910,4.80
538,4.93
291,5.03
126,5.01
421,5.07
18,5.08
558,0.00
886,4.97
829,5.02
105,5.12
392,5.14
430,5.04
986,10.18
476,5.01
911,5.13
225,5.12
206,0.00
373,5.00
542,0.00
889,5.08
198,4.99
770,0.00
712,0.00
219,5.15
672,5.14
9,5.14
55,5.11
4,4.94
951,0.00
456,0.00
392,0.00
989,4.98
2,5.03
592,4.96
31,5.02
29,5.05
766,5.07
638,5.09
445,0.00
945,5.09
30,5.11
597,4.98
705,9.95
435,5.07
102,5.07
432,0.00
503,4.93
384,0.00
738,4.97
671,0.00
737,15.43
534,4.96
829,5.06
503,4.90
434,4.97
773,5.08
484,5.12
29,5.13
960,10.08
11,5.19
67,5.03
897,10.29
687,5.14
469,5.16
494,10.26
405,5.17
980,0.00
961,10.42
471,5.26
848,0.00
808,5.30
38,5.33
163,5.41
991,0.00
712,10.39
355,5.45
241,5.54
807,0.00
378,5.44
657,5.48
211,5.50
55,5.43
519,0.00
537,5.35
584,0.00
861,5.36
90,5.48
685,0.00
793,5.53
92,5.54
42,0.00
38,5.53
42,5.50
492,0.00
231,5.52
387,0.00
622,0.00
29,5.39
723,0.00
761,10.51
776,5.44
496,5.45
155,5.36
10,5.37
176,5.33
331,5.23
594,5.13
595,0.00
570,5.31
459,0.00
789,5.25
762,5.42
373,5.43
379,5.30
97,5.30
715,5.34
923,5.43
480,5.37
554,5.31
256,0.00
675,5.36
435,5.37
266,0.00
937,15.46
361,5.30
580,5.43
471,5.38
62,5.21
105,5.29
174,5.31
662,0.00
510,5.26
659,5.33
17,5.40
330,5.27
766,10.19
600,5.23
20,5.23
356,5.26
592,0.00
639,5.19
472,0.00
100,5.15
845,0.00
413,0.00
405,0.00
695,10.27
276,5.15
187,5.04
640,0.00
902,4.98
832,0.00
656,4.87
301,4.97
474,0.00
596,4.91
629,5.03
302,4.88
205,4.89
785,0.00
629,4.83
515,0.00
681,4.89
997,0.00
368,4.96
562,4.83
261,4.85
600,4.83
873,0.00
863,4.82
47,4.86
187,4.86
940,4.87
265,4.90
362,4.84
388,4.75
489,0.00
720,4.83
229,4.83
973,4.82
699,4.94
3,5.03
214,4.97
34,4.88
265,4.87
401,0.00
498,4.75
447,0.00
732,4.83
936,4.94
837,0.00
847,0.00
239,4.77
745,4.78
961,4.88
687,0.00
400,4.77
879,10.20
322,10.31
702,4.90
346,4.96
804,4.97
315,5.09
202,4.98
694,0.00
272,4.99
763,0.00
750,5.08
739,10.38
957,5.17
67,5.20
414,5.03
511,5.10
27,5.18
759,0.00
352,5.12
193,5.22
397,5.14
145,5.20
494,0.00
783,10.27
54,5.14
240,0.00
472,10.15
168,5.11
691,5.09
883,5.04
808,5.16
752,0.00
336,5.16
626,0.00
626,0.00
780,5.19
820,5.21
797,5.31
65,5.34
318,5.22
857,15.62
400,5.41
805,10.03
514,0.00
762,0.00
364,5.17
689,0.00
751,5.18
443,0.00
759,5.05
873,5.24
833,10.07
741,5.34
967,5.37
187,5.34
676,0.00
996,5.28
155,5.38
261,5.29
457,5.26
260,5.32
447,0.00
668,5.41
816,5.36
173,5.47
373,0.00
824,5.37
30,5.38
432,0.00
685,5.39
913,10.25
222,5.48
953,5.47
202,5.59
799,5.49
455,5.49
14,5.55
969,15.69
700,5.59
216,5.59
164,5.52
948,5.53
540,0.00
193,5.37
478,5.38
562,0.00
747,5.41
596,5.47
492,5.56
383,0.00
822,0.00
78,5.41
786,5.41
165,5.33
884,5.25
473,0.00
310,5.30
950,5.25
717,5.27
336,5.48
690,5.49
559,5.50
989,10.78
762,0.00
563,5.72
503,5.60
376,5.59
965,0.00
802,5.54
296,5.61
432,5.53
182,5.58
394,0.00
922,5.52
626,5.53
349,5.57
192,5.48
831,10.81
990,5.58
265,5.52
517,0.00
680,5.59
97,5.54
163,0.00
52,5.70
678,5.62
196,5.67
732,0.00
914,5.53
498,0.00
500,10.89
224,10.84
16,5.61
339,10.85
921,5.54
151,5.55
205,0.00
170,5.54
749,10.87
145,5.61
57,5.45
346,0.00
637,5.53
236,5.61
133,5.54
300,5.59
102,5.51
230,0.00
351,0.00
195,5.50
406,0.00
617,5.47
333,5.53
610,5.55
552,0.00
735,5.39
97,5.39
444,0.00
822,10.92
197,5.43
811,5.45
287,5.36
353,5.38
733,5.42
533,5.52
373,5.39
290,5.39
485,5.46
365,5.55
959,5.40
151,5.50
34,5.43
407,0.00
752,5.24
388,5.26
592,0.00
891,5.29
732,5.36
958,10.86
824,5.47
176,5.57
144,5.64
343,5.53
913,0.00
638,5.65
948,0.00
417,5.65
458,5.56
170,5.63
34,5.69
877,11.06
349,5.52
280,5.48
943,0.00
84,5.46
707,0.00
871,5.38
87,5.40
330,5.34
188,5.31
791,0.00
508,5.36
497,0.00
881,0.00
888,5.48
408,5.49
552,5.47
894,5.53
173,5.53
23,5.44
963,11.16
323,5.53
15,5.38
339,5.38
746,5.33
863,5.46
307,5.50
425,0.00
503,5.46
991,0.00
174,5.49
903,5.45
659,0.00
983,5.41
570,5.38
690,5.40
469,5.40
246,5.45
632,5.35
18,5.43
271,5.42
972,5.39
543,5.50
120,5.48
698,0.00
173,5.43
30,5.50
275,5.32
431,0.00
849,5.39
509,5.40
264,5.39
373,5.37
710,0.00
607,0.00
975,5.47
97,5.40
391,10.90
468,10.83
724,5.52
816,5.47
943,0.00
153,5.58
53,5.57
810,0.00
621,5.54
163,5.60
623,10.97
369,5.58
758,11.00
303,5.63
203,5.45
36,5.58
532,0.00
133,5.36
827,0.00
771,5.38
636,0.00
243,5.37
89,5.35
291,5.35
905,5.35
572,5.48
477,5.35
441,5.32
981,5.39
183,5.56
908,0.00
281,5.66
881,5.62
166,5.73
1,5.65
268,0.00
561,0.00
336,5.60
270,5.60
789,0.00
211,5.52
917,0.00
805,10.91
109,5.59
535,5.60
528,5.43
661,5.62
834,5.68
629,5.78
578,5.61
588,0.00
849,5.65
796,0.00
829,11.12
515,5.87
278,5.72
335,5.79
411,5.79
419,5.77
748,5.70
670,5.72
866,5.87
266,5.80
360,5.83
50,5.79
993,5.86
537,5.92
364,5.74
582,0.00
579,5.79
264,5.85
736,0.00
770,5.88
441,0.00
748,5.88
633,0.00
853,5.74
637,5.82
936,5.83
496,0.00
296,5.78
433,5.79
757,5.78
533,5.68
6,5.79
398,0.00
305,5.74
737,5.61
595,0.00
415,5.73
271,5.70
267,5.70
235,0.00
282,5.83
389,5.73
788,5.73
419,0.00
976,5.72
949,5.82
588,5.82
20,5.76
632,5.72
51,5.86
353,5.86
672,5.75
196,5.87
844,5.83
561,5.95
491,5.90
561,5.71
481,0.00
550,0.00
992,5.74
799,5.69
433,5.70
788,5.68
579,5.68
566,5.68
660,0.00
77,5.69
13,5.69
748,0.00
940,0.00
890,5.47
496,5.53
131,5.64
880,5.50
940,0.00
166,5.47
658,0.00
80,5.44
436,0.00
588,5.50
35,5.54
913,0.00
221,5.61
958,5.50
972,11.22
538,0.00
453,5.62
368,5.55
954,5.57
779,5.58
73,5.66
558,0.00
390,5.58
263,5.58
267,5.63
326,5.54
916,0.00
909,11.45
848,11.46
625,5.59
430,5.71
742,11.34
411,5.49
998,11.42
644,0.00
998,11.29
284,5.59
767,11.49
550,5.75
410,5.63
82,5.59
140,5.56
199,5.59
558,0.00
622,5.47
413,0.00
199,5.46
141,5.44
210,5.43
73,0.00
583,0.00
917,11.17
345,5.34
337,5.32
302,5.17
73,0.00
466,11.01
119,5.29
92,5.19
573,5.13
116,5.04
821,0.00
794,5.03
202,5.06
757,0.00
785,10.65
548,5.00
762,4.91
994,4.96
217,4.97
331,0.00
990,5.01
312,5.02
319,5.13
980,5.05
604,0.00
586,5.14
892,0.00
848,5.18
73,5.27
2,5.22
293,5.12
553,0.00
455,5.09
407,5.07
58,5.08
241,5.04
710,0.00
985,4.85
501,0.00
460,4.95
760,10.47
620,4.98
191,4.76
862,4.84
813,4.97
808,4.86
174,5.09
588,5.00
855,5.01
624,0.00
861,5.02
207,5.07
553,4.97
899,10.81
48,5.08
860,4.96
820,10.53
770,5.06
133,5.10
921,0.00
330,5.12
625,0.00
74,5.11
912,0.00
483,5.09
712,10.73
847,10.60
316,5.12
320,5.09
727,5.11
822,10.59
41,5.22
587,0.00
722,5.15
524,5.27
383,5.25
327,5.19
926,5.20
515,0.00
133,5.23
997,5.19
741,5.23
218,5.25
110,5.12
209,5.24
473,0.00
621,5.16
449,0.00
384,5.20
435,0.00
271,5.20
162,5.23
508,5.16
667,0.00
555,5.13
280,5.22
39,5.03
865,10.08
890,4.97
165,4.99
639,0.00
323,5.00
948,0.00
709,0.00
645,4.98
523,5.00
53,5.10
828,0.00
855,5.20
551,0.00
437,5.16
185,5.19
746,5.13
440,10.14
480,5.16
667,0.00
686,5.25
525,0.00
824,5.15
768,0.00
952,5.03
907,5.15
416,0.00
247,5.15
950,0.00
991,21.54
401,0.00
811,10.29
148,10.33
408,5.31
839,0.00
168,5.23
969,0.00
762,5.23
233,5.25
703,5.15
508,5.17
361,5.27
781,10.40
939,10.33
567,0.00
8,5.36
528,5.27
689,10.39
542,5.21
100,5.39
712,5.22
534,0.00
490,10.54
735,10.47
818,5.40
613,10.56
38,5.30
73,0.00
72,5.44
179,5.42
603,5.43
673,5.59
252,5.39
535,0.00
697,0.00
342,5.38
492,0.00
974,5.43
273,5.54
179,5.49
203,0.00
949,0.00
488,5.48
41,5.52
918,0.00
267,10.59
313,5.63
469,5.48
507,5.56
591,0.00
954,5.52
593,5.57
162,5.50
317,5.40
324,5.42
499,0.00
853,5.46
421,5.47
564,5.44
914,5.43
810,5.49
281,5.56
716,5.57
996,5.55
518,0.00
914,10.71
670,10.51
683,10.65
841,10.72
21,5.55
322,5.49
133,5.38
606,5.34
960,5.38
216,5.37
183,5.46
819,5.36
402,5.37
240,0.00
665,5.20
483,0.00
365,5.23
902,5.24
215,5.24
275,0.00
74,5.28
752,5.23
631,5.26
942,10.59
650,5.38
397,5.37
179,5.21
72,5.31
772,10.58
515,5.30
961,21.22
304,5.40
114,5.38
290,5.21
278,5.42
764,0.00
597,10.73
524,5.38
974,5.44
324,10.65
582,5.37
430,5.27
267,5.32
351,0.00
954,5.34
690,10.86
364,5.51
773,0.00
620,5.40
96,5.44
591,0.00
232,5.42
104,5.41
236,5.43
611,0.00
499,0.00
213,5.38
822,0.00
280,5.34
783,5.34
958,5.46
889,5.31
959,15.89
841,5.39
657,5.45
133,5.34
1,5.47
285,5.40
544,0.00
755,5.29
160,5.28
379,5.21
379,0.00
756,5.25
336,5.34
470,5.19
307,5.25
165,5.31
526,10.79
520,5.28
708,0.00
821,10.83
16,5.29
286,5.27
772,5.22
27,5.32
653,5.32
309,5.39
804,0.00
342,5.38
119,5.35
892,5.27
455,10.56
571,10.58
420,5.19
283,5.16
926,5.20
779,0.00
56,5.26
694,0.00
331,5.27
698,10.45
480,0.00
889,15.65
73,5.21
41,5.10
997,0.00
264,5.11
776,0.00
261,10.33
837,5.20
679,5.21
902,5.10
360,5.03
838,5.09
52,5.18
927,0.00
630,5.13
213,5.01
554,5.06
863,5.15
508,5.12
261,5.07
41,4.99
681,0.00
911,4.94
219,5.09
374,5.07
355,5.08
983,0.00
563,5.09
299,5.08
291,5.07
905,0.00
629,10.43
507,5.17
739,5.31
122,5.20
520,10.62
896,10.46
735,10.54
569,5.09
770,10.68
81,5.29
744,5.21
897,0.00
803,5.29
444,5.30
819,5.36
958,0.00
130,5.52
742,0.00
779,5.43
195,5.44
139,5.36
916,10.70
325,5.53
767,0.00
216,5.28
370,5.32
501,5.30
887,0.00
104,5.24
429,0.00
340,5.22
524,10.62
285,10.49
514,5.38
265,5.39
795,0.00
534,10.89
157,5.34
482,0.00
29,5.29
81,5.35
338,5.28
572,0.00
138,5.33
681,10.54
261,5.41
855,15.84
462,5.30
397,0.00
926,5.31
283,5.33
889,0.00
189,5.19
501,10.27
545,5.33
400,5.41
776,10.34
777,5.34
100,5.35
840,10.52
94,5.24
790,0.00
911,10.47
638,0.00
759,15.77
167,5.32
784,10.27
817,5.31
452,0.00
466,5.28
691,5.34
12,5.34
112,5.29
905,5.31
103,5.38
403,0.00
422,5.27
477,0.00
373,0.00
249,5.27
49,5.13
510,0.00
737,5.14
115,5.18
534,5.27
905,5.32
38,5.26
789,5.26
43,5.17
349,5.04
832,5.03
852,5.06
651,5.14
11,5.16
883,0.00
141,5.06
965,0.00
397,4.99
963,4.96
5,5.12
416,5.01
104,5.09
342,5.09
176,5.08
686,4.95
212,0.00
809,10.36
51,5.04
114,4.96
836,0.00
397,5.05
993,0.00
160,5.01
401,5.01
561,4.92
985,10.26
580,5.03
12,5.03
232,5.15
564,5.03
595,0.00
813,5.05
639,0.00
932,0.00
590,5.15
249,5.28
31,5.24
293,0.00
757,10.46
431,5.27
169,5.28
995,10.53
902,5.51
173,5.42
398,0.00
282,5.34
889,0.00
230,5.19
177,5.22
386,0.00
700,5.28
889,5.25
988,5.26
153,5.38
546,0.00
692,0.00
957,10.58
383,5.18
451,5.28
448,5.38
19,5.26
586,0.00
363,5.15
181,5.23
843,0.00
318,5.23
862,5.16
341,5.35
64,5.40
819,0.00
968,5.27
485,0.00
339,5.25
898,5.21
971,10.49
138,5.32
957,5.28
83,5.38
95,5.30
15,5.28
183,5.21
852,0.00
67,5.18
260,5.20
900,0.00
628,0.00
863,5.17
723,5.09
483,0.00
112,5.24
439,0.00
873,5.31
429,0.00
992,10.29
693,5.48
92,5.36
865,10.45
218,5.67
437,5.51
624,0.00
997,15.91
448,0.00
39,5.67
740,5.68
509,10.60
121,5.55
290,0.00
439,5.53
549,5.63
834,5.65
27,5.47
223,5.47
689,5.46
329,5.52
242,0.00
252,5.48
407,5.29
5,5.29
178,5.37
301,5.36
128,5.23
916,10.56
14,5.25
346,5.10
989,5.06
498,5.12
152,5.19
778,0.00
601,5.27
287,5.26
114,5.24
790,0.00
427,0.00
935,10.52
465,10.40
21,5.30
881,5.15
243,5.25
204,5.20
874,15.81
100,5.17
12,5.18
886,5.13
413,5.11
425,0.00
56,5.27
360,5.18
77,5.20
618,0.00
712,10.36
920,5.20
691,0.00
428,5.12
737,5.20
824,5.18
117,5.25
347,0.00
347,5.35
446,0.00
795,5.31
837,5.28
503,10.67
6,5.45
513,5.36
301,5.37
868,0.00
671,0.00
119,5.26
842,0.00
724,0.00
576,5.34
386,5.36
204,5.34
136,5.28
287,0.00
356,5.30
987,0.00
12,5.25
351,5.26
219,5.28
216,5.25
311,5.17
768,0.00
476,10.52
148,5.03
358,4.83
214,4.83
302,5.03
929,10.46
4,4.89
267,0.00
902,4.89
125,4.98
452,0.00
635,4.96
632,0.00
94,5.01
24,4.96
248,4.94
977,4.96
824,4.89
174,4.95
832,4.88
13,5.02
720,5.03
662,0.00
847,5.08
583,0.00
711,5.20
439,5.16
808,5.26
929,5.13
458,0.00
151,5.21
802,5.21
549,0.00
973,15.76
686,0.00
548,10.56
37,5.35
681,0.00
400,0.00
999,10.48
384,10.55
393,5.28
801,0.00
432,0.00
422,5.26
317,5.21
142,5.34
149,5.45
559,5.26
333,5.32
185,5.31
564,0.00
370,5.32
686,5.36
938,10.35
757,0.00
715,5.29
645,0.00
108,5.23
801,0.00
390,5.21
219,5.28
534,0.00
798,0.00
501,5.23
433,5.26
927,0.00
778,5.36
838,0.00
186,5.27
918,0.00
384,0.00
936,5.26
263,5.32
750,0.00
709,5.28
298,5.46
891,0.00
653,5.44
387,5.52
98,5.55
748,10.57
610,5.60
125,5.51
705,5.55
434,0.00
687,5.50
441,0.00
999,5.45
482,5.57
254,0.00
814,0.00
517,5.57
338,5.62
938,10.56
455,5.59
128,10.69
989,5.70
241,5.62
871,5.67
140,5.58
833,10.72
962,10.69
882,5.61
144,5.65
575,0.00
396,0.00
854,11.00
1,5.63
459,5.57
954,5.63
496,0.00
948,11.01
774,5.82
128,5.62
654,5.64
174,5.64
563,0.00
814,5.64
527,5.73
479,5.61
261,0.00
653,0.00
640,5.67
147,5.60
262,5.50
592,0.00
100,5.62
247,5.63
178,5.62
626,0.00
744,0.00
848,11.08
726,5.76
769,5.76
576,5.63
158,5.78
935,5.65
221,5.73
218,5.63
969,5.62
955,10.82
201,5.64
192,5.52
388,5.59
333,5.45
810,10.90
434,5.67
516,10.89
359,5.79
279,5.64
300,5.73
84,5.64
619,5.68
84,5.69
60,5.68
867,0.00
27,5.65
209,5.47
221,5.47
902,0.00
283,5.41
499,0.00
989,10.89
104,5.45
25,5.40
623,5.33
180,5.33
462,0.00
906,10.76
389,5.31
195,5.24
351,5.18
111,5.14
911,5.09
153,5.18
307,5.17
174,5.18
864,0.00
983,10.67
451,5.23
213,5.25
339,5.10
686,5.07
477,5.09
667,5.09
543,5.05
214,5.06
835,10.75
400,5.07
758,5.14
360,5.04
75,5.13
928,15.88
161,5.00
923,10.81
434,0.00
522,5.04
27,5.01
818,5.02
190,5.02
804,4.93
875,10.61
503,0.00
737,0.00
620,5.03
583,0.00
30,4.95
441,5.02
330,5.05
222,5.08
424,5.00
610,0.00
698,4.93
523,4.97
470,10.54
267,4.98
506,4.80
894,4.89
471,4.92
169,4.88
694,4.94
897,4.98
396,5.05
944,4.96
421,0.00
254,5.04
18,5.08
600,5.13
280,5.03
946,0.00
490,0.00
647,0.00
59,4.87
757,0.00
421,0.00
137,4.94
977,4.94
542,5.03
112,5.00
696,0.00
823,10.44
953,5.03
698,0.00
507,5.23
303,5.18
57,5.18
122,5.25
473,0.00
832,10.31
40,5.18
998,0.00
653,0.00
848,5.14
259,5.24
104,5.21
969,0.00
941,5.23
90,5.37
271,5.25
50,5.18
280,5.22
440,0.00
878,5.28
828,5.32
823,5.27
378,5.34
355,5.23
618,5.32
98,5.42
635,5.32
514,5.32
215,5.29
456,5.29
239,5.32
579,0.00
878,5.30
765,0.00
529,0.00
290,5.36
749,5.44
41,5.52
350,5.39
161,5.38
548,0.00
949,10.36
239,5.37
628,10.47
295,5.34
257,0.00
75,5.33
709,0.00
465,0.00
665,5.24
282,5.39
586,0.00
613,5.32
363,5.47
769,0.00
607,0.00
889,5.43
492,0.00
159,5.39
167,5.35
896,0.00
862,5.30
76,5.40
194,5.35
399,5.30
341,5.22
314,5.32
450,5.20
789,0.00
967,5.33
241,5.45
552,10.34
380,10.27
417,5.42
304,5.40
286,5.38
804,0.00
787,5.45
302,5.44
252,5.39
487,0.00
677,0.00
169,5.48
675,0.00
563,10.41
107,5.36
77,5.23
207,5.29
570,5.25
611,10.42
35,5.29
277,0.00
370,0.00
756,5.19
225,5.25
623,5.12
973,0.00
191,5.19
550,0.00
85,5.10
117,5.12
649,5.16
317,5.17
134,10.27
426,5.14
195,5.15
44,5.04
60,4.98
306,4.89
836,0.00
656,4.81
212,4.91
245,4.98
366,4.92
289,4.85
933,0.00
328,4.87
632,15.23
344,4.94
853,0.00
198,4.79
405,0.00
403,0.00
125,4.82
65,4.86
82,4.80
167,0.00
59,4.83
731,0.00
773,10.20
655,4.80
257,4.77
89,4.77
709,0.00
580,0.00
529,4.70
612,0.00
569,4.58
443,0.00
477,4.61
667,0.00
955,4.67
200,4.74
673,4.71
909,0.00
782,4.81
947,0.00
284,4.92
848,4.85
619,0.00
808,4.95
369,0.00
496,10.21
555,0.00
224,4.86
308,4.95
272,4.81
162,4.81
870,0.00
647,4.78
965,4.79
414,0.00
258,4.81
737,0.00
624,4.87
609,0.00
917,0.00
982,4.97
624,5.13
597,5.19
556,0.00
524,10.36
546,5.34
658,5.17
933,5.31
141,5.38
261,5.24
575,0.00
143,5.28
382,5.11
251,5.17
959,5.25
84,5.20
608,5.28
137,5.33
598,0.00
972,0.00
752,5.23
517,5.28
263,5.26
191,5.33
732,0.00
167,5.30
162,5.21
95,5.25
702,0.00
871,5.08
310,5.09
624,5.21
595,0.00
829,5.27
100,5.35
938,10.09
228,5.34
426,15.41
151,5.44
297,5.26
42,5.35
29,5.39
594,0.00
157,5.27
955,0.00
621,5.33
830,5.29
433,5.37
639,5.32
324,5.38
469,0.00
971,5.25
941,5.31
802,5.44
291,5.48
937,5.39
249,5.41
231,5.28
421,10.13
699,0.00
562,5.41
62,5.28
552,0.00
829,5.25
649,10.02
296,5.25
521,0.00
289,5.24
330,5.16
968,9.97
271,5.18
272,5.18
676,5.07
138,5.11
125,4.99
505,5.00
805,0.00
158,4.75
822,15.24
794,4.78
840,4.85
420,0.00
604,0.00
935,0.00
512,4.85
881,15.31
829,4.92
150,4.90
874,4.95
894,4.86
862,4.94
551,0.00
570,4.94
121,5.03
944,0.00
674,5.01
470,5.04
390,0.00
145,5.14
41,5.11
520,0.00
352,5.09
76,5.12
966,4.95
463,0.00
197,5.01
773,0.00
928,10.40
314,5.07
156,5.01
57,5.07
883,0.00
547,5.06
379,0.00
607,5.09
643,0.00
971,5.12
526,5.22
76,5.23
727,0.00
333,5.08
148,5.09
82,5.25
74,5.13
525,0.00
206,4.95
864,0.00
216,4.97
937,4.99
166,5.07
937,4.88
876,4.96
921,10.33
313,5.04
924,15.20
71,5.09
121,5.00
866,10.27
577,5.06
804,5.16
373,4.99
88,0.00
899,10.32
604,10.28
397,0.00
720,5.24
221,5.29
61,5.32
531,0.00
581,0.00
235,5.30
553,5.35
11,5.36
824,15.29
809,5.39
558,5.40
154,5.45
608,0.00
38,5.37
633,5.30
225,5.21
22,5.27
69,5.36
214,5.20
757,0.00
977,9.94
740,10.07
999,5.28
137,5.31
762,5.28
724,15.46
277,5.41
630,10.27
547,5.35
828,5.39
133,5.24
730,5.25
749,5.11
839,0.00
935,5.33
69,5.18
748,10.24
326,5.32
642,5.20
362,5.27
515,0.00
344,5.45
576,5.48
366,5.48
66,5.52
397,5.34
712,0.00
803,10.44
308,5.38
170,5.33
60,0.00
154,5.26
865,0.00
162,5.27
734,0.00
222,5.32
467,0.00
515,5.22
557,0.00
507,5.26
895,0.00
947,5.32
223,5.37
695,5.42
103,5.36
171,5.37
336,5.35
358,5.33
355,5.25
185,5.36
842,0.00
30,5.27
826,0.00
279,5.20
886,10.18
957,5.32
312,5.34
557,5.39
913,0.00
730,5.37
877,10.42
160,5.43
202,10.54
317,5.34
342,0.00
310,5.29
669,0.00
47,5.24
529,5.23
407,0.00
590,0.00
91,5.31
334,5.32
334,5.33
63,5.29
270,5.24
162,5.24
692,0.00
785,10.61
947,10.61
227,5.35
168,5.40
676,0.00
56,5.29
528,5.34
104,5.34
515,0.00
179,5.17
627,5.16
438,5.16
393,0.00
867,10.49
396,5.13
587,0.00
650,10.47
827,10.45
681,5.16
237,5.08
753,5.11
721,0.00
970,5.11
180,5.12
420,0.00
67,5.07
761,0.00
518,4.94
861,0.00
388,4.97
417,4.97
448,0.00
766,4.98
782,4.99
14,4.92
518,0.00
759,10.34
337,4.96
146,4.93
494,4.91
20,5.01
584,5.01
904,4.93
215,4.87
30,4.85
416,4.80
216,4.83
955,0.00
174,4.81
399,0.00
687,4.83
609,4.76
212,4.89
739,4.79
204,4.88
130,4.76
164,4.77
343,4.62
791,0.00
664,4.61
112,4.60
231,4.55
217,0.00
781,4.66
214,4.74
748,4.61
502,4.73
101,4.58
612,0.00
377,4.58
376,4.67
902,0.00
89,4.54
834,0.00
502,0.00
823,4.55
129,0.00
270,4.66
719,0.00
567,4.52
733,4.64
947,0.00
668,4.56
319,4.62
375,4.66
924,0.00
874,4.72
38,4.69
967,4.76
337,4.78
481,4.74
528,4.87
113,4.93
944,4.85
596,9.96
906,9.90
850,4.93
99,4.94
185,0.00
43,4.79
282,4.78
706,4.79
272,4.80
927,9.87
179,4.73
463,4.70
399,4.77
336,4.77
798,4.70
130,4.79
33,4.83
398,0.00
689,9.62
750,4.75
382,4.65
605,9.81
311,4.65
380,4.72
127,4.72
956,0.00
780,0.00
457,4.80
671,4.86
888,4.94
94,4.89
885,0.00
381,4.93
260,4.91
730,0.00
986,4.97
220,5.07
178,5.13
552,0.00
415,5.01
104,5.16
810,0.00
236,5.04
186,5.03
119,5.03
132,0.00
36,5.11
144,5.09
501,0.00
718,5.07
902,0.00
348,5.06
746,5.06
860,5.12
411,5.06
53,5.13
946,5.09
337,5.06
388,5.11
511,0.00
939,5.07
653,9.63
516,5.12
101,5.31
458,0.00
418,5.10
67,5.17
969,5.13
34,5.21
472,0.00
649,5.15
142,5.10
945,0.00
836,9.77
744,5.23
322,5.12
597,0.00
802,0.00
834,0.00
613,5.18
896,5.12
407,5.15
180,5.04
454,5.05
313,4.88
188,4.88
834,5.00
799,0.00
985,4.93
213,5.04
386,0.00
922,5.03
442,5.06
888,5.09
22,5.19
949,9.96
722,5.19
816,5.28
547,0.00
113,5.16
176,5.22
794,0.00
246,5.11
665,5.03
251,5.01
704,0.00
598,5.00
69,5.01
288,5.06
685,0.00
222,4.87
82,4.90
173,4.90
638,0.00
497,4.82
805,0.00
258,4.96
342,4.88
415,4.88
259,4.96
929,0.00
329,4.90
253,4.97
802,4.96
644,4.88
910,0.00
790,5.09
118,5.09
77,5.02
478,4.98
921,10.15
702,5.07
332,5.10
203,5.00
875,10.06
287,5.03
523,0.00
391,4.94
791,0.00
222,5.06
624,4.99
976,0.00
1,5.01
451,0.00
930,4.91
597,4.92
971,4.96
430,5.02
712,4.99
581,4.91
62,10.02
910,9.97
696,4.92
446,0.00
469,10.02
136,4.99
1,4.97
500,0.00
894,4.97
668,9.96
775,9.94
721,4.91
23,4.98
469,4.90
650,0.00
424,0.00
468,4.86
710,4.81
129,4.89
534,0.00
558,10.10
856,10.19
294,4.97
166,4.75
888,4.99
357,4.89
438,4.83
359,4.85
878,4.88
883,0.00
633,4.93
694,0.00
450,5.03
482,5.11
526,5.06
127,5.14
454,0.00
510,0.00
266,5.02
306,0.00
483,5.10
846,0.00
188,5.12
986,5.16
458,5.17
115,5.19
920,5.10
403,0.00
632,0.00
168,5.12
440,5.14
141,5.23
595,0.00
731,5.09
26,5.14
745,0.00
346,5.17
719,10.11
806,5.19
269,0.00
564,5.14
134,5.14
305,5.15
746,10.12
992,5.15
245,5.20
137,5.02
180,5.13
602,0.00
500,5.18
360,5.15
879,5.12
302,5.21
606,0.00
222,10.22
357,5.26
572,5.16
742,5.17
816,5.24
489,5.25
937,10.26
173,5.32
518,0.00
570,5.31
712,0.00
606,15.17
206,5.19
110,5.26
608,5.30
554,5.33
370,0.00
441,10.31
700,5.29
764,15.32
207,5.37
112,5.24
183,5.26
599,5.14
281,5.12
435,5.05
311,5.07
826,0.00
877,0.00
189,5.05
157,5.01
125,5.01
458,5.07
465,5.14
837,0.00
33,5.04
137,4.95
343,4.92
188,4.89
197,4.77
616,4.70
317,4.80
443,4.73
211,4.73
502,4.78
662,0.00
784,4.89
155,4.74
33,0.00
233,4.78
660,0.00
832,4.58
272,4.63
856,4.71
547,4.68
973,9.83
118,4.78
562,0.00
771,0.00
966,4.73
408,9.94
311,4.92
984,0.00
708,4.85
629,4.86
193,4.87
594,9.98
694,4.84
453,0.00
994,0.00
545,4.97
456,4.85
126,4.97
831,4.88
534,4.92
715,4.96
113,4.93
22,4.92
5,4.86
283,4.84
503,0.00
299,4.92
887,4.93
489,4.73
681,4.82
34,4.81
206,4.82
20,4.81
960,0.00
825,10.23
866,25.00
934,4.95
886,20.23
224,5.01
10,5.06
277,5.04
127,5.09
279,4.94
621,0.00
753,4.97
764,5.01
653,5.02
643,10.33
23,5.20
217,0.00
188,0.00
829,5.08
488,5.15
751,5.19
151,5.25
108,5.26
30,5.20
128,5.15
515,5.17
696,5.20
157,5.10
105,0.00
623,0.00
839,5.16
129,5.24
827,5.10
706,5.12
541,0.00
682,0.00
8,5.31
520,0.00
139,5.27
559,0.00
856,5.24
12,5.29
557,5.25
538,0.00
650,5.34
323,5.42
518,5.47
76,5.49
614,0.00
16,5.35
844,0.00
221,5.33
292,5.30
689,5.31
509,0.00
656,5.42
806,10.03
150,0.00
676,0.00
351,5.17
614,0.00
615,9.95
486,5.20
263,5.17
756,0.00
162,10.00
913,5.17
173,5.08
552,0.00
422,5.02
696,0.00
905,5.16
282,5.11
240,5.11
538,0.00
271,5.12
667,0.00
291,5.11
588,0.00
981,5.09
269,5.16
820,5.16
688,5.21
428,5.00
61,5.05
397,5.11
246,5.17
95,5.14
753,9.98
370,5.03
903,9.99
724,5.03
166,4.88
953,0.00
626,5.06
206,5.06
312,5.01
611,0.00
603,4.91
512,4.91
259,0.00
882,4.93
431,0.00
679,5.01
790,0.00
662,5.07
791,5.14
174,5.16
772,5.12
400,5.12
634,5.33
868,0.00
403,0.00
628,5.13
229,5.13
904,0.00
819,5.17
139,5.24
188,5.17
699,0.00
286,0.00
337,5.25
367,5.23
874,5.26
14,5.38
92,5.29
121,5.20
614,5.16
582,0.00
732,5.35
712,5.29
916,5.34
854,5.37
947,0.00
1,5.42
162,5.26
973,10.69
288,5.34
979,5.29
433,5.41
69,5.42
190,5.42
47,5.35
273,0.00
608,0.00
683,5.38
732,0.00
475,10.73
371,5.45
529,0.00
604,5.51
69,5.52
278,5.50
562,5.44
900,5.52
689,0.00
479,5.42
813,0.00
543,5.45
852,5.38
286,5.45
284,5.38
215,5.47
452,5.44
179,5.48
967,0.00
825,0.00
591,0.00
966,5.42
737,0.00
881,5.54
123,5.51
414,15.59
144,5.65
320,0.00
922,10.65
933,5.73
266,5.64
525,5.60
484,0.00
2,5.65
445,0.00
361,5.55
952,5.66
742,5.50
203,5.54
787,0.00
598,5.48
453,5.45
15,5.46
380,5.47
860,5.48
831,5.55
554,5.28
577,0.00
474,5.33
586,0.00
62,5.52
421,0.00
357,5.48
667,5.41
863,5.41
49,0.00
274,5.51
889,0.00
381,5.53
496,0.00
853,5.38
494,0.00
917,5.35
276,5.51
214,5.35
294,5.26
524,5.26
983,5.38
397,5.29
106,5.30
347,0.00
875,0.00
904,5.42
962,5.29
464,5.37
500,5.41
968,5.41
767,0.00
915,0.00
169,5.50
601,5.50
453,0.00
633,0.00
274,5.55
591,0.00
263,5.52
681,10.90
537,5.60
97,5.63
373,5.44
165,5.54
257,5.43
741,5.45
608,5.55
312,5.41
18,5.52
860,0.00
581,0.00
418,5.53
419,5.55
251,5.49
517,0.00
917,10.76
264,5.42
505,0.00
66,5.36
743,5.21
534,0.00
788,10.91
774,11.01
961,10.86
361,5.31
584,5.41
322,5.28
68,0.00
818,5.40
352,5.27
96,0.00
955,0.00
606,5.18
509,5.25
982,5.30
258,5.38
876,10.65
528,5.36
240,5.31
773,0.00
723,5.13
747,5.19
919,5.25
19,5.32
637,5.33
823,5.11
464,5.11
529,5.15
554,5.23
925,10.61
143,0.00
422,5.44
624,0.00
107,5.15
912,5.17
612,5.21
226,5.24
419,0.00
494,5.24
683,5.13
247,5.27
755,0.00
468,10.51
275,5.23
598,0.00
220,5.16
569,5.17
754,10.47
399,0.00
328,5.04
688,5.09
264,5.10
396,4.97
582,0.00
655,4.97
125,5.09
375,5.03
642,0.00
609,5.02
949,0.00
564,5.08
429,0.00
80,5.13
454,5.03
74,0.00
776,5.07
159,5.15
752,0.00
856,5.11
351,5.19
594,5.28
335,0.00
356,5.33
733,5.33
269,5.34
324,5.34
190,5.25
841,5.25
14,5.26
776,10.52
228,5.24
778,5.15
738,15.96
334,5.17
137,5.04
947,10.52
231,5.21
814,10.53
703,10.60
257,5.28
658,10.44
135,5.12
839,5.15
996,5.17
626,0.00
780,5.26
895,0.00
519,10.76
749,10.74
398,5.48
832,5.60
453,0.00
547,5.47
785,0.00
5,5.50
822,5.42
178,5.43
648,5.50
641,5.59
104,5.49
532,0.00
619,5.44
286,10.76
816,5.52
178,5.44
957,0.00
378,5.45
338,5.55
549,0.00
55,5.58
195,5.51
958,0.00
85,5.50
267,10.65
863,5.53
941,0.00
182,5.38
792,0.00
715,5.35
843,10.60
164,5.51
828,5.43
641,10.55
49,5.54
142,5.40
29,5.35
534,0.00
519,5.43
172,5.54
92,5.38
302,0.00
642,5.32
443,0.00
98,5.34
429,0.00
189,5.35
921,0.00
751,10.41
445,5.24
897,0.00
313,5.15
34,5.23
195,5.09
115,4.99
781,0.00
159,4.94
437,0.00
762,5.07
130,5.02
850,5.01
78,0.00
899,5.11
725,5.20
113,5.20
248,0.00
996,5.14
629,10.38
643,5.35
22,5.44
227,5.29
89,5.29
220,0.00
324,0.00
318,10.34
53,5.21
851,0.00
37,5.20
917,5.19
586,5.24
833,5.14
310,5.15
479,5.15
710,5.05
827,0.00
765,0.00
942,10.39
363,5.11
237,4.99
372,4.95
238,4.90
190,4.99
190,4.89
544,4.89
724,0.00
62,5.00
151,4.97
881,4.91
747,4.97
181,4.97
416,4.95
208,4.89
167,4.92
255,4.87
867,0.00
850,4.84
288,4.74
346,0.00
70,4.79
155,4.78
86,4.82
350,4.76
16,4.75
844,10.13
893,4.84
999,0.00
421,4.79
555,0.00
572,0.00
744,4.73
411,0.00
683,0.00
779,4.80
583,0.00
469,0.00
63,4.81
292,4.82
366,4.77
170,4.70
791,4.66
76,4.68
81,4.73
965,9.91
632,9.89
607,4.80
467,4.82
746,0.00
17,4.78
701,4.77
357,0.00
181,4.90
97,4.81
720,4.73
679,0.00
641,0.00
870,4.78
183,4.79
457,4.79
336,4.68
541,0.00
28,4.55
594,4.55
129,4.55
308,4.61
905,10.06
482,9.86
463,4.87
490,4.71
996,4.87
235,4.90
222,4.90
868,0.00
57,4.88
995,4.99
237,4.83
779,4.88
115,4.84
110,4.80
966,9.78
773,4.76
12,4.70
979,4.73
175,4.74
849,0.00
934,4.89
601,0.00
660,0.00
448,4.94
662,0.00
214,4.93
176,4.93
177,4.90
514,4.90
471,0.00
484,4.93
428,4.98
640,0.00
245,4.98
397,0.00
539,5.02
34,4.97
338,4.97
385,0.00
958,9.85
480,5.01
131,0.00
844,5.02
760,5.10
734,0.00
418,5.08
39,5.05
877,5.05
186,5.02
808,4.98
67,5.03
428,0.00
425,0.00
134,4.98
311,5.00
459,0.00
762,5.04
912,9.72
373,5.19
32,5.06
927,9.78
366,9.81
665,9.78
18,5.26
57,4.99
623,4.99
464,9.71
692,5.03
474,5.17
953,5.09
254,5.10
18,5.10
50,5.14
711,0.00
75,4.95
80,4.97
858,0.00
822,5.05
19,5.00
722,5.02
940,5.12
102,5.13
879,5.16
902,5.25
427,5.13
438,0.00
780,5.22
54,5.04
439,0.00
195,5.04
582,0.00
697,15.24
441,5.04
308,5.14
768,0.00
12,5.12
924,0.00
388,0.00
979,15.03
659,5.26
662,0.00
809,5.41
982,0.00
511,5.07
472,5.11
635,0.00
962,10.03
204,5.18
326,5.22
86,0.00
939,5.23
568,5.22
513,0.00
125,5.22
732,0.00
214,5.23
696,0.00
706,5.22
384,5.31
465,5.31
865,5.27
485,5.34
763,5.37
363,5.27
475,5.20
352,0.00
424,5.19
352,5.20
683,10.28
212,5.23
685,5.25
601,5.25
872,10.31
42,5.33
235,5.45
350,5.32
379,5.28
525,5.33
354,5.35
234,5.27
111,5.20
305,5.25
559,0.00
33,5.20
848,0.00
940,5.27
957,5.31
151,5.28
747,0.00
924,5.16
223,5.24
276,5.19
781,5.29
792,5.34
429,0.00
476,0.00
335,5.44
632,0.00
41,5.45
674,5.49
642,0.00
603,5.27
425,5.32
682,5.20
625,5.24
608,0.00
990,5.34
409,5.25
598,5.31
474,0.00
597,0.00
489,5.30
546,5.31
344,5.36
101,5.37
719,0.00
974,10.54
847,5.27
533,5.26
880,0.00
98,5.19
425,5.17
778,0.00
973,5.16
630,5.09
21,5.07
407,0.00
923,5.18
642,5.32
782,5.11
437,5.23
863,0.00
100,5.21
786,5.12
986,0.00
209,5.21
19,5.27
642,5.19
930,0.00
649,5.32
305,5.14
5,0.00
254,5.34
231,5.31
414,0.00
369,5.28
144,5.35
917,5.19
834,10.48
917,5.15
776,5.19
451,0.00
199,5.33
883,0.00
814,5.30
926,10.61
676,10.70
332,5.39
887,15.67
534,5.59
354,5.59
401,0.00
56,5.50
825,0.00
127,5.52
368,5.43
53,0.00
339,5.47
603,0.00
375,5.39
993,0.00
863,10.99
992,5.58
46,5.59
584,0.00
909,10.96
270,5.60
442,0.00
642,5.67
264,5.83
255,5.61
410,0.00
885,5.61
996,5.69
546,5.54
130,5.64
450,0.00
712,16.02
497,5.70
15,5.61
509,5.53
523,5.67
38,5.66
114,5.60
790,5.61
566,16.07
591,5.69
442,10.84
165,5.63
718,0.00
955,5.56
957,5.66
456,5.73
387,0.00
139,5.59
649,10.75
309,5.70
328,5.52
625,5.54
323,5.42
355,5.45
947,0.00
236,5.48
336,0.00
280,5.36
114,5.36
252,0.00
185,5.39
663,5.27
42,5.19
868,5.18
934,0.00
681,0.00
238,10.55
63,10.38
136,5.35
211,0.00
785,5.29
492,5.35
820,10.61
51,5.39
252,0.00
634,5.31
751,10.62
117,5.42
89,0.00
566,5.37
873,5.37
13,5.45
177,5.35
196,5.27
101,5.36
171,5.28
816,5.15
753,5.21
647,5.13
49,0.00
661,5.05
170,5.15
817,5.11
201,5.17
529,5.18
699,5.24
266,5.19
508,0.00
972,4.97
993,10.70
58,5.15
299,5.07
63,5.16
315,5.05
256,4.90
698,4.90
451,4.95
289,4.87
138,4.92
721,4.93
836,10.47
93,5.06
133,4.85
938,0.00
156,4.86
28,4.75
987,4.81
571,4.81
817,4.91
544,0.00
749,4.98
319,5.03
652,10.69
809,5.10
265,5.10
495,0.00
524,4.98
439,4.92
449,0.00
949,0.00
191,5.01
948,0.00
953,10.59
524,10.52
370,5.19
56,5.10
643,5.08
822,15.67
903,10.56
145,5.07
915,5.15
713,5.18
982,0.00
710,5.40
925,0.00
546,10.64
659,5.45
208,5.47
270,5.45
647,0.00
839,5.37
555,0.00
721,0.00
870,10.88
344,5.36
388,0.00
39,5.41
224,5.30
839,0.00
472,0.00
346,5.34
202,5.35
344,5.30
93,0.00
499,0.00
175,5.31
156,5.37
710,10.54
966,5.37
125,5.23
140,5.25
709,0.00
599,5.31
240,5.29
900,0.00
108,5.20
989,5.18
431,5.29
181,5.12
729,5.14
383,5.15
415,5.13
747,5.10
775,5.22
650,5.33
767,5.34
178,5.46
362,5.34
143,0.00
708,10.23
122,5.46
338,5.30
24,5.32
731,0.00
246,5.34
544,5.41
256,5.42
586,10.10
12,5.36
337,5.27
618,0.00
750,5.28
178,5.30
229,5.25
233,5.18
381,5.11
432,5.08
651,5.10
816,0.00
529,5.09
395,5.05
610,5.08
252,5.02
429,0.00
969,10.14
647,0.00
257,4.89
891,5.05
139,5.06
906,0.00
295,5.06
652,5.14
904,5.24
83,5.15
708,5.11
455,5.12
750,0.00
971,5.18
502,5.15
10,5.29
775,5.11
345,5.16
121,5.18
603,5.08
152,0.00
595,5.06
295,5.13
779,0.00
479,5.20
895,0.00
850,5.06
621,10.50
846,15.83
210,5.35
126,5.13
618,5.16
530,5.21
103,5.16
599,5.20
281,5.20
965,5.13
88,5.23
232,5.27
566,5.21
997,0.00
21,5.31
907,10.69
224,5.31
888,5.38
580,0.00
522,5.39
983,0.00
528,5.39
976,5.38
517,0.00
982,5.52
440,0.00
719,5.51
85,5.55
133,5.44
576,5.38
799,5.41
648,5.50
614,0.00
99,5.33
579,0.00
410,5.27
134,5.31
656,0.00
795,0.00
111,5.41
558,0.00
356,5.35
680,0.00
332,5.38
673,5.41
966,5.54
414,10.68
270,5.68
134,5.59
125,5.54
617,0.00
599,10.59
719,5.54
652,5.63
702,5.54
1000,0.00
928,5.52
7,5.55
765,0.00
204,5.48
716,5.37
334,0.00
640,5.52
41,5.47
114,5.30
649,0.00
446,0.00
435,0.00
743,5.25
964,0.00
175,5.27
596,0.00
950,5.23
691,5.34
314,5.27
719,5.28
571,0.00
5,5.17
858,0.00
766,0.00
111,5.24
523,0.00
243,5.14
793,0.00
834,5.33
162,5.13
133,5.22
757,0.00
422,5.10
76,5.21
847,5.23
903,5.31
27,5.18
667,5.08
890,5.08
840,5.07
799,5.21
884,5.31
90,5.24
373,5.17
246,5.12
991,5.21
672,5.20
142,5.23
413,5.14
496,0.00
439,5.18
654,10.45
973,5.17
577,5.26
40,5.21
46,0.00
826,5.21
15,5.37
887,0.00
839,5.43
895,10.66
374,5.44
85,5.42
302,5.35
447,0.00
902,10.83
427,5.45
170,5.51
829,0.00
833,0.00
988,5.40
615,0.00
930,11.16
211,5.62
780,5.54
203,5.63
555,11.17
717,11.21
535,0.00
967,11.30
630,5.67
798,5.71
347,5.72
179,0.00
656,16.34
799,5.78
642,5.91
11,5.77
864,5.78
265,0.00
854,5.76
245,5.78
114,5.82
149,5.82
289,0.00
349,5.86
191,5.79
898,0.00
489,5.77
247,5.85
886,0.00
453,11.31
624,5.95
716,5.91
39,6.07
428,0.00
96,5.94
226,5.89
936,0.00
749,6.00
423,5.86
94,5.89
33,5.87
426,0.00
968,5.86
934,5.85
495,5.90
990,5.81
982,0.00
64,5.96
669,0.00
135,5.93
967,0.00
779,5.96
520,5.90
383,0.00
911,6.05
687,0.00
801,0.00
101,6.03
927,6.00
420,0.00
905,11.27
472,6.13
772,0.00
168,6.05
539,6.05
393,6.13
895,0.00
923,6.09
253,5.87
658,0.00
418,11.33
524,5.92
707,0.00
328,5.92
246,5.92
759,0.00
868,0.00
179,5.91
57,5.85
98,5.88
462,0.00
160,5.79
462,0.00
749,5.60
667,0.00
569,0.00
73,5.57
871,11.22
284,5.56
281,0.00
424,5.49
407,5.46
571,0.00
731,5.47
481,5.51
642,5.57
16,5.54
611,0.00
979,11.34
821,11.23
64,5.48
530,0.00
70,5.55
205,5.51
831,5.41
246,0.00
661,0.00
871,5.50
937,0.00
422,5.44
522,5.42
798,5.46
522,5.30
391,5.46
375,5.42
531,0.00
426,5.44
359,11.27
601,5.50
694,5.54
22,5.47
229,5.42
622,5.42
785,5.50
394,5.57
746,0.00
927,5.42
220,5.21
223,5.25
106,0.00
138,5.18
284,5.18
865,0.00
714,5.12
843,0.00
901,5.13
113,5.22
163,5.16
832,0.00
888,5.23
88,5.15
257,5.06
295,5.07
15,5.07
628,0.00
932,5.07
592,5.07
723,11.09
334,5.09
799,5.05
128,4.97
865,5.09
417,5.05
150,5.13
639,4.94
915,5.00
11,4.94
310,4.96
744,0.00
678,5.01
289,5.09
408,5.05
194,5.10
757,5.04
871,0.00
593,5.10
993,10.65
471,0.00
924,5.21
412,0.00
599,5.33
236,5.17
893,0.00
127,5.16
655,0.00
65,5.04
456,5.00
343,10.44
508,5.00
136,10.39
647,5.04
219,0.00
162,5.00
556,0.00
593,4.87
400,0.00
721,5.05
661,0.00
772,5.06
708,10.56
536,5.14
216,5.02
721,0.00
152,4.99
488,0.00
479,4.97
304,5.08
89,4.96
806,0.00
327,4.98
473,5.06
618,5.07
456,4.96
286,4.96
28,0.00
250,5.06
553,4.98
445,0.00
597,5.05
665,10.47
781,10.49
725,5.18
908,5.12
79,5.24
935,0.00
524,5.16
98,5.16
889,0.00
535,5.06
130,5.13
14,5.08
765,0.00
148,5.03
891,5.11
876,5.04
799,0.00
711,5.06
581,5.15
323,5.25
562,5.08
875,0.00
977,5.10
484,4.92
8,5.02
554,4.94
805,0.00
48,5.05
405,5.03
145,5.05
262,4.97
839,0.00
472,4.89
220,4.99
349,5.01
899,4.86
55,0.00
172,4.98
11,4.92
892,10.09
781,0.00
783,5.09
713,4.99
806,0.00
508,0.00
347,5.17
707,5.11
493,0.00
493,5.20
163,5.28
11,5.24
898,0.00
188,5.14
286,5.15
818,10.09
704,5.08
216,5.03
260,4.99
440,5.08
888,0.00
274,5.08
409,5.09
806,10.09
308,5.16
677,0.00
502,0.00
908,5.03
281,5.21
415,5.16
147,5.22
420,0.00
634,5.12
317,5.11
936,0.00
428,0.00
76,5.15
19,10.28
583,5.16
31,0.00
822,0.00
502,5.30
489,10.35
718,10.33
270,5.20
65,5.08
170,0.00
277,10.47
341,5.25
471,5.21
946,5.23
965,5.19
424,0.00
637,10.40
560,5.47
437,5.29
147,5.34
695,0.00
500,5.43
389,5.53
694,0.00
480,10.59
870,5.54
65,5.43
430,15.64
160,5.48
557,0.00
571,5.39
24,5.46
769,0.00
432,5.41
983,10.57
955,5.50
656,5.57
703,5.63
12,5.61
955,0.00
546,0.00
188,5.51
970,5.57
12,5.71
297,5.58
678,5.56
798,0.00
153,5.54
198,5.49
325,0.00
776,10.58
64,5.66
315,0.00
255,5.68
661,0.00
733,5.63
102,5.75
96,5.62
825,0.00
518,5.53
930,0.00
936,5.54
328,5.57
127,5.58
542,0.00
881,10.62
817,5.54
138,5.60
138,5.59
820,5.49
282,0.00
285,5.63
224,5.53
238,0.00
136,5.53
950,10.58
668,0.00
445,5.52
214,5.56
816,0.00
559,5.49
127,5.49
448,5.57
18,5.62
117,5.42
23,5.42
562,5.40
798,5.37
312,5.38
475,0.00
979,5.29
594,0.00
152,5.35
960,0.00
187,5.38
217,5.26
502,0.00
984,5.18
8,5.17
405,0.00
240,5.13
772,0.00
807,5.11
843,0.00
83,5.09
272,5.17
935,15.81
946,15.60
727,5.23
679,5.22
3,5.24
645,0.00
77,5.09
892,10.60
478,5.01
327,5.02
258,4.83
659,4.89
500,0.00
205,5.00
636,0.00
955,0.00
582,4.99
496,4.98
927,0.00
808,5.13
1000,0.00
485,4.96
671,0.00
804,15.69
723,15.76
308,4.99
2,5.15
882,5.04
565,10.63
360,5.11
636,4.99
564,5.10
304,0.00
635,5.05
570,0.00
192,5.09
424,0.00
741,4.96
470,5.05
861,10.57
688,5.12
906,0.00
260,5.05
155,5.08
546,5.11
727,0.00
645,5.06
950,0.00
969,10.50
526,5.14
309,5.15
207,5.12
8,5.16
901,0.00
234,5.20
612,5.27
752,5.29
368,10.49
467,5.30
916,5.07
44,5.09
696,5.09
810,5.18
350,5.27
197,5.14
484,0.00
668,5.18
878,0.00
685,5.23
607,5.24
605,0.00
625,0.00
129,5.22
412,10.48
950,5.26
641,10.42
680,5.28
262,5.11
8,5.20
229,5.21
372,0.00
484,5.21
144,5.25
684,5.18
156,5.11
122,5.07
910,5.14
115,5.29
874,0.00
855,10.22
160,5.17
292,5.26
935,5.04
386,0.00
665,10.14
396,5.10
307,5.08
218,5.20
970,0.00
856,5.17
547,0.00
661,5.22
188,5.06
685,0.00
717,5.17
483,5.25
869,5.13
133,5.14
523,5.10
198,5.17
492,5.12
319,5.10
336,0.00
215,5.15
597,0.00
246,5.13
74,5.17
759,5.01
250,5.01
840,0.00
908,4.98
347,4.99
882,5.04
585,0.00
558,0.00
799,10.24
285,5.06
377,0.00
884,10.13
958,0.00
649,0.00
357,10.31
377,5.17
788,10.32
319,5.13
500,5.16
914,5.27
498,5.32
752,5.33
116,5.27
209,5.19
950,5.18
109,0.00
287,5.23
15,5.17
508,0.00
119,5.15
916,0.00
938,5.09
269,5.13
131,5.08
251,0.00
204,5.13
366,10.27
592,10.46
922,10.27
207,5.21
360,5.14
632,5.00
267,5.18
733,0.00
568,5.19
864,10.48
891,0.00
96,5.33
971,5.18
284,5.26
895,5.17
153,5.17
429,0.00
996,5.18
224,5.21
27,5.34
284,5.20
620,0.00
234,5.23
240,5.11
478,0.00
467,5.12
61,5.06
420,0.00
76,5.00
795,0.00
441,4.94
427,0.00
525,0.00
17,4.99
288,4.99
42,5.00
975,10.01
603,5.02
758,5.08
625,4.95
696,5.08
580,0.00
430,0.00
573,4.98
580,5.14
357,5.07
367,5.10
985,20.79
298,5.16
747,5.01
431,5.02
122,4.99
983,0.00
33,4.96
499,9.94
854,4.98
781,5.07
313,5.02
777,0.00
663,10.14
620,10.12
863,10.22
178,4.99
11,5.05
340,10.12
60,5.06
20,4.87
374,0.00
887,0.00
166,4.88
456,4.90
122,4.93
10,4.75
517,4.68
364,4.73
996,0.00
643,4.71
581,4.74
435,0.00
46,4.78
978,0.00
927,0.00
973,15.04
765,10.05
211,4.85
181,4.85
789,4.85
692,4.89
653,4.79
916,0.00
755,4.80
26,4.79
770,4.83
637,4.74
759,0.00
781,4.85
536,4.91
348,4.93
280,4.93
46,4.82
944,4.82
940,4.86
497,0.00
796,4.89
277,4.86
459,0.00
389,4.86
264,4.92
656,4.84
788,0.00
246,4.88
24,4.82
708,4.90
49,4.92
230,4.78
924,4.70
579,4.77
399,0.00
250,4.77
352,4.72
534,4.76
66,4.77
947,0.00
602,4.78
776,4.92
364,4.79
422,0.00
279,4.87
450,0.00
643,4.85
98,4.87
664,4.65
689,0.00
924,9.66
531,9.68
425,4.68
3,4.61
837,0.00
606,4.62
161,4.62
628,0.00
902,9.57
850,0.00
507,4.77
348,4.79
613,4.90
202,4.93
853,0.00
129,4.85
465,0.00
318,4.80
210,4.87
528,0.00
563,4.83
906,0.00
587,9.63
992,4.92
839,9.84
697,14.87
78,4.95
805,4.90
80,5.03
401,0.00
254,9.87
993,5.11
14,5.01
750,0.00
934,4.96
50,4.97
788,0.00
114,4.87
60,0.00
757,4.92
417,0.00
132,4.90
565,0.00
445,4.86
347,4.91
823,4.94
995,4.98
103,4.99
370,0.00
798,5.05
700,0.00
470,5.05
515,0.00
42,5.07
663,0.00
258,5.05
942,0.00
451,0.00
375,5.04
906,5.07
751,14.91
883,5.07
610,5.10
1,4.98
840,5.03
18,5.12
89,5.22
177,5.17
663,0.00
616,5.02
901,5.03
706,5.11
358,5.17
279,5.06
160,5.11
515,0.00
998,0.00
934,0.00
505,5.25
301,0.00
843,10.00
130,5.31
189,5.23
361,9.91
594,5.42
439,5.42
73,5.29
133,5.22
78,5.28
22,5.23
414,5.16
954,0.00
717,14.89
784,5.31
586,5.32
472,10.05
228,5.35
146,5.26
890,5.23
960,0.00
464,5.31
278,5.37
99,5.29
4,0.00
881,5.36
54,5.41
859,0.00
966,30.46
555,0.00
206,5.30
533,0.00
341,10.34
282,5.23
915,5.23
181,5.31
192,5.19
273,5.23
934,0.00
328,5.33
130,5.23
206,0.00
113,5.24
76,5.17
89,5.18
572,5.21
403,5.29
238,5.12
220,5.22
713,5.05
584,0.00
739,0.00
356,5.13
435,0.00
571,5.07
697,5.11
421,0.00
860,5.20
4,5.13
563,0.00
792,5.03
842,5.10
166,5.14
222,5.23
376,5.18
546,0.00
956,5.10
979,0.00
782,10.38
122,5.25
927,5.37
343,5.27
735,5.34
99,5.25
270,5.15
304,5.14
448,0.00
944,5.25
205,5.29
161,5.30
4,5.19
178,5.17
599,0.00
152,5.13
205,5.14
118,5.06
805,0.00
277,5.03
443,0.00
957,10.28
38,4.96
104,4.96
601,0.00
239,4.94
227,4.85
779,4.86
605,4.94
105,4.88
786,0.00
232,4.97
188,5.01
423,0.00
507,0.00
957,4.84
95,4.87
230,4.81
302,4.82
219,4.89
806,0.00
673,4.79
417,4.87
389,4.77
98,4.83
262,4.75
182,4.66
108,4.71
335,4.64
819,0.00
752,14.87
357,0.00
189,4.61
754,0.00
782,4.58
44,4.53
572,4.48
186,4.48
745,4.57
400,0.00
291,4.59
812,0.00
562,4.62
15,4.71
116,4.67
763,0.00
460,4.59
760,4.63
21,4.73
548,0.00
638,4.61
533,0.00
674,0.00
581,0.00
547,0.00
554,4.58
514,0.00
629,4.55
983,4.58
73,4.58
896,4.67
746,9.78
809,4.65
190,4.54
554,4.53
715,4.57
75,4.60
487,4.70
490,0.00
25,4.64
386,4.54
651,4.46
717,0.00
236,4.64
385,4.59
461,0.00
104,4.61
987,0.00
438,4.58
399,0.00
300,4.73
447,0.00
423,0.00
681,4.73
509,0.00
615,0.00
652,9.62
124,4.69
694,4.80
134,4.67
218,4.64
948,4.70
15,4.70
222,4.80
391,0.00
934,14.82
149,4.73
173,4.79
417,4.71
171,4.70
895,0.00
198,4.70
704,0.00
521,4.66
7,4.66
245,4.66
648,0.00
593,4.77
325,9.47
693,4.80
659,0.00
721,4.79
895,0.00
767,5.13
475,4.94
336,4.94
915,4.99
907,0.00
540,5.08
459,0.00
651,5.03
659,0.00
242,4.99
722,4.94
376,0.00
171,0.00
27,4.96
138,4.96
348,4.92
600,4.92
277,4.99
146,5.00
293,4.85
880,9.52
288,4.96
989,0.00
953,5.01
793,4.94
283,5.13
670,5.02
347,5.07
866,5.09
934,5.13
291,5.14
155,5.14
481,5.03
854,5.06
833,5.05
438,0.00
505,9.64
353,5.00
781,9.62
518,5.14
28,5.06
368,0.00
882,5.15
76,5.07
137,5.07
67,5.14
701,5.05
215,5.10
564,5.11
300,4.97
501,4.97
934,0.00
545,5.03
255,5.02
854,0.00
369,5.09
118,5.16
482,5.11
608,0.00
70,5.17
604,0.00
8,5.12
898,0.00
969,5.13
119,5.15
259,5.11
92,5.16
218,5.09
926,0.00
772,5.13
48,5.31
895,5.20
232,5.24
229,5.25
561,5.20
279,5.31
761,9.97
236,5.37
962,5.31
543,0.00
785,5.32
971,14.80
120,5.47
153,5.36
236,5.39
927,0.00
796,5.39
894,10.43
145,5.44
781,5.26
932,5.34
890,10.39
988,5.45
76,5.47
691,5.45
560,5.45
209,5.59
617,0.00
53,5.51
376,0.00
77,5.55
835,0.00
831,5.51
9,5.40
17,5.44
547,0.00
687,5.29
613,0.00
54,5.26
737,0.00
850,10.35
67,5.24
220,5.29
967,10.36
402,5.29
788,10.39
342,5.34
789,0.00
440,5.28
810,0.00
151,5.30
456,0.00
514,5.22
615,5.28
320,5.16
18,5.25
401,0.00
907,5.27
420,5.27
511,5.21
525,5.29
24,5.24
64,5.24
37,5.25
45,5.13
303,5.06
623,5.06
467,0.00
763,15.06
590,15.02
573,5.07
186,5.15
152,5.13
544,0.00
10,5.05
76,5.13
764,0.00
861,4.93
157,4.97
352,5.01
401,5.00
551,0.00
887,4.91
960,4.98
432,4.89
37,4.90
761,0.00
720,4.85
554,4.77
969,4.75
456,4.76
591,4.77
997,4.82
701,4.84
172,4.89
527,0.00
263,10.17
304,4.72
927,0.00
111,4.71
177,4.71
702,4.74
655,4.53
176,4.70
397,0.00
897,4.58
918,0.00
698,4.83
522,4.89
17,4.84
437,4.81
585,0.00
385,4.83
540,0.00
853,4.87
510,0.00
855,10.01
593,4.90
489,4.87
526,4.96
862,4.97
648,10.29
735,4.98
561,5.11
139,4.96
987,20.00
1,5.00
673,0.00
212,5.10
414,5.04
343,0.00
518,5.10
535,5.20
491,0.00
754,5.11
287,5.16
993,0.00
655,5.17
292,5.26
195,5.11
25,0.00
614,0.00
800,5.20
293,5.24
325,5.24
882,0.00
355,0.00
989,0.00
429,5.35
485,10.30
21,5.42
352,5.17
583,0.00
940,5.29
908,0.00
716,0.00
202,5.46
53,5.49
245,5.46
681,0.00
527,5.44
85,5.45
935,10.38
770,5.39
29,5.51
200,5.40
867,5.42
679,5.48
410,5.48
712,5.46
465,5.56
434,5.52
953,5.65
263,5.52
285,5.59
419,0.00
312,5.54
950,20.55
552,5.59
170,5.50
297,5.58
298,5.62
299,5.43
443,0.00
475,5.55
535,5.56
344,5.57
758,5.63
161,5.49
853,10.29
221,5.58
303,5.35
169,5.31
418,5.28
525,5.37
963,0.00
450,5.39
833,0.00
963,5.45
547,5.46
955,0.00
636,5.61
288,5.69
745,0.00
607,0.00
57,5.53
224,5.49
535,5.40
206,5.47
840,5.36
688,5.44
926,5.31
956,5.48
644,5.31
383,5.24
580,0.00
507,5.28
207,5.25
1,0.00
734,5.22
998,0.00
665,5.19
108,0.00
352,5.29
214,5.22
962,10.49
920,5.43
202,5.31
111,0.00
392,15.72
979,0.00
901,10.66
105,5.39
826,5.36
50,5.39
141,5.29
861,0.00
920,5.25
953,5.35
230,5.30
906,5.29
749,10.77
844,5.39
235,5.46
12,5.43
243,5.48
877,5.48
222,5.36
958,5.41
149,5.44
625,0.00
828,5.47
317,5.49
474,0.00
258,5.40
437,0.00
768,5.35
155,5.43
680,5.41
960,10.99
488,5.49
156,10.98
946,5.50
582,0.00
694,5.48
43,5.42
353,5.42
465,0.00
522,0.00
349,5.49
845,10.98
440,0.00
38,5.53
368,5.51
462,0.00
240,5.46
567,0.00
48,5.45
298,5.30
525,0.00
786,5.24
262,0.00
8,5.14
102,5.07
16,5.09
52,5.02
889,10.55
2,5.02
439,0.00
543,0.00
478,0.00
439,5.09
631,0.00
101,5.13
620,5.14
322,5.17
37,5.08
634,5.15
955,5.10
425,5.12
262,5.09
685,0.00
517,5.22
259,5.14
97,5.25
730,5.15
684,10.43
401,5.32
368,5.12
719,0.00
961,5.19
715,5.11
424,5.20
947,5.15
939,5.16
883,5.22
41,0.00
760,0.00
6,4.99
816,0.00
461,5.01
728,0.00
871,0.00
86,4.98
762,4.92
798,0.00
170,10.48
513,4.94
49,4.92
891,4.82
181,0.00
480,0.00
723,4.88
363,4.85
986,0.00
332,4.91
102,4.86
462,0.00
987,4.82
900,4.81
577,4.89
165,4.95
20,4.84
259,4.89
572,0.00
513,4.79
336,4.84
140,4.89
156,4.80
902,4.87
369,0.00
555,4.80
257,4.80
59,4.88
682,4.81
595,0.00
966,0.00
568,4.97
192,5.00
980,0.00
529,5.04
195,5.02
273,5.06
324,5.09
242,5.09
207,5.13
213,5.13
729,0.00
206,4.97
989,0.00
73,4.85
201,0.00
198,4.95
275,4.93
662,0.00
570,10.11
117,4.93
694,10.02
170,4.92
297,4.74
809,0.00
910,4.85
45,4.83
269,4.88
737,0.00
770,4.85
504,0.00
942,15.30
857,9.95
118,4.95
282,4.96
499,9.96
533,5.05
46,4.93
862,0.00
799,10.18
835,10.08
844,4.98
851,10.13
501,5.05
360,5.09
562,5.02
138,0.00
839,5.05
343,5.13
748,0.00
741,5.05
359,0.00
570,5.08
776,10.12
757,5.15
7,5.07
793,5.07
663,0.00
903,4.96
94,5.09
19,4.96
253,4.93
295,5.00
406,9.71
858,4.98
429,0.00
926,0.00
582,4.97
468,5.05
11,4.94
650,0.00
487,0.00
64,5.04
673,0.00
481,5.06
406,4.97
448,15.45
905,15.47
731,5.11
920,0.00
56,5.25
109,5.31
251,5.33
731,10.07
617,5.18
440,0.00
273,5.08
595,0.00
869,5.10
11,5.23
996,0.00
861,5.34
643,0.00
44,5.35
177,5.38
468,5.33
462,5.33
785,0.00
551,5.31
694,5.35
361,5.41
500,5.40
979,0.00
784,10.51
371,5.60
24,5.61
240,5.52
132,5.53
478,0.00
965,5.55
663,0.00
491,5.68
670,5.59
727,0.00
388,0.00
742,0.00
242,5.66
762,0.00
624,10.62
223,5.64
144,5.55
540,0.00
321,5.52
833,10.48
624,5.63
73,0.00
356,5.72
120,5.60
200,5.61
119,5.59
796,5.51
693,0.00
680,5.59
337,5.64
338,5.57
987,0.00
158,5.63
585,5.55
400,0.00
823,5.65
879,0.00
728,5.69
100,5.70
825,10.73
881,5.83
160,5.88
973,10.78
355,5.82
143,5.79
201,5.73
108,5.74
838,0.00
969,5.77
729,5.81
871,0.00
388,0.00
711,5.70
103,5.75
766,5.61
450,0.00
943,5.77
441,5.81
53,5.82
104,5.73
9,5.64
630,0.00
443,5.55
917,0.00
353,5.61
983,5.63
978,5.75
248,5.80
156,5.74
160,5.80
492,0.00
663,0.00
743,5.67
982,5.69
94,5.78
95,5.87
237,5.77
904,0.00
177,5.72
179,5.81
852,0.00
559,5.78
390,0.00
265,5.85
891,0.00
771,5.71
409,5.73
533,0.00
973,5.80
763,5.74
467,5.66
458,5.64
895,5.65
16,5.59
510,5.53
597,0.00
418,5.49
593,0.00
702,5.47
909,0.00
924,5.61
569,0.00
306,5.54
159,5.57
345,0.00
803,5.47
347,0.00
929,0.00
60,5.51
952,0.00
946,5.46
341,5.45
80,5.39
809,0.00
555,5.43
368,0.00
654,0.00
803,16.17
27,5.44
984,0.00
669,5.43
510,5.56
715,0.00
97,5.47
946,5.53
130,5.58
6,5.56
939,11.27
684,5.50
277,11.20
235,5.51
546,0.00
147,5.47
816,5.50
89,5.53
290,5.50
174,5.31
99,5.28
181,0.00
596,5.28
69,5.37
737,0.00
773,5.30
24,5.21
859,0.00
49,5.23
179,5.20
623,0.00
532,15.90
124,5.11
264,0.00
244,5.01
258,5.01
324,5.01
700,0.00
414,4.86
655,0.00
499,0.00
608,4.78
442,4.82
14,4.88
132,4.96
10,4.86
886,0.00
474,4.85
114,4.92
507,4.88
234,4.88
598,4.92
68,4.96
436,4.81
984,0.00
719,4.86
591,4.87
298,4.87
949,4.92
915,4.94
683,5.06
246,4.98
663,10.64
384,5.03
717,5.01
811,4.91
87,4.91
424,0.00
525,4.97
689,10.44
88,4.91
264,4.83
581,4.83
210,4.87
443,4.91
850,4.79
15,4.84
581,4.84
724,0.00
857,4.90
681,4.95
922,0.00
47,5.02
346,5.02
459,0.00
36,4.93
430,4.94
528,4.94
67,4.91
845,0.00
958,4.97
653,0.00
235,4.95
82,4.91
246,4.85
507,0.00
558,4.98
876,10.47
186,5.00
180,4.79
261,4.84
29,4.87
784,0.00
886,0.00
371,5.02
749,5.00
486,0.00
12,5.08
169,5.11
632,0.00
298,5.06
93,5.04
493,0.00
158,5.03
923,5.02
461,0.00
18,5.05
961,0.00
329,5.04
24,5.18
993,5.14
824,5.29
656,5.23
366,5.41
683,0.00
494,0.00
27,5.26
619,5.25
278,0.00
277,0.00
990,0.00
417,5.30
446,5.27
319,0.00
456,0.00
601,5.29
366,0.00
770,10.01
734,5.25
278,5.13
75,5.21
401,0.00
33,5.02
577,9.91
842,5.02
514,9.91
729,5.12
735,5.03
700,5.10
508,5.11
361,5.08
223,10.02
922,9.91
213,5.07
345,5.01
235,5.04
594,5.07
528,5.08
377,4.94
263,4.93
660,0.00
515,4.85
877,0.00
296,4.79
621,4.79
416,0.00
165,4.82
640,0.00
334,4.79
739,0.00
48,4.67
258,4.79
666,4.66
21,4.69
394,4.70
314,4.72
793,0.00
885,4.70
957,4.73
545,4.85
34,4.86
915,15.45
254,4.90
126,4.89
87,4.87
523,0.00
961,4.74
58,4.72
984,4.69
92,4.86
615,4.86
69,4.95
387,0.00
646,4.81
517,4.83
116,4.83
953,0.00
426,4.77
806,0.00
634,4.77
340,4.59
491,0.00
242,4.70
990,0.00
586,4.70
316,4.78
625,0.00
581,4.73
311,4.95
488,4.83
274,4.90
640,0.00
469,4.86
229,4.91
976,4.95
228,4.99
526,0.00
608,5.00
536,0.00
207,5.04
599,4.86
880,4.94
239,5.03
12,5.01
935,10.03
211,5.01
978,10.09
266,5.08
746,0.00
345,5.04
384,5.05
874,0.00
564,0.00
839,10.23
21,5.13
577,0.00
198,5.12
805,0.00
852,10.15
896,10.22
997,5.24
818,5.25
121,5.29
73,5.39
936,0.00
108,5.26
781,0.00
532,5.25
564,5.32
204,5.41
851,0.00
685,5.36
561,10.12
45,5.46
26,5.35
279,5.35
229,5.34
798,0.00
942,0.00
39,5.24
266,5.29
29,5.19
55,0.00
328,10.01
490,5.23
294,5.18
629,5.19
97,10.04
641,5.29
480,0.00
487,5.39
739,5.25
622,5.12
464,5.19
940,5.27
15,5.22
667,0.00
670,5.24
553,0.00
578,5.14
282,5.14
125,5.14
67,0.00
299,5.18
125,4.99
10,5.01
641,0.00
546,4.94
694,0.00
808,9.81
14,5.06
497,0.00
699,0.00
986,4.85
424,0.00
550,4.88
9,4.80
987,0.00
615,4.87
130,4.87
937,4.86
937,4.83
445,4.92
100,5.00
353,5.01
151,5.03
326,4.87
543,4.77
300,0.00
678,9.95
235,4.89
204,4.77
365,4.79
332,4.76
387,0.00
833,9.87
846,4.82
598,10.02
994,4.82
191,4.98
214,4.82
104,4.76
956,4.71
249,4.80
16,4.74
516,0.00
273,4.65
511,4.65
883,4.69
584,4.63
93,4.72
130,4.65
535,0.00
379,4.56
452,4.64
397,0.00
785,4.52
768,4.51
170,4.67
348,4.62
493,0.00
527,0.00
654,4.65
376,0.00
148,4.66
552,0.00
760,4.64
205,4.69
37,4.56
199,0.00
155,4.60
812,4.51
118,4.62
369,9.88
276,4.64
906,4.65
642,9.79
612,4.58
708,0.00
287,4.64
462,0.00
918,4.72
983,0.00
790,4.77
622,4.82
17,4.90
413,0.00
791,4.88
110,4.86
105,0.00
197,4.99
651,4.90
911,0.00
943,4.95
314,5.03
901,0.00
652,5.10
551,5.13
868,5.06
482,5.08
410,4.99
196,5.21
727,0.00
976,0.00
430,0.00
859,0.00
348,5.02
488,5.10
316,5.09
362,5.09
922,5.12
473,0.00
131,5.11
330,5.11
346,5.11
893,5.03
33,0.00
31,5.11
572,5.14
597,5.14
701,9.88
764,5.25
273,5.15
52,5.11
472,0.00
736,5.11
332,5.23
717,0.00
885,5.14
274,5.22
152,5.26
872,9.92
920,5.23
329,0.00
124,5.27
861,5.27
157,5.28
980,5.26
266,5.32
602,0.00
626,5.45
312,5.28
113,5.36
917,0.00
890,9.95
696,0.00
281,5.41
702,0.00
246,5.47
785,0.00
654,5.58
35,5.53
783,5.48
532,0.00
84,5.50
446,0.00
268,5.56
563,0.00
1,5.58
976,5.63
43,5.64
78,5.63
442,0.00
827,5.48
666,5.48
57,5.49
403,5.50
302,5.55
830,5.48
78,5.54
44,5.48
634,5.41
693,5.46
891,0.00
664,5.49
791,5.50
36,5.37
267,5.30
432,0.00
741,10.32
833,5.16
722,10.30
210,5.30
528,5.38
758,5.15
564,5.15
285,5.35
964,0.00
952,10.48
555,5.34
129,5.34
252,5.29
171,5.35
994,5.35
682,5.43
738,5.44
366,5.44
281,5.56
448,0.00
749,0.00
696,5.47
683,0.00
473,5.56
487,0.00
635,0.00
87,5.62
339,0.00
172,5.49
336,5.44
799,0.00
419,0.00
460,5.43
625,0.00
945,5.54
14,5.65
544,0.00
260,5.53
211,5.53
628,5.57
793,5.58
441,5.44
366,5.52
831,0.00
855,5.50
97,5.52
910,0.00
265,5.43
413,5.43
667,10.78
679,5.51
548,0.00
138,5.28
106,5.34
361,5.28
666,5.28
567,0.00
36,5.29
330,5.24
495,0.00
483,5.26
863,5.30
670,5.38
114,5.23
227,5.23
151,5.23
507,0.00
364,0.00
479,5.09
864,0.00
846,5.00
438,0.00
513,5.21
349,5.23
853,0.00
265,5.11
488,5.20
998,10.72
151,5.32
145,5.26
332,5.26
959,5.26
91,5.35
418,0.00
358,10.60
764,5.29
311,5.26
460,0.00
740,5.20
51,5.36
813,5.15
658,0.00
949,0.00
815,15.75
221,5.24
784,5.24
854,0.00
438,5.29
959,0.00
559,0.00
267,5.25
63,5.26
407,5.24
620,5.19
392,5.20
164,5.19
483,5.17
314,5.17
152,5.24
21,5.02
28,5.03
525,0.00
486,4.99
161,5.06
225,5.12
55,5.00
357,0.00
761,0.00
633,4.87
248,4.86
220,4.88
65,4.85
968,4.85
589,4.86
837,4.76
118,4.83
934,4.73
398,0.00
388,4.76
733,4.77
921,4.87
497,4.85
962,4.86
519,4.97
348,4.92
379,4.96
213,5.01
297,4.90
820,4.96
258,5.04
748,5.05
753,5.06
343,5.04
934,0.00
802,5.14
456,0.00
58,5.11
953,5.11
502,5.07
888,5.13
481,5.26
218,5.29
333,5.27
570,0.00
300,5.29
799,0.00
976,5.26
90,5.20
8,5.21
293,5.17
130,5.09
415,0.00
258,4.94
880,0.00
471,4.96
477,4.92
324,5.01
152,4.95
930,10.26
699,4.96
119,5.01
264,4.99
308,0.00
666,4.90
672,0.00
216,4.97
74,4.82
913,0.00
689,10.08
305,10.05
56,4.89
680,0.00
325,4.72
196,4.66
438,4.71
387,4.62
547,0.00
844,4.72
195,4.81
511,0.00
151,4.71
760,0.00
43,4.76
173,4.76
232,4.79
92,4.80
916,0.00
145,4.85
970,4.75
654,0.00
291,4.89
835,0.00
659,4.84
218,4.91
647,4.93
488,4.99
924,0.00
434,9.81
743,9.84
826,5.25
663,0.00
221,5.08
867,9.86
115,5.10
379,5.05
396,4.99
678,0.00
971,0.00
758,15.37
260,0.00
205,5.01
289,4.92
688,0.00
891,10.04
897,4.90
29,4.91
266,0.00
433,4.85
268,4.77
889,4.89
115,4.90
640,4.97
996,4.98
872,4.85
367,4.95
410,0.00
427,4.81
156,4.82
69,4.85
966,0.00
917,4.91
925,4.95
300,5.09
832,5.15
823,5.21
756,0.00
67,5.15
419,0.00
621,0.00
625,5.09
232,5.20
884,5.12
985,10.16
165,5.17
73,5.17
820,0.00
127,5.17
570,5.12
595,0.00
477,15.23
612,5.28
191,5.19
316,5.16
178,5.25
414,5.17
749,0.00
158,5.09
794,0.00
929,5.15
637,5.26
624,0.00
748,5.36
80,5.32
288,5.40
987,0.00
434,0.00
178,5.45
967,10.29
217,5.54
966,0.00
393,5.46
70,5.40
384,0.00
104,5.41
66,5.31
751,10.51
844,5.22
765,10.37
775,5.30
761,0.00
949,5.43
204,5.54
559,5.36
831,5.40
6,5.45
855,5.35
397,5.36
386,5.27
959,5.32
886,5.38
376,10.24
906,5.43
72,5.44
766,5.34
584,0.00
807,5.52
104,5.38
531,5.45
772,0.00
607,5.39
858,10.23
45,5.50
630,0.00
789,5.44
870,5.36
524,5.44
82,5.48
458,5.44
775,0.00
703,0.00
921,5.58
415,0.00
314,5.51
845,5.45
490,5.41
80,5.44
78,5.44
254,5.48
726,5.42
206,5.46
166,5.35
910,5.43
87,5.49
163,5.37
853,5.29
574,0.00
724,5.40
514,0.00
2,5.43
193,5.46
512,0.00
441,5.45
903,5.48
446,0.00
590,5.43
910,5.43
44,5.47
861,0.00
918,5.36
506,5.54
749,0.00
517,0.00
328,5.38
342,5.48
824,5.32
86,5.46
326,5.37
316,10.76
607,5.41
294,0.00
118,0.00
621,5.50
563,5.39
23,5.31
8,5.31
48,0.00
885,5.28
239,5.35
105,5.34
391,5.36
864,5.41
367,0.00
510,0.00
313,10.65
384,5.21
60,5.32
757,5.12
827,5.13
906,5.23
836,0.00
775,5.26
341,5.32
530,5.32
375,0.00
900,10.71
94,5.40
767,0.00
948,5.34
260,5.34
463,0.00
705,5.31
177,5.24
356,5.31
174,5.27
76,5.17
39,5.17
316,0.00
109,5.29
870,5.12
883,5.17
16,5.29
561,5.16
543,5.24
108,5.17
936,0.00
105,5.18
901,0.00
977,5.15
923,10.69
283,5.24
606,0.00
653,5.28
947,5.40
633,5.32
379,5.49
616,0.00
763,0.00
285,5.49
765,0.00
108,5.57
553,0.00
847,5.60
401,0.00
272,5.63
220,5.50
551,5.50
970,5.55
858,5.51
308,5.63
446,5.66
117,5.64
258,5.69
71,5.54
512,5.55
171,5.56
250,0.00
143,5.44
848,5.44
348,5.55
415,5.59
71,5.42
68,5.47
716,0.00
142,10.78
307,5.50
594,0.00
494,0.00
149,5.29
674,5.24
920,5.24
106,5.31
723,5.22
472,5.22
527,5.24
311,5.25
627,0.00
3,5.34
69,5.29
347,5.29
331,5.27
13,5.22
972,0.00
875,0.00
927,5.35
373,5.42
824,5.43
861,5.50
201,5.40
459,5.30
949,0.00
282,5.34
827,0.00
616,10.66
69,5.32
893,0.00
399,5.36
886,10.62
386,10.67
248,5.43
425,5.27
141,5.38
504,5.41
826,0.00
123,5.32
521,5.32
61,0.00
224,5.34
355,0.00
288,5.32
65,5.22
743,0.00
180,5.18
115,5.18
978,10.41
400,5.28
440,0.00
891,5.07
220,5.05
176,4.98
368,4.88
283,4.71
125,4.76
897,0.00
154,4.75
67,4.76
110,4.60
507,0.00
392,4.54
724,4.54
243,4.70
537,0.00
383,0.00
875,0.00
845,0.00
136,4.48
151,4.48
111,4.49
709,4.49
624,4.55
797,0.00
186,4.64
611,0.00
547,0.00
744,4.50
568,4.54
964,0.00
725,0.00
117,4.70
969,0.00
565,4.74
579,4.59
941,4.75
695,4.73
604,4.79
297,4.86
238,4.76
424,4.76
3,4.84
658,4.80
294,4.86
744,4.87
352,4.78
833,0.00
612,4.72
601,0.00
633,4.76
859,4.67
560,0.00
826,4.64
492,10.01
334,4.74
374,0.00
173,0.00
55,4.67
494,0.00
413,0.00
214,4.60
372,0.00
992,4.71
950,4.73
281,4.81
337,4.68
752,4.68
16,4.79
49,4.68
763,0.00
18,4.72
246,4.72
661,0.00
734,0.00
460,4.82
127,4.79
595,9.97
461,4.85
798,4.85
481,0.00
140,4.88
141,4.84
604,0.00
891,9.76
925,4.92
547,4.99
613,4.92
946,4.98
103,5.12
593,5.03
531,0.00
901,5.09
72,5.20
918,0.00
825,5.08
114,5.21
696,5.12
419,0.00
521,5.18
734,5.25
887,0.00
800,5.31
608,0.00
84,5.42
770,0.00
694,5.43
959,5.52
598,9.99
752,10.01
523,5.60
70,5.64
386,5.45
842,10.01
123,5.53
21,5.34
964,10.10
60,5.42
742,0.00
897,10.18
850,5.45
293,5.41
370,5.36
413,0.00
886,0.00
443,5.51
631,0.00
217,5.54
673,0.00
720,5.59
822,5.55
536,5.60
643,0.00
381,5.62
690,5.60
369,5.68
570,5.55
947,5.69
800,5.82
882,5.66
274,5.64
323,5.71
767,5.69
241,5.64
624,5.53
755,5.60
26,5.53
785,5.49
327,5.51
63,5.51
148,5.51
811,0.00
158,5.41
403,5.37
672,5.37
315,0.00
926,10.15
134,5.42
570,5.39
218,5.40
543,0.00
111,5.37
712,0.00
629,0.00
13,5.26
117,5.20
750,5.23
609,5.31
5,5.16
253,5.20
858,0.00
911,14.95
667,5.17
572,4.95
202,5.09
953,0.00
423,5.11
285,5.01
626,4.93
707,4.96
135,5.04
531,0.00
321,4.90
529,4.83
529,4.90
528,4.91
701,4.93
128,4.99
299,4.92
673,4.92
871,5.04
914,5.05
214,5.05
829,10.50
265,5.15
704,0.00
838,10.55
592,5.14
249,5.19
89,5.06
195,4.98
247,5.02
404,0.00
615,4.97
451,0.00
839,4.97
182,5.00
631,0.00
511,0.00
106,4.88
270,4.80
228,4.91
548,0.00
586,10.48
838,10.39
885,4.77
480,4.88
1000,15.23
118,4.82
881,4.85
512,4.93
327,5.03
726,10.52
431,4.93
165,4.82
808,15.25
771,4.95
241,5.03
910,5.09
834,5.21
527,0.00
456,5.15
702,5.29
505,5.35
855,5.43
697,0.00
150,5.25
981,5.33
428,5.42
834,5.34
131,5.38
269,5.42
897,0.00
388,5.26
87,5.33
424,5.45
982,0.00
885,5.50
521,0.00
654,5.51
294,5.48
693,5.57
85,5.66
63,5.66
27,5.48
626,0.00
951,5.42
420,0.00
847,5.50
385,5.59
644,0.00
687,5.51
664,0.00
712,5.64
468,0.00
674,5.64
299,5.56
310,5.62
524,0.00
288,5.48
353,5.44
282,10.54
797,5.52
843,5.62
527,0.00
588,0.00
145,5.51
748,5.51
406,5.55
113,5.49
774,5.54
180,5.52
754,0.00
237,5.58
945,0.00
578,5.54
420,0.00
588,10.40
68,5.65
286,5.54
712,5.50
83,5.52
34,5.45
889,0.00
975,10.21
284,5.28
291,5.33
800,10.19
308,5.34
491,0.00
619,15.98
591,10.34
157,5.42
60,5.39
883,10.37
684,5.44
554,5.55
301,5.32
494,5.30
118,5.41
257,5.27
276,5.30
622,0.00
985,0.00
135,5.13
309,5.17
59,5.13
75,4.96
599,4.97
789,4.98
715,4.90
374,4.95
599,4.82
917,4.91
94,4.94
194,4.75
294,0.00
382,4.76
403,0.00
688,10.32
714,0.00
542,4.79
44,4.79
319,4.85
197,4.77
982,4.69
253,4.79
106,4.72
644,0.00
819,4.70
440,4.75
334,4.74
15,4.69
659,0.00
835,4.69
826,4.70
409,0.00
796,4.88
889,10.37
391,0.00
203,4.81
567,4.72
325,4.81
296,4.69
72,4.63
163,4.66
174,4.63
643,4.64
507,4.69
484,4.52
686,4.54
608,0.00
678,4.52
544,4.57
458,4.66
905,10.18
396,4.64
734,0.00
516,4.65
827,0.00
783,4.76
615,10.15
991,4.83
142,4.73
152,4.73
214,4.77
509,4.73
487,4.74
982,4.69
199,4.71
874,4.75
74,4.76
570,4.85
648,15.12
551,4.82
658,4.90
5,4.88
953,0.00
535,4.90
256,4.86
125,4.98
447,0.00
36,4.96
458,0.00
970,4.91
545,5.03
383,0.00
947,5.07
749,5.07
127,5.16
462,5.08
239,5.08
87,0.00
701,5.05
11,0.00
231,5.15
347,5.09
426,5.02
484,0.00
934,5.09
83,5.14
514,5.04
488,0.00
379,0.00
744,5.17
584,0.00
910,0.00
732,0.00
526,5.21
631,9.93
435,5.23
437,5.10
322,5.25
481,4.98
944,5.11
193,5.12
149,5.12
753,0.00
75,5.04
31,5.08
121,5.05
676,0.00
845,5.09
224,5.10
269,0.00
684,5.03
305,5.17
12,5.14
275,5.14
817,0.00
661,0.00
467,9.81
839,5.14
785,9.77
353,5.24
316,5.23
72,5.18
408,0.00
312,5.04
169,5.05
630,0.00
355,9.95
946,5.11
784,5.05
467,0.00
345,5.05
343,5.05
658,9.75
538,5.05
336,4.91
532,0.00
353,4.94
973,9.83
376,4.93
394,0.00
837,4.83
375,4.86
811,4.93
464,0.00
884,4.91
106,4.98
966,0.00
989,5.06
238,5.08
675,5.14
972,5.23
706,0.00
429,5.12
835,5.17
822,5.17
675,5.34
182,5.42
832,10.33
573,5.35
794,5.33
778,5.38
286,5.39
460,5.31
303,5.39
209,5.34
323,5.28
121,5.22
841,5.23
11,5.32
978,0.00
134,5.35
913,0.00
830,5.19
73,5.37
828,5.26
726,10.60
255,5.40
776,5.31
392,5.44
298,5.26
277,5.35
689,5.27
574,5.36
642,5.32
697,5.39
618,0.00
421,5.50
959,5.47
482,5.62
886,0.00
772,0.00
791,5.51
677,5.52
328,5.68
598,5.64
473,5.71
369,5.63
352,10.72
417,5.57
307,5.64
60,5.61
625,5.52
310,0.00
502,5.53
865,5.56
74,5.57
541,10.59
38,5.54
89,5.47
334,5.52
118,5.47
414,0.00
595,5.51
451,5.59
62,5.60
793,0.00
509,5.49
651,5.47
235,5.44
801,5.47
250,5.52
132,5.30
509,0.00
104,5.23
372,5.18
679,10.29
420,5.16
825,5.11
882,5.15
624,5.23
646,10.30
333,5.13
696,0.00
804,5.11
98,5.18
650,0.00
907,5.18
957,5.20
79,5.30
324,5.13
568,10.43
158,5.17
512,0.00
57,5.13
370,0.00
726,4.97
844,5.03
268,5.14
489,4.95
732,5.00
622,5.11
599,0.00
55,10.35
911,10.39
331,5.10
993,20.40
247,5.10
927,5.09
214,5.18
251,5.10
483,0.00
541,5.02
762,5.10
642,4.97
698,5.07
92,4.98
458,4.94
617,5.04
874,5.04
773,0.00
40,4.93
819,0.00
998,10.63
129,4.98
965,5.10
471,0.00
573,5.02
802,0.00
871,5.14
965,0.00
224,5.02
196,5.14
808,5.11
327,5.18
247,5.24
287,0.00
993,0.00
906,5.37
554,5.32
919,10.90
32,5.40
588,0.00
153,5.38
819,5.43
305,5.44
726,0.00
277,5.62
195,5.58
868,5.58
446,5.61
938,5.49
513,5.58
781,5.61
946,5.62
229,5.64
877,5.67
576,0.00
304,5.53
991,0.00
474,5.60
529,5.55
255,5.53
130,0.00
688,5.63
672,5.65
770,5.79
147,5.65
607,5.75
442,5.85
178,5.94
42,5.73
236,0.00
815,5.80
667,0.00
435,0.00
555,5.76
304,5.79
772,5.68
366,0.00
639,5.74
150,5.88
610,0.00
430,5.72
600,10.77
364,5.74
504,5.53
731,0.00
543,5.70
97,5.67
520,0.00
803,0.00
862,0.00
189,5.64
346,5.63
975,5.58
424,5.63
564,0.00
955,5.55
96,5.63
189,5.56
607,5.56
312,5.57
135,0.00
473,5.57
564,0.00
627,5.61
19,5.65
937,5.48
215,5.54
162,5.55
981,16.25
214,5.57
278,0.00
118,5.48
740,5.48
883,5.49
651,5.63
104,5.61
16,5.46
684,21.04
113,5.43
459,10.78
259,5.28
366,5.30
316,5.24
664,5.25
251,5.11
517,0.00
624,5.18
370,5.18
376,5.13
433,5.14
85,0.00
62,4.94
465,4.94
722,0.00
971,10.65
964,4.99
12,4.89
294,4.97
384,4.81
607,4.77
574,0.00
61,4.82
124,4.71
933,0.00
880,10.51
384,4.76
964,4.65
289,4.75
555,0.00
669,4.64
877,4.72
889,4.79
596,0.00
512,4.74
420,0.00
689,4.82
315,4.91
922,0.00
877,10.62
446,4.94
740,5.05
167,4.97
410,10.79
668,5.21
141,5.10
132,5.04
595,0.00
916,5.03
161,5.07
497,0.00
696,0.00
748,5.07
409,5.13
720,5.17
173,5.23
855,10.61
154,5.15
240,5.07
759,5.15
221,5.24
944,5.26
147,5.21
291,5.17
1000,0.00
605,5.21
676,0.00
638,5.12
381,5.22
923,5.29
112,5.42
597,0.00
565,15.91
279,5.24
484,0.00
546,5.20
790,0.00
970,5.30
133,5.28
974,10.72
548,5.45
207,5.39
978,10.54
494,5.36
725,5.49
74,5.53
338,5.55
896,5.45
167,5.58
548,5.52
33,5.61
802,5.61
987,0.00
542,5.59
102,5.59
669,5.51
949,5.58
628,0.00
692,5.71
825,5.86
25,5.74
1,0.00
444,5.78
805,5.85
44,5.70
946,5.76
378,5.77
760,5.82
108,5.88
259,5.71
756,0.00
778,5.71
226,5.75
581,5.68
557,0.00
633,5.70
109,5.69
352,5.76
895,0.00
410,5.67
474,0.00
173,5.65
699,0.00
966,21.48
262,5.60
315,0.00
249,5.47
367,5.51
122,5.58
68,5.48
348,5.42
949,0.00
910,5.43
110,5.46
732,0.00
715,0.00
770,5.42
284,5.39
58,5.47
864,10.46
343,0.00
794,0.00
988,0.00
889,5.33
846,5.34
462,5.33
73,5.29
429,5.14
933,0.00
550,5.24
883,16.06
115,5.18
19,5.32
223,5.21
164,5.18
22,5.12
785,0.00
63,10.52
500,5.15
136,5.08
668,10.56
607,10.47
217,5.18
324,5.10
748,10.72
964,5.09
107,5.25
332,5.11
665,0.00
925,5.17
520,0.00
814,5.31
564,5.25
766,5.31
418,0.00
166,5.17
542,0.00
719,5.15
984,0.00
659,5.00
12,5.08
855,0.00
129,4.99
582,0.00
801,5.06
402,4.97
85,4.93
296,5.01
694,0.00
791,5.05
959,5.09
105,5.13
986,0.00
543,5.07
959,0.00
327,5.18
198,5.19
508,5.08
310,5.11
5,5.12
424,5.12
551,5.02
954,5.09
675,0.00
876,10.51
737,5.19
247,5.16
33,5.15
46,5.08
739,0.00
578,5.03
43,5.10
522,5.05
476,5.05
357,5.05
632,5.05
919,0.00
941,10.63
884,5.22
614,10.58
663,5.37
259,5.46
194,5.26
519,10.63
624,10.56
244,5.35
403,5.22
75,5.17
710,0.00
462,5.20
13,5.32
890,5.18
550,0.00
73,5.27
551,0.00
372,5.31
40,5.18
175,0.00
192,5.30
540,0.00
533,5.21
423,0.00
411,0.00
765,5.16
636,0.00
908,10.37
766,5.20
67,10.44
488,5.27
60,5.28
187,0.00
355,5.08
881,5.15
279,5.16
377,5.10
110,5.11
388,0.00
727,5.05
635,0.00
418,5.00
615,0.00
215,5.03
637,0.00
817,5.10
906,0.00
138,5.14
393,0.00
634,5.17
520,0.00
498,0.00
762,5.04
549,0.00
372,5.08
592,0.00
464,0.00
269,5.05
856,0.00
500,0.00
232,5.03
497,0.00
940,5.19
356,5.19
233,5.20
998,10.44
683,5.32
340,5.46
719,0.00
879,10.51
624,10.47
597,5.39
797,5.50
506,5.36
107,5.42
465,5.37
353,5.39
892,5.29
422,5.43
835,0.00
769,10.56
226,5.47
202,10.60
312,5.37
948,0.00
514,0.00
589,0.00
982,10.61
168,5.34
570,5.35
469,5.43
300,5.39
544,0.00
383,5.34
803,0.00
661,5.36
854,5.34
199,5.41
546,5.45
217,5.46
501,0.00
234,5.40
955,5.38
654,5.45
258,5.49
990,0.00
445,5.41
432,5.49
701,0.00
239,5.52
482,5.53
550,5.54
646,0.00
91,5.50
303,5.42
842,0.00
688,5.42
672,5.50
435,5.60
193,5.71
537,5.70
423,5.82
257,5.69
364,5.63
141,5.65
95,5.62
113,0.00
506,0.00
324,5.68
96,5.47
89,5.48
840,5.36
771,5.46
549,5.37
858,10.46
604,5.48
118,5.59
156,5.50
22,5.51
1,5.45
511,5.36
27,5.40
767,0.00
278,5.38
319,5.28
318,5.30
804,5.31
564,0.00
287,5.24
582,5.17
727,10.45
345,5.14
9,5.16
893,0.00
415,5.08
450,5.13
686,5.15
999,5.12
57,5.18
973,5.15
875,0.00
426,5.22
704,0.00
741,5.17
278,5.25
985,5.22
196,5.34
128,5.26
716,0.00
476,5.32
398,5.26
343,5.33
569,10.64
30,5.29
749,10.74
355,10.70
88,5.30
688,0.00
612,10.79
14,5.10
294,5.12
828,5.24
926,5.28
8,5.38
351,5.28
166,5.23
58,5.24
411,0.00
827,5.29
271,5.31
180,5.29
624,5.25
372,0.00
444,5.18
276,5.14
434,10.48
630,5.14
787,5.20
246,5.17
405,5.13
667,0.00
826,0.00
587,5.05
261,5.12
986,4.99
880,5.08
116,5.17
446,0.00
504,5.08
105,5.06
881,0.00
956,5.16
18,5.22
492,5.10
660,0.00
725,5.19
152,4.98
391,0.00
93,4.98
304,0.00
112,5.10
391,5.18
370,0.00
863,5.17
596,0.00
84,5.21
725,0.00
941,5.31
683,5.40
950,5.42
142,5.48
106,5.24
925,5.33
848,5.47
621,5.41
640,5.51
254,5.43
757,0.00
899,5.42
215,5.47
571,5.40
261,5.53
847,0.00
941,5.42
193,5.43
999,5.35
34,5.36
563,0.00
591,5.25
606,0.00
233,5.28
364,5.24
864,0.00
369,0.00
873,10.61
221,5.31
462,5.30
191,5.22
231,5.12
248,5.10
64,5.09
57,5.09
199,5.04
619,0.00
414,5.02
321,4.95
716,5.01
582,5.02
266,0.00
251,5.17
900,5.00
189,5.06
658,0.00
992,15.67
280,4.97
660,10.24
973,15.90
875,5.18
685,5.34
350,5.19
532,5.19
554,0.00
793,5.25
629,10.35
673,10.42
726,5.40
31,5.29
403,0.00
328,0.00
505,5.33
453,0.00
168,5.39
773,5.27
153,5.28
75,5.28
919,5.21
224,5.21
139,0.00
629,0.00
388,5.17
383,0.00
114,5.21
530,0.00
51,5.19
438,5.20
288,5.00
200,4.99
681,0.00
377,4.95
39,5.00
677,0.00
148,4.85
847,10.27
232,10.13
875,4.87
654,4.68
747,0.00
553,4.79
573,4.66
668,0.00
818,10.19
683,4.67
869,4.67
211,4.77
777,4.87
557,4.88
899,10.21
87,5.11
113,4.91
912,4.89
870,4.96
596,0.00
168,4.99
603,0.00
968,15.64
20,4.97
823,10.31
44,5.01
99,5.07
778,0.00
434,5.00
828,5.07
975,5.30
441,5.14
128,5.21
846,5.14
403,0.00
785,10.18
756,5.35
607,5.10
139,5.26
644,0.00
983,5.21
33,5.37
437,5.31
489,10.41
294,5.32
886,5.40
25,5.19
611,5.18
954,5.24
112,5.11
280,5.16
578,0.00
19,5.12
818,0.00
718,4.98
33,0.00
814,5.02
130,5.13
637,0.00
899,4.98
219,4.94
610,0.00
123,5.04
953,5.05
298,5.05
419,4.92
250,5.07
316,4.99
524,0.00
702,5.07
209,5.17
915,5.10
760,0.00
19,5.03
841,5.14
247,5.15
867,10.01
498,5.22
678,9.93
684,5.39
664,5.28
166,0.00
789,5.28
939,5.34
456,5.28
203,5.29
194,5.22
127,5.20
479,0.00
801,0.00
101,5.01
865,0.00
818,0.00
467,5.00
33,5.10
162,5.14
726,5.09
786,15.31
340,5.17
997,0.00
724,15.49
280,5.21
103,5.17
421,5.06
959,15.26
830,10.22
728,10.37
919,0.00
47,5.16
243,5.15
17,0.00
604,0.00
495,0.00
713,5.07
353,5.01
64,5.00
831,0.00
91,4.94
62,4.94
822,0.00
795,5.00
961,5.09
253,5.01
979,0.00
790,4.96
171,5.03
289,5.13
406,0.00
677,5.08
504,5.13
703,0.00
944,10.18
659,5.31
96,5.17
129,5.21
361,5.25
737,5.25
397,5.33
740,0.00
999,5.21
336,5.31
767,5.32
510,5.42
65,5.25
825,5.24
539,0.00
700,5.26
586,5.32
9,5.33
564,5.37
135,5.46
719,0.00
477,5.23
961,5.28
861,5.29
799,5.39
814,5.18
6,5.11
882,5.16
290,5.23
701,5.13
680,5.19
186,5.23
152,5.14
549,5.14
510,0.00
786,10.18
65,5.30
678,10.17
402,5.25
756,0.00
919,5.15
169,5.30
367,5.23
485,5.24
653,5.25
368,5.13
497,5.21
24,5.22
189,0.00
86,5.17
696,5.21
168,5.29
197,5.15
116,10.37
558,5.14
385,0.00
908,5.17
699,4.95
107,4.98
872,0.00
844,0.00
999,4.96
248,0.00
35,4.97
338,4.96
563,0.00
885,10.09
423,5.04
918,5.06
239,5.07
848,5.05
742,0.00
16,4.97
998,0.00
391,4.92
301,4.90
612,15.13
2,5.08
537,4.84
882,0.00
317,4.88
98,4.81
930,0.00
365,4.90
465,0.00
784,4.82
213,4.83
41,4.81
701,4.87
889,10.19
123,4.92
796,0.00
359,4.88
162,4.93
404,4.94
188,4.87
733,0.00
377,4.80
328,4.93
698,0.00
807,10.21
799,10.22
595,4.99
822,4.95
773,4.93
295,5.04
456,0.00
231,4.99
317,0.00
812,4.91
851,4.91
946,5.10
662,0.00
935,5.04
170,5.11
748,5.11
740,5.20
17,5.33
18,5.19
450,5.04
839,0.00
157,5.15
460,0.00
498,5.21
652,5.14
678,0.00
277,5.30
48,5.23
809,0.00
867,5.20
804,5.33
956,15.61
639,10.48
915,10.47
144,5.48
453,0.00
965,5.47
919,0.00
123,5.61
304,0.00
1,5.56
506,0.00
811,5.48
568,0.00
770,0.00
39,5.52
740,5.46
859,5.48
371,5.37
65,5.42
957,0.00
480,5.48
252,5.49
207,5.54
745,0.00
881,5.44
747,5.49
231,5.50
335,5.54
684,0.00
875,10.36
628,5.50
164,5.48
218,5.49
232,5.46
403,5.47
662,0.00
370,10.33
45,5.45
507,5.29
678,0.00
506,5.31
633,5.27
718,5.34
472,5.39
792,5.49
25,5.53
920,0.00
643,5.40
922,0.00
816,10.47
100,5.54
9,5.55
962,10.46
233,10.42
142,5.59
808,0.00
749,5.66
76,5.54
114,5.49
137,5.49
529,0.00
895,5.49
476,5.67
928,5.48
51,0.00
509,0.00
192,5.42
836,10.55
577,5.38
31,5.33
229,5.30
657,0.00
163,5.30
821,0.00
831,10.54
218,5.34
655,5.17
944,5.34
905,5.23
64,0.00
655,5.34
484,0.00
497,5.39
287,5.27
942,10.75
671,5.26
301,5.16
400,5.07
60,4.94
176,0.00
65,5.04
142,4.98
442,0.00
699,5.00
940,5.01
127,5.07
378,4.93
563,0.00
291,4.93
21,4.90
614,4.83
938,0.00
579,0.00
8,5.02
245,4.97
745,0.00
891,5.01
178,5.08
861,4.98
302,4.99
8,5.03
681,4.99
247,0.00
464,0.00
324,4.98
312,0.00
686,5.00
568,5.01
487,0.00
15,5.03
958,0.00
775,4.96
195,4.97
220,5.04
829,0.00
160,4.95
530,4.91
251,4.98
62,4.89
581,0.00
524,10.31
521,4.77
243,4.77
326,4.66
510,4.66
312,0.00
782,0.00
658,10.12
633,4.63
156,4.78
661,0.00
133,4.81
996,4.64
835,4.69
481,4.61
521,0.00
830,0.00
100,4.69
828,4.68
268,4.67
920,0.00
412,0.00
929,4.70
740,4.76
942,4.89
570,9.95
189,4.82
87,4.71
870,4.69
133,0.00
258,4.51
309,4.61
301,4.69
965,15.36
283,4.71
940,4.76
905,0.00
456,4.74
62,4.82
983,0.00
470,4.87
734,4.90
957,9.79
34,4.86
283,4.79
204,4.84
217,4.79
62,4.68
126,0.00
700,4.67
929,0.00
573,4.65
16,4.74
494,0.00
725,4.67
604,4.73
172,4.81
817,0.00
989,4.68
708,4.76
426,0.00
161,4.85
926,9.96
22,5.03
971,4.85
213,4.92
373,4.84
493,4.75
640,0.00
374,4.87
620,4.80
44,4.89
495,4.82
220,4.82
790,0.00
853,4.91
967,4.93
702,4.89
263,4.94
430,0.00
945,4.83
400,4.74
994,4.80
685,4.82
1,4.92
940,4.99
813,4.85
247,4.82
830,4.83
782,4.87
280,4.76
360,4.91
432,0.00
611,0.00
825,14.90
574,4.77
827,4.82
615,14.86
986,0.00
987,14.75
75,4.88
981,14.73
43,4.96
921,0.00
343,9.57
948,4.83
220,4.88
571,4.89
532,0.00
878,9.69
335,4.95
812,4.79
345,9.66
818,4.97
558,4.87
280,4.87
710,4.95
158,4.96
840,0.00
459,4.91
119,4.94
400,0.00
157,4.94
151,4.86
839,0.00
1000,0.00
413,4.77
497,0.00
831,0.00
190,4.87
579,0.00
714,14.68
894,0.00
629,4.89
328,4.89
408,4.94
267,4.92
340,4.84
562,0.00
881,4.84
607,4.92
394,4.99
6,5.01
135,4.86
322,0.00
880,9.81
387,4.87
512,9.74
138,4.84
910,9.84
225,4.98
598,4.87
85,4.96
644,0.00
569,4.92
176,4.96
775,0.00
809,14.55
759,4.95
248,4.92
951,4.97
501,5.02
615,4.94
703,9.85
147,4.96
99,4.96
897,0.00
714,5.07
433,5.04
864,5.10
559,0.00
929,9.73
817,10.01
826,9.92
250,5.04
551,9.80
259,5.00
236,5.00
138,5.01
659,14.59
513,10.00
663,5.05
153,5.01
713,0.00
864,4.99
826,5.05
420,5.07
494,0.00
871,5.15
304,5.15
427,5.19
842,5.23
235,5.23
672,5.22
78,5.22
259,5.19
440,0.00
743,5.14
182,5.15
20,5.11
293,5.12
944,0.00
664,5.06
128,5.25
969,5.14
974,5.23
111,5.33
625,0.00
805,5.25
354,5.27
737,5.36
923,0.00
433,5.26
724,5.33
992,15.12
221,5.42
114,0.00
232,0.00
78,5.39
292,5.37
193,5.30
571,5.29
140,5.38
504,0.00
456,5.20
579,5.20
612,5.27
366,5.34
269,5.31
105,5.35
829,0.00
252,5.33
258,5.28
884,10.23
691,5.31
507,5.32
94,5.28
277,5.18
49,5.32
195,5.23
440,0.00
929,5.11
374,0.00
658,5.26
131,5.27
746,0.00
681,5.15
817,0.00
565,5.24
169,5.24
155,5.24
516,0.00
309,5.31
551,0.00
144,5.18
336,5.13
932,14.92
89,5.20
943,10.12
603,4.99
328,4.98
317,5.06
982,5.07
540,5.02
675,5.12
44,5.04
495,0.00
698,5.00
356,4.96
432,4.88
276,4.89
367,4.95
414,0.00
924,0.00
145,4.88
277,4.90
574,0.00
772,4.80
402,4.71
197,4.78
350,4.70
11,4.74
975,4.74
307,4.82
820,0.00
255,4.62
299,4.60
30,4.50
916,0.00
446,4.51
498,4.44
401,4.50
728,4.51
765,4.42
463,4.43
612,0.00
409,4.34
305,4.44
508,0.00
240,4.43
418,4.45
77,4.44
868,0.00
18,4.45
149,4.39
594,0.00
971,4.39
494,0.00
210,4.50
768,0.00
876,0.00
125,4.56
472,0.00
258,4.61
465,0.00
650,4.75
923,4.65
598,4.71
71,4.78
868,0.00
980,4.88
336,4.81
611,4.84
212,4.93
506,0.00
541,4.96
427,4.84
373,0.00
774,4.88
433,4.89
326,0.00
645,4.89
608,0.00
68,4.87
778,0.00
133,5.00
169,5.01
851,0.00
996,10.18
543,10.23
508,15.28
777,15.02
183,5.06
202,4.98
374,0.00
190,4.92
642,0.00
237,9.96
56,5.05
913,5.01
329,5.04
2,4.91
160,4.88
676,0.00
719,4.90
294,4.95
998,0.00
516,4.88
695,4.95
150,4.92
675,4.98
438,5.10
328,5.01
730,0.00
215,5.00
472,5.13
15,5.17
483,5.03
728,9.67
222,5.05
53,5.02
770,5.00
759,0.00
939,5.16
161,5.12
771,0.00
446,0.00
810,5.15
775,5.28
372,5.20
571,0.00
387,5.13
934,0.00
660,5.14
276,5.30
438,5.32
49,5.37
666,5.25
858,5.29
72,5.38
223,5.34
626,0.00
394,5.26
6,5.27
723,0.00
145,5.07
846,5.03
50,5.19
929,0.00
749,0.00
855,5.03
242,5.20
457,0.00
3,5.07
249,5.00
392,4.91
525,0.00
898,4.95
418,0.00
567,5.06
237,4.99
725,9.78
352,5.06
144,4.98
675,4.94
895,0.00
276,4.88
534,4.87
744,0.00
172,4.96
726,10.07
396,4.99
662,20.17
538,5.10
428,5.00
905,5.12
313,4.95
514,5.00
249,5.00
166,5.06
341,0.00
765,5.08
617,5.13
453,4.96
526,0.00
286,5.02
302,5.08
789,5.03
542,5.03
51,5.05
557,0.00
765,0.00
392,5.08
704,5.04
169,5.03
772,4.99
36,5.06
106,5.11
522,0.00
918,14.66
898,10.12
233,5.13
134,0.00
2,5.15
228,5.04
306,5.05
837,0.00
334,10.08
578,10.13
487,5.01
648,5.02
939,5.02
307,4.92
85,4.98
46,4.82
207,4.78
556,0.00
137,4.73
287,4.79
589,4.72
895,4.72
82,4.82
307,4.74
948,4.82
425,0.00
394,4.92
443,0.00
358,4.79
244,4.85
672,0.00
579,4.79
842,0.00
727,4.79
899,0.00
550,4.91
963,0.00
995,5.12
106,5.09
640,0.00
407,5.06
219,5.04
840,0.00
500,5.06
505,9.93
981,5.12
200,5.13
178,4.98
147,5.18
412,5.04
694,5.10
731,5.11
240,5.05
204,5.04
822,0.00
418,9.93
765,4.99
481,15.00
906,10.16
777,5.13
656,0.00
993,20.32
714,5.06
774,5.05
182,5.13
840,0.00
526,5.14
181,5.03
74,5.11
738,0.00
331,4.97
893,4.98
173,4.93
807,0.00
476,4.88
496,4.94
997,0.00
148,5.17
245,5.09
516,5.09
915,5.12
5,5.05
479,5.05
974,5.13
455,0.00
155,5.06
369,0.00
346,5.05
688,0.00
587,10.08
911,10.09
588,5.17
949,5.21
922,5.26
506,5.25
438,0.00
225,5.28
653,0.00
838,5.25
176,5.25
125,0.00
275,5.23
127,5.33
460,0.00
640,5.19
978,5.16
394,0.00
472,5.10
162,5.08
306,4.98
324,5.02
729,0.00
158,4.76
823,0.00
819,4.86
539,0.00
675,0.00
754,0.00
34,4.96
852,5.05
972,4.97
122,5.01
945,0.00
113,5.06
26,4.98
408,0.00
992,5.03
408,0.00
507,5.07
877,10.11
97,5.18
866,10.06
380,0.00
582,10.15
918,10.12
371,10.16
489,5.13
31,0.00
855,10.16
551,0.00
764,5.04
745,0.00
963,5.13
814,5.13
605,10.16
715,5.18
841,5.19
829,10.43
880,5.37
21,5.41
301,5.33
51,5.18
794,5.18
884,0.00
438,5.08
875,5.21
833,5.28
555,5.33
525,0.00
147,5.27
487,5.24
917,5.29
266,5.22
815,0.00
708,0.00
846,10.39
540,5.31
821,0.00
527,5.32
904,0.00
163,5.45
377,5.40
985,0.00
533,5.50
835,5.55
408,5.48
716,5.48
867,5.61
195,5.54
327,5.56
14,5.57
59,5.56
142,5.57
652,5.53
713,5.60
204,5.65
747,0.00
934,5.47
316,5.56
47,5.50
208,5.47
721,5.46
918,5.47
825,5.36
287,5.30
274,5.43
386,5.30
838,0.00
417,5.42
17,5.56
74,5.46
337,5.41
433,0.00
944,15.54
567,10.56
973,10.67
753,10.56
969,5.51
398,5.63
700,5.43
895,10.65
555,5.48
787,5.48
837,10.46
635,5.44
347,5.37
759,5.38
666,5.31
3,5.22
799,0.00
221,0.00
880,5.24
624,5.30
101,5.41
87,5.38
537,5.38
656,5.41
248,5.45
405,0.00
743,5.37
653,0.00
726,5.35
159,5.38
899,0.00
736,5.44
594,5.47
427,5.62
666,0.00
892,5.55
247,5.56
523,5.52
366,5.59
415,5.41
268,0.00
159,5.35
889,10.68
214,5.37
347,5.32
335,5.40
909,0.00
609,10.88
906,5.32
47,5.21
339,5.26
477,10.87
333,5.26
217,0.00
903,0.00
523,5.22
315,5.28
982,5.33
204,5.42
659,0.00
562,5.34
754,0.00
975,0.00
716,0.00
400,5.27
515,5.29
581,5.42
791,5.34
858,10.58
676,0.00
129,5.24
187,5.22
183,0.00
586,5.27
566,0.00
447,0.00
462,10.68
40,5.28
657,0.00
998,10.78
806,5.20
706,10.75
610,15.82
666,10.81
156,5.35
847,0.00
667,5.43
628,5.35
715,0.00
439,10.86
843,5.41
455,0.00
752,5.39
550,5.37
364,0.00
546,0.00
705,0.00
333,5.31
173,5.37
797,5.38
975,5.42
260,5.49
694,5.46
473,0.00
492,5.39
667,0.00
292,5.15
495,0.00
592,5.05
157,5.10
593,5.10
602,0.00
558,0.00
357,5.11
629,0.00
910,0.00
244,5.23
818,0.00
870,5.21
358,5.27
924,5.31
543,10.77
225,5.47
971,0.00
621,5.42
767,16.33
218,5.53
585,0.00
975,5.47
656,0.00
131,5.51
280,5.44
599,0.00
442,5.45
627,0.00
962,5.45
574,5.63
274,5.61
980,0.00
937,5.55
111,5.66
624,10.89
921,5.63
535,11.01
736,5.56
50,5.65
348,5.60
34,5.64
376,0.00
521,10.95
989,5.55
515,0.00
650,10.71
636,10.77
985,10.79
607,0.00
5,5.61
636,0.00
305,5.52
268,5.59
522,0.00
417,10.83
601,5.54
330,5.52
281,5.55
116,5.44
666,10.87
630,5.45
502,10.91
844,5.51
771,10.84
75,5.50
156,5.42
297,5.37
421,5.31
942,0.00
414,5.27
109,5.36
106,5.29
796,0.00
983,10.73
857,5.26
883,5.33
327,5.43
859,5.38
822,5.52
2,5.58
754,0.00
723,5.49
26,5.54
758,0.00
816,5.47
72,5.51
159,5.55
943,5.37
662,0.00
73,5.43
801,0.00
934,0.00
102,5.38
457,0.00
813,5.29
222,5.37
714,10.80
571,5.22
120,5.21
340,5.26
556,5.15
920,0.00
984,5.15
617,5.21
138,5.28
540,0.00
616,5.15
405,0.00
739,5.14
776,0.00
753,10.72
286,5.26
325,0.00
894,0.00
879,10.78
889,5.21
37,5.18
664,0.00
577,5.14
179,5.19
343,10.71
477,10.63
451,5.18
717,5.21
23,5.06
382,0.00
834,5.00
809,15.90
4,4.93
470,0.00
338,4.82
476,0.00
635,4.84
167,4.93
659,4.93
242,4.97
550,0.00
109,4.79
569,0.00
33,4.73
964,4.78
298,4.88
241,4.79
16,4.73
786,4.72
604,10.02
964,4.79
675,4.84
233,4.70
255,10.07
528,4.74
413,4.57
686,4.53
136,4.71
380,0.00
864,10.03
925,4.71
106,4.59
328,4.74
537,0.00
180,4.67
323,4.51
800,4.51
12,4.49
895,0.00
698,4.52
323,4.57
940,4.49
1,4.58
827,4.50
462,0.00
708,4.56
517,0.00
935,4.53
391,4.63
340,4.72
37,4.75
454,0.00
822,9.82
523,4.69
332,4.63
61,4.60
117,4.66
746,4.60
116,4.64
483,0.00
283,4.49
174,4.49
416,0.00
897,9.59
440,4.45
790,4.55
113,4.62
299,4.44
891,9.57
604,4.55
123,4.57
995,0.00
951,0.00
491,4.65
543,4.67
879,15.47
219,4.79
513,9.71
285,4.82
976,4.92
502,4.98
39,4.93
240,4.95
19,4.90
842,0.00
533,4.82
339,4.89
907,0.00
889,15.21
334,5.05
174,5.22
543,0.00
414,5.18
485,0.00
863,0.00
426,5.17
767,0.00
456,5.09
171,5.14
209,9.94
869,15.12
833,5.19
447,5.13
227,0.00
544,5.11
285,4.93
215,0.00
24,5.04
364,4.94
141,5.01
468,4.84
299,0.00
469,4.94
493,0.00
756,5.06
513,5.01
810,0.00
592,0.00
137,4.99
916,5.02
203,5.07
425,0.00
133,5.10
979,0.00
874,5.12
745,5.20
79,5.22
740,0.00
30,5.09
841,5.09
221,5.15
623,0.00
98,5.08
503,0.00
896,5.13
723,5.20
978,5.13
778,5.14
555,5.27
124,5.37
219,5.34
566,0.00
581,0.00
979,5.23
529,5.29
112,5.30
373,9.72
400,5.03
49,5.14
768,5.11
617,5.11
640,5.12
20,5.06
271,4.94
450,0.00
357,4.94
264,4.95
636,9.78
470,14.70
319,4.76
392,0.00
726,0.00
879,4.84
303,4.95
466,0.00
917,0.00
458,0.00
627,10.10
393,4.95
946,0.00
795,5.00
94,5.08
791,0.00
456,5.02
937,0.00
142,5.18
801,5.09
667,0.00
279,5.20
953,5.23
255,5.31
710,5.22
759,5.23
48,5.34
937,10.33
187,5.52
712,5.41
123,0.00
890,10.42
371,5.61
76,5.50
783,0.00
817,5.62
399,5.67
842,5.77
32,5.69
490,0.00
951,10.67
8,5.67
194,5.57
184,5.60
994,5.40
767,0.00
998,0.00
288,5.71
739,0.00
6,5.62
831,0.00
638,0.00
968,5.57
213,5.48
491,0.00
59,0.00
321,5.54
542,5.54
396,5.54
926,5.54
684,5.62
521,5.70
799,0.00
722,10.81
974,5.61
544,10.75
135,5.68
91,5.63
99,5.53
131,5.48
670,0.00
208,5.49
48,5.55
451,0.00
104,5.48
765,0.00
986,10.62
619,10.84
900,5.55
907,5.56
625,5.55
208,5.67
53,5.63
634,0.00
733,5.70
176,5.65
283,5.67
482,10.58
827,5.67
874,5.70
273,5.77
989,15.60
577,10.65
92,5.80
195,5.76
374,5.73
18,5.69
809,5.63
148,5.73
226,5.62
431,5.51
503,5.55
89,5.44
945,0.00
51,5.41
921,0.00
661,5.32
394,5.32
158,5.19
937,0.00
15,5.24
315,5.23
179,5.18
465,0.00
790,5.04
490,0.00
694,4.98
952,5.08
27,4.92
324,4.93
217,4.86
257,4.79
228,4.89
718,0.00
720,0.00
712,4.94
461,5.00
978,5.01
250,5.00
702,0.00
268,4.89
982,0.00
156,4.93
128,4.99
642,0.00
719,4.92
832,4.99
139,4.92
38,4.99
892,0.00
776,4.92
183,5.02
66,4.94
148,4.91
190,0.00
520,0.00
847,0.00
661,10.48
171,4.81
303,4.83
443,0.00
916,5.01
815,4.94
464,0.00
790,4.94
134,5.04
983,5.00
969,5.11
629,10.66
69,5.19
541,5.19
924,5.15
148,5.15
349,5.18
260,5.19
754,0.00
669,5.08
244,5.14
814,5.14
156,5.25
455,5.15
147,5.18
358,5.10
822,0.00
264,10.84
490,5.02
822,5.10
213,5.09
736,0.00
579,0.00
746,5.16
129,5.24
977,5.26
758,5.38
489,5.29
985,5.40
738,0.00
990,11.06
470,5.64
834,0.00
377,5.66
374,0.00
523,5.70
746,5.74
725,5.69
699,5.78
402,0.00
961,5.79
738,5.81
879,5.82
664,0.00
303,5.95
911,0.00
982,0.00
142,5.91
256,5.92
252,5.88
724,5.86
131,5.73
387,5.77
351,5.64
381,0.00
856,5.55
130,5.64
557,10.56
696,5.58
455,5.44
841,0.00
47,5.61
414,0.00
378,5.54
611,5.49
855,0.00
300,5.63
186,5.65
24,5.60
564,0.00
368,5.60
462,5.65
873,0.00
897,5.36
280,5.54
979,0.00
275,5.53
492,5.57
675,5.59
973,0.00
12,5.39
996,10.64
297,5.41
689,0.00
94,5.42
416,5.42
589,5.42
636,5.40
174,5.48
283,5.26
697,5.31
687,5.44
438,10.53
489,5.47
416,5.55
611,10.46
264,5.50
190,5.34
621,5.28
106,0.00
686,0.00
355,5.29
689,0.00
347,5.26
172,5.31
17,5.22
668,0.00
364,5.03
747,10.56
363,5.00
86,5.07
898,0.00
541,5.03
982,5.05
384,5.16
752,0.00
736,5.12
622,5.12
73,5.07
906,0.00
854,5.12
472,5.12
968,0.00
627,11.04
257,5.22
180,0.00
12,5.30
224,5.12
942,5.11
557,0.00
879,5.17
726,5.24
260,5.15
366,5.30
898,5.25
372,0.00
623,5.32
646,0.00
646,5.30
74,5.40
948,11.00
686,5.42
53,5.39
591,5.39
321,5.46
36,5.35
413,0.00
636,0.00
346,5.23
549,5.24
19,5.30
590,0.00
948,5.25
872,5.30
818,5.17
105,0.00
307,5.15
356,5.14
584,0.00
997,10.66
898,15.80
566,5.15
257,5.24
600,5.13
77,5.22
83,5.24
825,0.00
370,5.17
261,5.19
529,5.19
257,5.26
950,10.53
568,5.32
241,5.33
260,5.29
164,5.21
427,5.19
499,5.29
846,5.30
646,5.32
530,5.43
51,5.46
353,5.31
877,0.00
356,5.35
91,5.27
10,5.22
257,5.23
286,5.22
906,0.00
183,5.14
213,5.21
108,5.10
625,0.00
913,5.03
583,0.00
803,5.03
643,5.05
773,5.19
612,5.11
122,5.05
746,4.88
3,4.89
573,0.00
429,4.92
133,4.85
624,0.00
534,4.91
460,4.94
991,4.94
865,10.08
66,5.03
189,0.00
632,0.00
401,4.99
267,4.98
666,0.00
567,4.94
800,0.00
321,4.94
616,0.00
592,4.86
392,4.97
305,5.03
726,10.50
621,5.12
542,0.00
466,0.00
585,5.08
82,5.18
616,0.00
533,5.18
334,5.22
682,5.17
564,0.00
881,5.30
499,5.35
520,0.00
557,5.36
138,5.33
541,0.00
765,5.34
753,5.36
372,5.46
866,5.40
6,5.52
508,0.00
622,5.47
628,16.24
624,5.48
241,5.35
499,5.32
303,5.43
160,5.39
462,0.00
649,0.00
853,5.25
998,5.22
369,5.21
640,0.00
557,0.00
863,10.78
651,10.75
26,5.38
114,5.24
989,0.00
801,5.35
641,5.36
391,0.00
642,5.52
223,5.51
534,5.51
891,0.00
124,5.55
67,5.54
506,0.00
787,5.51
85,5.60
962,0.00
43,5.54
876,5.50
333,5.60
904,5.48
119,5.49
72,5.50
121,5.46
625,5.46
629,5.52
206,5.47
268,5.44
890,5.44
153,5.49
889,0.00
381,0.00
518,5.36
396,0.00
979,5.29
888,5.47
7,5.35
298,5.44
170,5.34
840,0.00
29,5.34
705,0.00
133,5.24
283,5.23
707,10.31
740,5.18
221,5.24
487,0.00
208,5.03
487,5.18
892,0.00
636,5.05
266,5.12
247,5.19
984,0.00
979,5.17
514,0.00
62,5.10
113,5.13
51,5.07
543,0.00
543,5.03
473,0.00
989,4.89
236,4.90
241,5.01
725,10.47
531,4.99
232,0.00
900,15.83
678,10.43
26,5.21
835,5.24
785,5.24
528,5.32
38,5.20
7,5.29
363,5.24
582,0.00
829,0.00
196,10.52
988,5.35
722,10.67
48,5.28
417,0.00
271,5.17
429,0.00
64,5.12
683,0.00
229,0.00
769,5.22
975,5.15
394,5.21
928,5.31
1,5.26
389,0.00
881,5.16
504,5.19
45,5.19
447,5.19
319,0.00
296,0.00
13,5.29
286,5.21
523,0.00
287,5.21
565,0.00
124,5.19
94,5.17
623,0.00
400,5.13
39,5.20
691,0.00
904,10.55
288,5.18
77,5.08
332,5.20
948,5.14
191,5.16
551,0.00
669,5.17
602,0.00
752,10.49
396,5.23
222,5.27
934,5.23
32,5.22
127,5.22
566,0.00
92,5.20
772,0.00
253,5.20
539,0.00
473,0.00
153,5.28
96,5.12
461,0.00
747,5.15
17,5.15
172,5.23
392,5.08
549,0.00
336,5.17
33,5.10
279,0.00
730,5.09
29,5.05
904,4.95
843,5.07
107,5.12
236,5.11
467,0.00
577,4.98
98,5.02
813,5.04
291,5.09
701,0.00
690,5.00
307,4.96
461,0.00
992,10.09
151,4.86
68,4.87
701,4.83
212,4.84
232,4.83
614,4.74
90,0.00
397,4.84
253,4.88
874,0.00
756,10.18
176,4.74
470,4.80
175,4.69
542,4.69
24,4.64
231,4.65
100,4.59
132,4.51
863,4.38
533,0.00
998,4.50
229,4.69
510,0.00
636,4.47
630,4.44
564,0.00
494,4.48
366,4.47
58,4.50
92,4.51
950,0.00
236,4.46
302,4.46
375,0.00
874,4.49
336,9.67
150,4.66
581,4.58
746,0.00
818,4.53
382,0.00
448,4.49
849,0.00
210,4.55
193,4.52
654,0.00
841,4.52
13,4.53
888,0.00
715,4.56
105,4.63
905,4.63
577,0.00
180,4.68
353,4.76
43,4.73
808,4.69
161,4.78
208,4.75
750,0.00
758,4.77
14,4.72
198,4.70
480,0.00
630,4.70
444,0.00
773,4.76
733,0.00
926,0.00
904,4.73
871,0.00
589,4.83
330,4.95
228,4.90
880,4.98
266,5.05
893,4.98
635,10.01
656,5.02
129,5.09
593,5.00
167,5.02
68,4.98
108,4.95
727,0.00
804,4.97
296,4.97
254,5.03
643,0.00
133,4.92
955,9.79
874,15.07
81,5.05
743,5.14
212,5.02
564,5.15
49,5.16
993,0.00
45,5.22
899,5.20
930,5.30
439,0.00
362,5.19
855,5.19
735,9.78
540,5.40
335,5.41
62,5.35
818,9.82
169,5.39
652,5.24
515,5.30
349,5.31
458,5.36
419,0.00
84,5.35
100,5.36
520,0.00
563,5.32
252,5.24
744,5.21
351,5.17
966,5.20
741,20.40
692,5.18
498,5.28
528,0.00
459,5.23
395,0.00
269,5.23
87,5.16
910,5.09
600,0.00
419,5.06
153,5.04
248,5.03
269,4.98
912,4.98
477,5.00
453,0.00
491,5.07
601,5.04
106,5.11
377,0.00
526,5.04
127,5.05
67,5.00
390,4.94
711,0.00
802,9.65
429,4.89
813,0.00
309,0.00
349,0.00
560,4.67
445,0.00
966,4.68
122,4.78
614,0.00
822,0.00
975,14.68
639,4.88
79,4.77
631,4.84
869,4.75
986,0.00
412,0.00
795,0.00
911,4.92
590,10.04
160,4.92
394,0.00
679,4.78
271,4.67
706,4.73
928,4.75
316,4.77
849,0.00
432,0.00
866,4.74
897,4.67
985,4.83
74,4.84
986,4.90
96,4.84
230,4.86
188,4.91
367,4.85
782,0.00
848,4.92
752,4.98
270,0.00
26,5.05
996,5.03
935,10.28
5,5.13
875,5.11
711,5.21
665,5.15
261,5.16
535,5.24
349,5.13
39,5.11
800,0.00
445,5.08
876,0.00
431,5.00
434,5.09
465,4.96
382,5.02
840,5.12
36,5.12
639,5.05
539,0.00
653,5.06
683,5.17
413,5.04
344,0.00
826,0.00
912,5.12
750,0.00
768,5.22
918,5.30
598,5.34
773,5.32
637,5.33
608,5.42
62,5.44
691,5.28
93,5.35
147,5.37
467,0.00
67,5.34
190,5.25
46,5.25
580,0.00
12,5.13
798,0.00
532,10.04
142,9.99
573,5.23
401,0.00
881,5.08
38,5.06
108,5.04
565,0.00
931,19.75
770,5.04
350,9.92
281,5.03
220,5.04
431,5.13
524,5.04
370,5.05
310,0.00
511,5.14
308,4.99
49,4.92
789,0.00
837,5.00
384,5.05
366,5.07
243,4.88
353,4.91
276,4.84
498,0.00
194,4.83
92,4.83
661,0.00
358,4.89
194,4.71
97,4.68
239,4.65
388,4.70
108,4.62
364,4.64
50,4.57
797,0.00
345,4.43
732,9.60
88,4.60
163,4.48
193,4.46
390,4.43
177,0.00
278,4.58
83,4.53
536,0.00
906,4.51
922,4.55
100,4.56
741,0.00
613,4.52
856,0.00
160,4.56
281,4.63
584,4.53
505,0.00
859,4.47
851,4.43
849,4.56
875,9.86
461,0.00
627,4.57
999,4.68
490,4.75
71,4.72
36,4.73
591,0.00
931,10.00
745,4.76
99,4.68
487,0.00
860,4.73
628,0.00
302,4.82
738,4.82
606,4.91
559,0.00
619,4.98
424,5.06
115,5.09
986,0.00
765,5.07
934,15.19
532,5.27
297,0.00
660,10.39
273,5.31
83,5.29
530,0.00
253,5.24
906,0.00
261,5.17
792,24.89
297,5.23
489,15.14
944,10.29
617,5.22
224,5.23
648,0.00
861,5.18
193,5.24
289,5.12
427,5.17
181,5.19
569,0.00
608,5.16
713,5.08
996,0.00
927,5.22
358,5.33
562,0.00
970,0.00
801,5.49
102,5.47
747,5.56
243,5.64
600,5.65
818,0.00
344,5.61
355,5.65
922,5.61
378,5.70
385,5.49
259,5.61
544,0.00
413,5.65
399,5.75
149,5.74
555,5.63
75,5.72
650,5.63
636,10.14
996,5.60
946,5.62
445,0.00
908,5.81
508,5.78
779,0.00
300,5.64
326,5.57
955,0.00
334,0.00
201,5.48
574,0.00
550,5.39
915,5.36
863,10.13
309,5.49
178,5.50
826,5.45
736,0.00
244,5.43
570,0.00
368,5.36
591,0.00
50,5.34
323,5.30
222,0.00
387,0.00
494,5.36
524,5.16
667,0.00
449,15.52
595,5.20
305,5.08
234,5.09
963,5.11
963,5.18
628,5.20
113,5.21
975,10.32
311,10.40
312,5.19
431,10.28
142,5.22
595,5.31
146,5.17
321,5.12
337,5.10
111,5.05
28,5.09
940,10.26
826,5.14
910,0.00
702,5.17
234,5.19
845,0.00
605,5.12
38,5.18
14,5.06
852,0.00
690,4.99
287,4.88
331,4.95
579,0.00
978,0.00
409,4.90
708,0.00
672,4.96
501,0.00
543,4.87
161,4.92
531,4.83
151,4.88
198,4.80
934,4.86
26,4.88
559,0.00
46,4.80
921,0.00
51,4.74
745,10.50
250,4.72
790,4.79
244,4.76
911,4.68
593,4.66
244,4.74
375,4.71
775,4.76
219,4.83
465,0.00
937,10.16
724,4.72
821,4.75
317,4.77
330,4.65
913,4.65
632,0.00
522,4.75
721,4.85
433,0.00
835,4.71
799,4.82
260,4.91
531,4.91
468,0.00
423,10.04
166,4.99
820,10.09
681,10.07
199,4.99
934,5.21
670,10.13
26,5.12
36,4.99
611,4.99
789,15.44
262,5.03
75,4.91
64,4.94
476,10.08
583,5.00
14,4.94
187,4.85
983,4.86
803,0.00
101,4.95
653,0.00
758,10.10
532,4.95
924,5.06
795,0.00
338,4.91
587,0.00
970,10.11
90,5.10
382,5.00
713,5.00
123,5.07
590,5.06
462,5.13
729,0.00
858,5.12
802,5.11
705,5.20
696,9.96
847,5.12
737,5.20
604,5.05
888,0.00
11,5.18
934,0.00
488,5.20
789,5.24
578,0.00
234,5.32
67,5.35
167,5.22
292,5.22
211,5.28
114,5.21
925,0.00
615,5.20
636,5.23
280,5.23
596,5.12
988,0.00
560,5.25
273,5.20
369,5.14
7,5.21
159,5.19
916,5.26
102,5.34
730,0.00
473,5.34
553,5.37
861,5.39
173,5.35
260,5.36
464,0.00
803,5.28
855,5.29
689,5.28
727,5.39
312,5.24
405,0.00
63,5.23
180,5.21
788,0.00
246,0.00
235,10.05
439,5.12
640,5.13
678,4.97
941,0.00
301,5.11
438,0.00
552,15.28
941,5.12
842,5.18
146,5.19
467,5.21
631,0.00
532,5.23
832,5.15
147,5.23
654,5.27
922,5.28
834,5.39
261,5.29
275,5.37
130,5.27
541,0.00
184,5.23
153,5.16
196,0.00
96,5.21
297,5.21
379,5.17
70,5.10
993,10.09
221,5.21
969,5.02
294,5.02
842,5.02
688,5.11
980,5.12
558,5.16
4,5.10
791,0.00
428,5.05
203,5.12
499,5.04
265,4.96
169,4.93
64,4.84
109,4.88
546,4.88
687,0.00
948,0.00
448,5.01
34,5.04
97,4.99
320,0.00
951,4.94
12,4.96
787,0.00
985,0.00
452,5.07
519,5.08
232,5.06
948,0.00
347,4.99
175,4.86
781,0.00
319,4.89
979,4.80
254,4.92
857,4.95
186,5.04
822,10.23
516,0.00
715,0.00
529,4.89
704,4.89
423,0.00
764,5.01
894,5.09
385,5.15
812,0.00
431,5.23
568,5.27
956,5.23
672,10.22
983,5.33
30,5.39
873,5.30
324,5.31
682,5.33
469,0.00
899,10.45
926,10.57
395,5.35
362,5.23
653,0.00
346,5.22
928,0.00
594,5.23
674,0.00
233,5.09
572,5.06
75,5.06
492,5.01
335,5.15
999,0.00
934,5.19
641,0.00
677,10.41
25,5.38
242,10.38
363,5.36
508,5.34
41,5.42
635,0.00
229,5.23
680,5.25
885,10.42
73,5.11
20,5.20
882,0.00
904,0.00
739,5.10
156,5.20
29,5.27
724,5.26
200,5.34
947,5.29
124,5.40
308,5.35
369,0.00
965,5.26
792,5.35
492,5.32
276,5.35
329,5.42
830,0.00
27,5.30
717,5.30
90,5.36
562,5.25
73,5.26
910,5.24
92,5.26
839,5.27
994,0.00
373,5.36
677,0.00
226,5.37
373,0.00
539,5.17
727,5.20
906,10.18
141,5.24
146,5.25
126,5.15
904,5.21
325,5.32
989,0.00
207,5.12
696,5.06
193,0.00
324,5.16
631,0.00
680,10.40
136,5.11
821,0.00
506,0.00
169,5.20
467,0.00
780,10.36
839,5.10
669,5.11
88,0.00
118,5.21
980,0.00
498,10.45
627,10.37
99,5.20
972,0.00
759,5.14
463,5.19
243,5.16
567,0.00
449,5.19
517,0.00
735,5.33
213,5.26
988,0.00
727,5.37
614,5.22
12,5.39
733,0.00
468,5.39
494,0.00
461,0.00
746,5.22
65,5.22
823,0.00
49,5.25
449,0.00
292,5.23
167,5.18
407,0.00
857,10.53
492,5.16
457,0.00
656,0.00
797,5.13
246,5.19
125,5.11
606,0.00
662,5.10
115,5.17
874,0.00
827,10.35
962,5.15
822,5.25
825,5.25
5,5.18
112,5.26
253,5.15
377,0.00
28,5.17
363,5.16
408,0.00
258,5.08
573,0.00
691,4.96
813,0.00
910,4.93
622,5.07
911,0.00
348,5.11
205,5.14
332,5.02
144,5.10
401,0.00
219,5.02
499,0.00
743,5.02
973,5.13
453,5.25
301,5.41
792,5.22
136,0.00
808,5.19
276,5.23
300,5.34
230,5.39
913,10.38
709,5.19
36,5.27
679,5.21
790,0.00
167,5.16
637,0.00
984,5.33
64,5.22
537,5.13
175,5.20
829,10.46
528,5.27
434,5.14
186,5.14
412,0.00
223,5.09
557,0.00
792,10.43
673,5.16
802,0.00
807,0.00
488,5.15
515,0.00
788,5.20
130,5.23
713,0.00
575,5.21
543,0.00
567,5.23
471,0.00
493,5.26
853,5.27
798,5.31
923,0.00
707,10.57
580,5.49
316,5.46
426,0.00
856,5.40
796,0.00
426,5.57
918,5.57
50,5.68
707,0.00
385,5.50
835,5.55
160,5.56
902,0.00
536,10.80
945,5.60
651,0.00
728,5.62
889,0.00
648,5.68
714,5.77
834,5.86
376,5.89
752,5.89
98,5.94
827,0.00
795,0.00
564,5.93
63,5.93
302,5.86
687,0.00
200,5.84
960,11.01
273,5.86
169,5.83
834,0.00
88,5.81
571,0.00
895,5.57
324,5.64
386,0.00
438,5.55
501,0.00
979,5.57
21,5.52
544,5.48
185,5.54
98,5.58
531,5.48
861,0.00
390,0.00
768,0.00
843,0.00
713,10.90
937,5.73
932,5.68
329,5.76
7,5.76
526,0.00
865,5.61
227,5.63
636,5.50
300,5.61
635,5.51
441,0.00
138,5.62
95,5.57
942,5.54
403,5.54
23,5.67
418,5.54
179,0.00
581,0.00
546,0.00
645,5.46
389,5.48
69,5.52
340,5.44
357,10.99
736,5.49
290,5.40
22,5.43
559,5.34
906,5.26
310,5.26
879,0.00
774,5.36
91,5.44
223,5.31
692,0.00
690,5.28
407,0.00
988,0.00
998,10.87
131,5.25
421,5.27
779,0.00
429,0.00
495,0.00
656,5.13
880,5.08
961,5.25
201,5.36
35,5.24
750,0.00
196,5.28
784,0.00
664,5.24
24,5.30
917,0.00
461,0.00
959,11.09
861,5.42
788,5.36
284,5.37
341,0.00
218,5.38
937,5.35
164,5.36
564,5.37
402,5.26
377,0.00
59,5.32
879,5.38
450,5.42
932,11.04
439,5.36
543,0.00
617,5.43
637,5.49
425,5.53
230,5.46
806,0.00
643,11.00
40,5.27
124,0.00
537,10.90
645,10.91
62,5.26
167,5.31
510,0.00
903,5.22
802,5.23
23,0.00
864,5.24
152,5.28
987,0.00
638,5.32
591,5.37
676,5.38
53,5.37
222,5.24
397,5.24
163,5.26
22,5.35
323,5.24
861,0.00
187,5.32
652,0.00
170,5.16
937,0.00
810,5.28
981,5.42
625,5.37
745,0.00
631,5.30
139,5.39
651,0.00
403,5.34
271,5.31
917,0.00
136,5.37
539,0.00
471,5.33
755,0.00
832,10.74
958,10.58
258,5.35
292,5.45
271,5.40
472,5.38
6,5.32
483,0.00
792,0.00
656,0.00
566,5.28
580,0.00
754,5.43
588,5.52
482,0.00
372,5.38
379,0.00
591,5.36
463,5.48
184,5.47
526,10.82
573,10.74
723,5.46
678,5.40
424,0.00
30,5.54
977,0.00
863,10.77
368,5.56
275,5.44
807,0.00
887,21.58
282,10.85
797,5.56
112,5.52
544,10.91
852,5.66
562,0.00
716,0.00
401,5.55
983,0.00
215,5.50
162,5.58
888,10.78
332,5.59
503,5.65
467,5.43
803,5.49
595,5.51
322,5.48
744,5.43
511,0.00
529,0.00
593,0.00
513,0.00
39,5.38
443,0.00
928,5.35
62,5.46
959,0.00
566,5.54
476,5.54
768,0.00
636,10.86
990,5.47
164,5.60
382,5.46
695,0.00
414,5.47
570,0.00
976,5.50
226,5.54
942,5.54
920,5.58
30,5.67
718,0.00
974,5.57
100,5.62
606,10.97
878,5.57
247,5.60
31,5.56
762,5.53
85,5.53
811,0.00
158,5.66
448,0.00
206,5.54
184,5.49
361,5.33
614,0.00
788,5.32
266,5.30
315,5.40
646,0.00
415,0.00
935,10.77
599,5.18
20,5.11
391,5.16
545,0.00
735,10.68
669,10.78
882,10.74
592,5.38
810,5.31
229,5.36
288,5.34
85,5.29
439,10.84
589,0.00
991,10.83
329,5.34
2,5.18
494,5.21
285,5.26
592,5.19
122,5.35
914,0.00
602,0.00
943,0.00
561,5.38
587,5.46
884,5.58
805,5.56
903,11.15
67,5.54
660,5.57
28,5.64
67,5.50
408,5.42
880,21.61
125,5.45
57,5.31
371,0.00
902,5.51
1,5.37
58,5.25
823,10.75
1,5.29
782,5.28
315,5.19
29,5.19
506,0.00
510,5.16
618,0.00
481,5.12
79,5.21
127,5.09
138,5.03
564,5.03
133,5.10
746,0.00
695,4.90
685,4.91
933,0.00
833,4.93
256,4.99
553,4.99
10,5.07
513,0.00
513,4.92
79,4.92
562,0.00
956,4.85
906,0.00
391,0.00
417,4.94
642,5.02
247,0.00
146,5.04
643,5.07
778,5.08
741,5.03
414,5.07
282,0.00
854,5.07
838,5.09
796,5.25
299,5.32
18,5.13
970,0.00
189,5.22
412,0.00
922,10.30
602,5.11
19,5.07
180,5.10
162,5.08
17,4.97
253,0.00
532,0.00
866,10.35
854,5.02
984,5.06
108,5.13
659,0.00
630,5.11
388,4.98
247,5.00
291,5.10
335,0.00
149,4.94
945,21.15
463,4.90
837,4.88
523,4.85
752,4.88
69,5.06
677,0.00
314,4.91
860,0.00
302,4.90
362,5.00
680,4.99
874,15.77
255,4.92
563,4.97
808,5.09
763,0.00
578,5.10
419,5.18
788,5.05
50,5.17
221,5.08
603,0.00
967,10.22
540,0.00
361,5.15
249,5.18
373,5.18
221,5.20
175,5.19
125,5.20
982,0.00
904,5.16
140,5.21
260,5.20
905,0.00
31,5.11
438,5.11
35,5.15
973,5.11
275,5.19
554,0.00
690,5.23
644,5.24
229,5.27
139,5.10
744,0.00
317,5.09
221,5.13
517,0.00
688,5.06
872,0.00
903,5.14
183,5.15
864,5.11
134,5.16
962,15.56
324,5.16
270,5.06
537,5.03
236,5.09
152,4.91
465,0.00
137,5.01
750,5.01
38,5.10
594,0.00
508,4.95
576,5.04
672,5.04
274,0.00
757,0.00
824,10.15
353,5.09
280,4.89
771,10.28
241,5.09
86,5.03
383,0.00
320,5.05
716,4.93
88,5.01
836,9.93
336,5.03
509,9.83
120,4.93
588,4.82
9,0.00
279,4.80
881,0.00
510,4.90
427,4.85
840,9.89
929,4.91
906,5.07
306,5.00
127,5.15
557,10.15
386,5.06
718,0.00
742,0.00
553,15.36
756,15.44
436,0.00
411,0.00
261,5.09
20,4.95
420,0.00
354,4.95
342,4.92
147,4.98
52,4.99
672,4.94
397,5.00
806,0.00
504,0.00
806,4.92
374,0.00
595,4.87
726,0.00
770,0.00
328,4.92
139,5.01
810,4.93
453,0.00
961,4.88
535,0.00
99,5.01
621,4.92
799,0.00
27,4.99
264,4.88
212,4.88
673,4.81
836,4.88
598,0.00
873,4.85
469,0.00
903,9.96
581,4.99
444,4.93
613,0.00
908,4.97
893,4.98
142,5.07
478,0.00
561,5.00
836,5.03
44,5.14
446,0.00
336,5.00
319,5.00
752,0.00
507,0.00
841,5.01
466,0.00
529,0.00
767,10.06
348,5.07
199,5.14
649,0.00
683,10.16
887,5.22
22,5.17
190,5.20
347,5.18
467,0.00
848,5.14
347,5.13
438,0.00
25,5.13
151,5.14
104,4.98
330,5.01
387,0.00
885,4.90
13,4.82
331,4.90
137,4.93
177,4.85
57,4.78
757,0.00
475,4.72
628,14.99
139,4.73
338,9.70
584,4.74
441,4.63
7,4.63
1000,0.00
672,4.67
799,4.65
272,4.71
726,4.61
586,0.00
471,4.59
68,4.66
523,0.00
863,4.59
907,4.69
311,4.73
58,4.67
928,0.00
722,4.64
109,4.71
234,4.75
649,4.60
260,4.61
976,0.00
730,4.61
849,4.64
150,4.81
485,0.00
617,4.78
653,0.00
846,4.82
737,0.00
724,14.83
416,4.94
407,4.70
274,4.74
797,4.64
290,4.72
123,4.71
888,9.69
185,4.66
756,4.66
604,4.72
421,9.62
131,4.75
664,4.68
70,4.69
536,4.65
778,0.00
604,9.68
250,4.72
474,0.00
210,4.60
179,4.72
4,4.60
108,4.61
998,9.78
82,4.52
563,0.00
358,4.53
385,0.00
575,4.54
993,4.57
583,0.00
999,4.63
548,0.00
573,4.88
139,4.85
522,0.00
780,4.97
654,0.00
979,0.00
139,5.07
226,5.08
252,5.03
602,0.00
864,20.06
584,5.14
146,5.05
311,9.77
500,9.88
443,5.28
642,5.17
683,5.51
81,5.32
449,0.00
431,0.00
688,5.30
79,5.36
902,0.00
691,5.36
136,5.46
97,5.43
976,0.00
687,5.43
649,0.00
177,5.57
296,0.00
692,5.43
685,5.43
150,5.51
67,5.45
195,5.39
323,0.00
742,5.42
764,0.00
778,5.44
95,5.47
494,0.00
345,0.00
855,5.22
785,5.17
242,0.00
78,5.32
432,5.30
654,5.32
488,5.37
819,10.12
200,5.43
315,5.32
510,0.00
543,10.12
767,10.19
859,5.40
595,5.46
895,0.00
725,0.00
451,5.38
974,10.24
509,5.59
863,5.66
800,5.53
468,0.00
607,5.64
531,5.56
381,5.66
175,5.58
406,0.00
149,5.69
51,5.58
446,5.55
681,0.00
430,5.53
879,0.00
482,0.00
725,5.61
984,5.67
168,5.68
213,5.66
474,5.58
464,5.63
275,5.52
604,0.00
331,5.38
800,5.39
65,5.41
398,5.30
140,5.37
269,5.36
869,5.21
425,5.21
258,5.32
24,5.41
946,0.00
971,5.39
247,5.35
104,5.23
284,5.24
95,5.13
178,5.13
275,5.13
8,5.10
366,0.00
601,5.00
782,0.00
72,5.00
406,0.00
376,4.93
423,4.94
566,4.88
462,4.95
844,0.00
595,4.86
748,0.00
342,0.00
477,5.09
300,5.10
691,0.00
140,5.09
120,5.03
802,0.00
424,4.97
242,5.04
466,0.00
683,5.07
578,0.00
26,5.07
925,0.00
173,5.00
859,0.00
401,4.91
355,0.00
63,4.97
788,0.00
475,4.92
108,4.93
449,10.30
432,4.88
370,4.76
509,0.00
929,4.64
79,4.64
347,4.69
24,4.60
277,4.53
534,0.00
721,4.57
237,0.00
721,4.55
2,4.59
117,4.64
558,0.00
847,4.63
237,4.64
527,0.00
785,4.67
237,4.64
507,4.71
985,20.26
24,4.67
803,10.31
291,4.69
301,4.80
90,4.77
358,4.77
399,0.00
721,0.00
560,4.78
983,15.01
239,4.86
678,4.75
484,0.00
39,4.92
599,0.00
619,0.00
446,4.80
184,4.89
671,0.00
123,4.79
745,4.77
985,4.87
621,0.00
785,4.87
108,5.05
11,5.06
787,4.96
741,4.99
193,4.99
410,0.00
445,5.00
815,4.93
191,5.00
213,4.87
445,0.00
981,4.73
425,0.00
542,4.83
451,0.00
1000,9.89
420,0.00
824,4.90
958,0.00
104,4.96
646,4.85
531,0.00
589,4.84
690,0.00
924,4.92
50,4.99
583,0.00
439,5.08
184,5.02
701,0.00
597,5.11
468,4.99
442,0.00
905,5.13
591,5.14
531,5.18
895,5.16
12,5.20
100,5.16
508,0.00
617,9.81
213,5.11
482,0.00
271,5.11
28,4.96
353,4.94
473,0.00
742,4.88
226,4.89
84,4.97
899,4.90
679,4.97
12,4.97
665,0.00
954,4.89
281,4.89
806,0.00
316,4.88
871,4.84
9,4.98
354,0.00
830,4.96
690,0.00
786,9.89
939,5.12
633,5.21
321,5.21
670,0.00
747,5.23
420,0.00
160,5.08
241,5.19
309,5.19
715,0.00
970,5.20
113,5.31
458,10.09
396,5.22
376,10.05
94,5.20
434,5.20
590,5.27
409,5.07
125,5.16
874,5.17
610,5.20
354,5.21
140,5.32
384,0.00
725,5.21
782,0.00
632,5.25
552,5.31
83,5.30
657,0.00
121,5.38
126,5.32
475,5.26
778,0.00
401,5.25
477,0.00
48,5.31
974,5.25
448,0.00
747,5.26
470,5.33
279,5.31
712,0.00
338,5.10
519,5.10
347,5.10
753,5.17
234,5.17
388,0.00
342,0.00
808,10.27
797,5.22
236,5.13
947,0.00
965,10.35
127,5.14
300,0.00
521,5.22
214,5.32
922,10.40
339,5.46
156,5.37
912,5.37
537,5.53
967,5.44
26,5.56
105,5.58
804,0.00
651,0.00
368,5.52
435,5.66
310,5.46
126,5.46
29,0.00
520,0.00
612,5.50
716,15.34
214,5.60
811,5.48
990,0.00
343,5.60
303,5.47
119,5.52
154,5.43
51,5.39
186,5.33
982,0.00
167,5.36
862,5.21
373,0.00
909,5.23
395,5.16
976,10.30
40,5.22
282,5.15
185,5.14
141,5.14
530,0.00
841,15.21
255,5.14
481,0.00
157,5.08
709,5.01
164,5.16
692,0.00
277,5.12
615,5.10
662,5.17
975,5.17
820,0.00
103,5.10
11,5.20
494,0.00
800,5.11
346,5.11
479,5.19
944,0.00
587,5.26
606,0.00
390,5.25
243,5.27
993,10.46
94,5.28
690,5.20
913,0.00
636,5.18
373,0.00
597,10.47
400,5.38
950,5.38
978,5.47
868,0.00
746,5.42
296,0.00
824,0.00
848,5.44
221,5.45
985,15.86
340,5.51
167,5.33
696,10.59
357,5.56
221,5.50
614,0.00
244,5.43
769,0.00
601,5.40
553,0.00
863,5.40
176,5.28
80,5.36
315,5.32
618,0.00
246,5.26
608,5.26
108,5.27
415,0.00
356,5.40
188,5.24
499,5.16
504,0.00
649,5.25
346,5.21
33,5.14
506,0.00
503,5.09
583,0.00
143,5.30
189,5.28
215,5.21
519,5.21
291,5.28
515,0.00
472,10.46
956,5.20
691,5.26
532,0.00
725,10.51
18,5.34
50,5.23
222,5.14
577,0.00
902,5.25
348,5.24
90,5.33
623,5.28
494,5.32
301,5.31
183,5.33
733,0.00
890,5.30
512,0.00
485,5.19
271,5.29
799,0.00
329,5.23
447,0.00
213,5.24
86,5.26
817,5.17
103,5.11
410,0.00
410,4.99
849,0.00
127,5.08
576,0.00
828,5.13
976,5.22
219,5.19
72,5.15
245,5.21
400,0.00
58,5.10
968,0.00
579,0.00
890,10.56
418,0.00
845,5.06
980,10.57
164,5.20
582,0.00
741,5.17
341,5.07
228,5.07
195,10.52
126,5.19
941,0.00
290,5.15
150,5.07
303,5.10
696,5.07
566,0.00
897,5.19
477,5.30
158,5.17
659,5.19
405,5.20
350,5.26
780,5.25
801,0.00
213,5.28
269,5.27
189,5.32
568,5.32
697,0.00
717,10.62
902,25.91
182,5.38
370,5.42
50,5.44
41,5.35
491,5.22
892,5.32
526,0.00
612,5.25
53,5.40
87,5.35
655,5.35
836,5.40
840,0.00
709,5.35
107,5.41
5,5.43
665,5.40
607,5.51
225,10.73
870,5.49
780,0.00
276,0.00
580,5.55
310,5.63
810,5.46
687,5.52
380,0.00
981,5.59
473,5.48
52,5.57
488,0.00
382,5.40
403,5.55
34,5.55
562,5.50
55,5.56
950,5.56
122,5.52
374,5.53
850,5.54
904,0.00
316,5.63
332,5.63
321,5.64
566,0.00
627,5.53
932,0.00
208,5.55
512,0.00
379,5.62
117,5.66
539,0.00
445,5.52
555,5.49
343,5.50
816,10.55
52,5.62
96,5.42
625,0.00
3,5.43
207,5.41
613,0.00
904,5.35
300,5.44
692,5.45
404,5.26
716,5.38
211,5.44
687,5.38
982,0.00
151,5.24
518,0.00
23,5.39
959,5.26
467,5.28
113,5.18
946,5.31
668,10.57
629,5.40
793,0.00
462,0.00
143,5.52
840,0.00
458,5.46
885,0.00
432,5.38
191,5.42
320,5.47
222,5.52
885,0.00
527,5.59
406,5.60
842,0.00
998,10.98
574,5.74
271,5.75
150,5.61
107,5.61
606,0.00
791,5.68
27,5.69
57,5.64
372,10.87
172,5.48
790,5.37
178,5.56
593,0.00
866,5.46
155,5.48
774,0.00
465,5.42
568,0.00
86,5.34
106,5.40
142,5.31
307,5.37
112,5.29
734,16.03
113,5.34
762,0.00
733,10.70
463,5.22
308,5.31
330,5.23
767,0.00
965,10.97
700,0.00
13,5.50
122,5.45
526,0.00
472,0.00
995,0.00
704,5.40
75,5.40
12,5.40
412,5.27
540,0.00
389,0.00
38,5.18
689,0.00
666,5.25
846,15.90
288,5.26
769,0.00
138,5.32
812,5.23
573,5.31
187,5.43
626,5.30
539,0.00
923,5.38
109,5.27
333,5.37
458,5.39
76,5.28
669,0.00
601,5.30
737,0.00
836,5.24
115,5.33
359,5.29
753,5.34
623,5.41
394,5.38
272,5.36
873,10.66
324,5.28
249,10.62
168,5.27
232,5.11
904,0.00
762,5.12
233,5.21
296,10.60
794,5.23
335,5.18
679,5.10
639,0.00
104,5.13
12,5.09
16,5.06
998,0.00
506,4.99
125,4.92
91,0.00
733,4.92
130,5.08
869,5.01
584,0.00
729,5.03
960,10.74
445,5.20
32,5.25
500,5.36
888,5.17
519,5.21
822,10.79
50,5.22
667,0.00
368,5.26
699,5.20
49,5.35
963,0.00
684,0.00
945,5.46
842,5.55
765,10.79
617,5.54
884,0.00
631,5.62
181,5.64
464,5.57
51,5.65
802,5.47
198,5.56
323,5.64
9,5.57
903,0.00
612,0.00
922,5.46
38,5.53
576,5.60
212,5.61
231,5.55
564,5.55
677,0.00
952,10.90
537,5.62
138,5.53
166,0.00
195,0.00
354,0.00
443,0.00
276,5.62
375,0.00
80,5.58
760,0.00
890,5.59
523,5.60
344,5.59
579,0.00
390,5.56
88,5.60
949,10.97
196,5.60
39,5.47
304,0.00
857,5.45
777,5.52
574,0.00
115,5.48
434,5.38
594,10.74
435,5.48
219,0.00
275,0.00
695,5.36
369,5.45
950,0.00
13,5.46
31,5.45
496,0.00
612,5.47
305,5.43
568,0.00
275,5.34
428,5.32
522,5.38
686,0.00
931,5.44
757,5.50
627,0.00
464,5.35
171,5.47
103,5.50
717,0.00
715,5.34
336,5.38
775,5.30
510,5.39
970,0.00
638,10.70
523,10.63
676,5.32
142,5.37
410,0.00
963,5.44
186,5.33
791,5.35
853,0.00
608,5.42
663,5.36
531,5.37
690,5.38
306,5.32
535,0.00
721,0.00
567,5.29
17,5.25
940,5.17
276,5.24
139,5.34
852,5.29
874,0.00
396,5.28
317,5.35
118,5.36
368,5.33
633,0.00
129,5.42
690,0.00
816,5.43
529,0.00
673,5.44
464,5.44
101,5.56
37,5.40
271,5.50
449,5.31
830,0.00
944,5.35
42,5.40
164,5.38
708,0.00
469,5.49
6,5.50
522,0.00
779,5.50
935,10.94
937,5.46
177,5.53
960,5.51
972,5.61
295,5.64
198,5.58
792,0.00
925,5.56
699,0.00
108,5.70
869,11.06
482,5.72
208,5.73
424,0.00
589,5.60
564,0.00
692,5.64
465,0.00
148,5.62
497,5.62
213,5.63
531,10.98
651,5.65
361,5.66
569,5.59
265,5.65
556,0.00
484,5.47
726,5.47
146,5.51
151,5.43
782,10.82
371,5.42
154,5.44
604,0.00
704,5.41
896,5.39
545,5.40
471,0.00
468,0.00
544,5.40
665,5.48
429,0.00
585,5.25
125,5.27
32,5.32
798,5.20
952,5.21
52,5.13
299,5.09
561,0.00
430,5.11
705,0.00
907,5.04
668,0.00
413,5.08
38,5.08
622,5.09
663,5.09
587,0.00
297,5.06
806,4.98
340,5.06
768,5.12
451,0.00
529,0.00
1,5.03
988,0.00
426,0.00
600,5.01
809,10.43
788,5.04
38,5.06
293,0.00
668,5.07
151,5.18
937,0.00
279,5.07
382,0.00
848,5.05
494,0.00
688,10.56
643,5.01
22,4.89
676,4.87
552,0.00
173,4.79
730,4.82
4,4.83
48,0.00
961,4.77
566,0.00
185,4.78
12,4.74
715,0.00
967,4.81
562,4.88
576,0.00
308,4.95
853,4.92
32,4.96
395,4.83
631,0.00
399,0.00
760,4.96
977,4.97
352,4.91
331,4.86
939,0.00
695,4.89
386,4.86
706,0.00
994,4.80
410,4.89
665,0.00
789,10.05
818,4.88
584,0.00
799,10.14
683,10.17
95,4.95
441,0.00
972,4.95
295,5.00
84,4.91
805,0.00
594,0.00
931,4.95
810,0.00
803,4.98
390,0.00
725,0.00
216,4.97
794,9.99
973,4.99
621,4.93
692,4.83
188,4.96
676,0.00
729,4.72
702,4.73
32,4.72
892,0.00
897,4.67
120,4.78
977,9.77
495,4.76
566,9.73
123,4.84
417,4.80
65,4.88
805,4.84
390,0.00
533,4.83
288,0.00
428,4.84
589,0.00
831,9.76
774,0.00
467,4.85
367,4.86
540,0.00
635,4.82
509,4.88
966,4.92
755,0.00
732,5.03
834,5.11
101,5.15
910,5.08
527,10.15
897,10.15
221,10.26
381,10.09
272,5.17
866,0.00
310,5.23
491,0.00
733,10.09
523,5.27
834,5.31
114,5.42
390,5.32
133,5.41
142,5.34
249,5.24
704,0.00
963,5.14
922,0.00
855,10.35
226,5.28
30,0.00
664,0.00
632,10.43
781,5.41
356,5.41
460,5.42
920,5.48
44,5.49
288,5.44
824,10.25
128,5.34
646,5.33
644,5.28
929,5.33
830,0.00
945,0.00
968,10.46
293,5.68
377,10.58
711,5.73
385,0.00
458,5.56
516,10.40
705,5.67
359,15.40
67,5.71
623,0.00
145,5.51
335,5.57
324,5.56
167,5.61
550,5.40
773,5.47
372,0.00
980,5.46
935,20.78
509,5.56
147,5.47
182,0.00
72,5.54
104,5.43
405,0.00
681,10.35
833,5.51
63,5.65
979,5.48
659,10.51
898,5.69
772,5.65
265,5.69
643,5.58
898,0.00
462,5.69
561,0.00
388,5.58
326,5.66
14,5.76
573,0.00
959,10.58
946,5.52
768,0.00
123,5.48
596,5.38
829,10.85
202,5.49
496,5.57
380,5.56
698,5.43
37,0.00
324,5.51
4,5.51
495,0.00
156,5.36
496,5.36
382,5.36
203,5.36
326,5.42
141,5.37
387,0.00
773,5.20
656,5.26
412,5.27
251,0.00
605,15.85
449,0.00
49,5.28
115,5.29
999,0.00
985,0.00
690,5.23
816,5.18
713,5.25
822,5.34
455,0.00
405,5.27
153,5.20
277,5.24
896,0.00
242,5.04
745,5.02
892,10.77
696,5.09
57,5.15
224,5.09
801,5.03
484,0.00
942,5.13
187,0.00
859,10.98
898,10.79
364,5.35
302,5.34
123,5.34
451,0.00
402,5.38
132,5.36
942,0.00
986,5.57
668,5.61
871,5.59
45,5.63
411,5.56
363,5.67
905,5.66
223,5.57
765,5.53
217,5.58
188,5.48
235,5.46
650,0.00
739,5.51
37,5.57
877,0.00
944,5.48
207,5.53
636,0.00
243,5.50
304,5.59
909,0.00
1000,11.11
982,5.54
975,11.21
726,5.73
334,0.00
997,5.69
539,5.74
392,5.70
825,5.76
204,5.68
426,5.65
975,0.00
986,5.84
172,5.84
215,5.87
699,0.00
7,5.89
215,5.94
58,5.87
505,0.00
620,5.80
74,0.00
257,5.88
259,5.79
239,5.77
256,5.72
67,5.80
579,0.00
844,5.85
89,5.85
225,5.77
395,5.71
883,0.00
40,5.67
812,0.00
715,5.70
981,0.00
369,5.72
736,0.00
760,5.79
374,5.74
684,5.81
753,5.85
184,5.89
954,5.85
253,5.86
70,5.91
770,5.81
727,11.10
423,5.74
472,0.00
211,5.70
571,0.00
433,5.73
964,5.72
752,5.67
910,5.61
393,5.63
375,5.54
322,11.17
757,5.63
782,5.61
148,5.65
832,5.55
576,11.23
150,5.67
400,5.62
749,0.00
544,5.58
657,0.00
3,5.54
726,5.61
215,5.65
521,0.00
267,5.49
285,5.57
513,5.46
496,0.00
451,11.04
537,5.52
486,16.79
439,5.60
386,5.45
991,5.58
935,11.20
396,5.64
544,0.00
160,5.53
123,5.65
726,0.00
998,11.36
616,5.61
747,0.00
390,5.47
645,0.00
115,5.64
918,5.63
482,5.71
128,5.74
188,5.67
978,0.00
806,5.74
216,5.65
794,5.71
363,5.79
650,5.81
199,5.87
525,5.77
845,16.81
412,5.73
959,0.00
273,5.75
890,0.00
954,0.00
879,5.88
213,5.89
491,5.92
392,0.00
623,0.00
424,5.80
590,11.64
879,5.85
990,11.54
457,5.85
957,5.84
186,5.93
166,5.76
319,5.77
536,5.81
314,5.87
547,0.00
59,5.75
541,0.00
934,11.56
323,5.77
454,5.77
749,0.00
860,0.00
970,11.43
123,5.71
603,11.41
625,5.73
87,5.75
861,5.81
586,5.88
264,0.00
230,5.74
429,5.73
590,0.00
439,5.68
358,5.68
98,5.61
178,5.50
324,5.40
899,5.39
95,5.51
347,5.36
657,10.82
368,5.17
176,5.26
225,5.14
987,0.00
902,5.11
601,5.16
653,0.00
556,5.18
295,5.27
488,0.00
640,0.00
264,5.23
810,5.21
581,5.31
576,5.30
374,5.30
744,5.27
958,5.34
775,5.51
380,5.40
198,5.33
251,5.39
780,5.34
504,0.00
399,5.51
617,0.00
709,5.49
913,5.51
852,0.00
356,5.58
313,5.56
671,0.00
170,5.44
386,5.48
477,5.32
482,5.39
862,0.00
616,11.21
372,5.50
710,5.51
996,5.63
67,5.46
425,0.00
123,5.41
634,11.26
176,5.42
311,5.42
879,5.48
116,5.59
657,0.00
521,5.43
439,5.41
681,5.47
750,0.00
150,5.47
877,16.88
713,5.57
678,11.31
979,5.63
561,0.00
586,0.00
914,11.31
108,5.50
235,0.00
669,0.00
517,0.00
113,5.37
521,0.00
752,5.39
503,5.46
488,0.00
690,5.60
62,5.64
32,5.62
897,5.64
423,5.65
718,0.00
920,22.47
930,11.20
878,5.82
251,5.85
855,5.78
10,5.77
674,5.72
310,5.81
470,0.00
935,5.66
61,5.74
499,0.00
921,5.62
819,0.00
583,5.71
364,5.63
631,5.57
320,5.73
835,0.00
544,5.65
34,5.53
534,0.00
627,5.56
182,5.58
753,0.00
671,5.48
137,5.57
671,5.47
855,0.00
178,5.43
17,5.45
599,0.00
506,5.37
585,0.00
637,5.39
769,0.00
14,5.51
745,5.45
469,0.00
497,5.33
939,16.78
291,5.41
656,10.89
483,0.00
64,5.44
992,5.40
13,5.41
134,0.00
956,5.45
158,5.56
454,5.48
34,5.53
634,5.38
741,0.00
134,5.40
718,10.91
576,5.45
515,0.00
114,5.46
675,5.43
665,5.45
377,5.53
703,0.00
479,5.36
134,5.56
727,5.48
710,5.49
753,11.01
830,11.08
634,0.00
391,5.82
202,5.75
511,0.00
264,5.64
607,5.70
300,5.78
18,5.81
619,0.00
786,5.71
639,5.78
31,5.93
352,11.66
642,6.04
828,6.06
108,5.94
547,6.06
585,11.85
106,6.22
116,6.09
952,0.00
809,12.08
305,6.27
173,6.34
62,6.28
99,6.30
908,0.00
570,6.30
159,6.34
332,6.26
137,6.27
796,0.00
218,6.26
400,6.30
157,6.21
960,0.00
364,6.22
904,0.00
393,6.30
32,6.39
445,0.00
889,11.88
378,6.26
986,0.00
858,6.28
492,6.46
806,0.00
777,0.00
529,6.61
985,0.00
967,6.62
466,0.00
485,6.60
214,6.56
424,6.67
367,6.77
141,6.71
101,6.64
884,0.00
659,6.71
26,6.70
641,6.65
830,6.78
161,6.74
94,6.64
229,6.58
634,0.00
638,6.67
593,6.54
542,6.59
672,6.59
981,12.25
197,6.79
55,6.62
360,6.67
813,0.00
108,6.63
342,6.63
115,0.00
748,6.48
473,6.60
779,12.15
464,6.45
557,12.12
663,6.45
264,6.48
872,6.32
832,6.37
610,6.37
323,6.47
750,6.37
852,6.44
577,0.00
231,6.27
263,0.00
771,6.08
966,6.07
396,5.92
866,12.16
764,0.00
896,5.80
460,5.98
917,5.75
677,5.91
946,5.90
604,0.00
642,0.00
55,0.00
925,6.04
359,0.00
109,6.14
666,6.07
552,6.06
862,6.22
820,6.24
224,6.13
541,0.00
495,0.00
973,12.42
743,6.17
278,6.18
941,6.13
131,6.24
64,6.15
45,6.09
380,6.09
519,6.02
717,0.00
936,6.06
294,6.22
650,0.00
53,12.67
659,6.10
951,6.19
442,6.08
750,6.10
562,6.23
710,18.27
931,6.17
52,6.18
710,6.14
834,6.17
752,6.08
514,6.20
568,6.25
198,6.26
271,6.27
975,0.00
520,6.26
390,6.07
266,0.00
174,6.17
18,6.23
5,6.11
479,0.00
488,12.77
246,6.19
401,6.10
757,12.62
388,6.19
496,6.23
845,6.19
196,6.25
343,6.14
36,6.10
381,0.00
939,6.09
770,6.19
111,6.09
225,6.07
266,6.12
969,5.97
7,6.09
802,6.02
208,6.09
929,0.00
978,6.08
225,6.08
358,6.19
655,0.00
749,6.31
916,6.28
890,6.33
226,6.34
964,18.40
72,6.48
580,12.38
940,6.57
161,6.44
223,6.43
92,6.28
684,0.00
386,6.23
354,6.32
69,6.26
371,6.12
913,6.05
60,6.18
644,0.00
575,6.19
695,6.19
709,6.16
981,12.44
970,6.28
573,6.25
85,6.22
227,6.16
408,0.00
622,0.00
954,6.06
319,5.93
589,6.02
55,6.03
960,6.04
245,6.18
702,0.00
787,6.01
459,0.00
667,0.00
619,0.00
893,12.02
717,6.11
449,5.99
814,19.01
979,12.26
225,6.13
166,5.96
564,0.00
843,5.99
55,5.94
394,5.98
997,5.97
496,0.00
598,0.00
336,5.98
228,6.07
811,0.00
677,0.00
599,6.13
937,0.00
350,6.03
555,0.00
595,6.17
323,6.09
713,0.00
371,6.22
726,12.29
410,0.00
378,6.13
979,0.00
359,6.05
717,0.00
269,5.89
443,5.79
450,12.25
187,5.92
306,0.00
334,5.80
261,5.74
229,5.77
870,0.00
438,0.00
831,0.00
176,5.79
320,5.79
882,0.00
202,5.81
443,5.80
390,5.84
50,5.84
920,0.00
477,5.74
214,5.95
555,0.00
799,5.70
767,0.00
878,0.00
855,0.00
846,12.12
57,5.79
517,5.68
963,5.77
245,5.89
347,0.00
87,5.84
100,5.81
854,0.00
60,5.75
233,5.76
491,5.61
370,0.00
825,5.65
883,5.63
928,0.00
457,5.66
408,5.68
817,0.00
65,5.62
557,5.61
932,5.67
12,5.55
447,0.00
725,11.64
672,5.61
502,11.60
105,5.63
741,0.00
898,0.00
51,5.57
693,0.00
866,5.73
822,11.64
384,5.70
833,5.84
143,5.63
128,5.65
692,5.62
454,5.65
788,5.61
293,5.73
571,0.00
217,5.73
302,5.70
508,0.00
849,5.59
581,0.00
938,5.65
954,5.72
642,5.77
745,0.00
516,11.82
553,5.89
479,5.90
887,5.82
44,5.84
440,5.91
805,5.84
686,5.88
980,5.96
59,5.89
122,5.96
936,5.88
426,0.00
190,5.85
356,5.84
979,0.00
266,5.76
892,5.82
86,5.91
567,0.00
599,5.75
49,5.75
86,5.72
278,5.72
191,5.58
425,0.00
869,5.50
602,5.61
626,5.62
267,5.60
410,0.00
252,5.49
116,5.58
446,5.49
335,0.00
277,5.58
579,5.51
933,5.54
349,0.00
107,5.62
213,5.57
179,5.52
339,5.47
291,5.38
864,0.00
517,5.36
81,5.48
331,5.37
919,0.00
632,0.00
973,17.09
944,11.09
712,11.03
524,5.43
803,5.46
276,5.46
328,5.38
365,5.40
228,5.24
875,10.92
161,5.09
918,0.00
771,5.25
21,5.26
466,5.15
76,5.18
89,5.21
361,5.09
467,0.00
980,10.73
407,4.97
168,4.88
369,4.87
174,4.79
200,4.81
319,4.74
190,4.68
394,0.00
516,0.00
696,10.54
615,4.75
305,4.77
443,4.65
318,4.70
204,4.64
934,10.48
412,4.63
173,4.53
215,4.50
954,4.52
577,0.00
895,4.52
166,4.65
791,0.00
526,4.53
460,4.61
643,0.00
183,4.70
215,4.67
704,4.66
88,4.73
456,4.76
177,0.00
457,4.65
167,4.56
995,22.19
20,4.61
113,4.54
994,4.48
699,4.52
729,4.60
431,0.00
999,4.70
772,4.68
120,4.75
301,4.74
726,4.84
413,0.00
470,10.18
554,4.92
799,4.74
100,4.89
93,4.91
835,10.24
300,4.91
836,5.00
583,4.84
803,15.91
764,4.98
843,15.98
888,10.51
70,5.03
6,4.93
328,5.10
810,0.00
568,5.13
465,0.00
818,5.25
319,5.22
196,5.22
148,5.39
347,5.21
734,5.31
27,5.33
846,0.00
257,5.34
364,5.31
4,5.31
24,5.34
562,5.31
467,5.36
664,5.34
437,10.32
577,5.51
604,0.00
590,5.40
458,5.39
459,5.49
384,5.54
641,5.60
427,5.80
507,0.00
806,0.00
555,0.00
954,10.55
924,5.89
337,5.97
365,5.90
391,10.49
346,5.98
236,6.00
387,0.00
997,10.58
102,6.00
439,5.87
387,0.00
961,5.93
823,6.03
135,5.96
911,0.00
26,5.96
728,0.00
350,6.11
828,6.08
24,6.15
305,6.19
441,0.00
603,6.17
247,6.23
436,6.21
321,6.19
541,6.24
794,6.16
37,6.27
695,6.12
318,6.16
926,0.00
560,6.10
825,0.00
94,6.19
639,0.00
284,6.14
159,6.19
933,0.00
726,6.11
134,6.02
259,5.96
933,0.00
284,5.99
404,0.00
119,5.93
807,5.93
677,16.24
342,5.85
384,5.86
386,5.82
1,5.73
447,0.00
937,16.37
246,5.74
257,5.67
732,0.00
117,5.77
412,0.00
607,5.67
554,5.61
897,0.00
25,5.58
203,5.58
914,0.00
195,0.00
968,0.00
476,0.00
165,5.72
883,11.19
264,5.64
13,5.56
60,5.66
204,5.70
964,0.00
418,5.54
362,5.34
274,0.00
12,5.42
335,5.31
797,0.00
492,0.00
415,11.23
977,5.33
797,5.40
202,5.24
262,5.31
329,5.24
123,5.36
350,5.36
427,0.00
994,11.54
500,11.55
651,5.51
541,0.00
164,5.49
924,0.00
176,5.44
611,5.37
561,0.00
466,5.34
514,0.00
884,0.00
156,5.29
925,5.25
938,11.45
705,5.35
844,5.34
14,5.47
60,5.41
336,5.40
421,0.00
161,0.00
653,5.48
322,5.44
543,5.36
997,0.00
531,5.34
319,5.37
214,5.33
585,0.00
89,5.32
629,5.27
604,5.27
517,0.00
72,5.28
460,5.28
565,5.33
90,5.34
305,0.00
669,5.36
38,5.37
318,5.26
943,5.28
505,11.35
555,5.41
816,5.43
760,5.38
556,11.07
791,5.43
417,5.33
122,5.41
508,5.30
563,5.31
941,5.32
103,5.39
18,5.30
655,5.30
986,0.00
594,5.29
855,5.40
347,5.36
357,5.35
215,5.39
809,0.00
50,5.33
495,0.00
498,5.27
628,5.29
456,0.00
746,5.28
940,5.38
246,5.49
941,0.00
845,5.37
213,5.42
358,5.30
508,10.90
71,5.35
77,5.37
655,0.00
342,5.43
908,0.00
539,5.25
19,5.26
550,5.24
774,10.64
350,5.40
901,5.22
93,5.32
1,5.19
52,5.19
550,0.00
988,5.14
390,5.21
29,5.18
102,0.00
61,5.03
967,5.08
430,5.15
254,5.06
853,0.00
909,4.97
851,5.03
501,5.16
459,5.12
52,5.04
909,5.19
348,5.15
112,5.13
216,5.08
89,5.12
72,5.06
607,0.00
772,0.00
159,5.08
943,5.07
822,0.00
581,5.17
301,0.00
299,5.12
510,5.28
783,0.00
300,5.37
127,5.25
555,5.34
935,5.35
107,5.36
638,10.75
492,5.50
445,0.00
448,10.95
626,5.55
722,5.56
695,10.92
386,5.52
452,5.52
428,0.00
519,5.69
370,10.96
17,5.74
523,0.00
513,0.00
856,5.59
120,5.66
318,5.49
992,5.46
490,5.54
667,5.53
926,0.00
143,5.57
255,5.64
207,5.64
716,0.00
789,0.00
510,5.58
928,0.00
206,5.60
458,5.55
798,5.56
571,5.72
394,10.87
578,5.71
296,0.00
618,5.49
104,5.56
143,5.48
352,5.52
534,0.00
401,5.47
553,5.47
99,5.58
298,10.71
773,5.57
203,5.53
965,0.00
902,5.52
527,5.61
384,5.75
815,0.00
259,5.71
845,0.00
286,5.81
524,10.71
646,5.74
368,5.68
757,0.00
938,5.73
598,10.80
708,5.73
60,5.66
172,5.72
647,5.68
757,5.77
776,10.85
430,0.00
9,5.87
85,5.81
36,5.71
682,0.00
931,10.87
27,5.76
629,5.59
207,5.54
769,0.00
400,5.53
91,5.53
650,16.18
823,0.00
189,5.27
904,0.00
709,5.25
91,5.15
943,10.70
125,5.20
220,5.23
558,0.00
742,5.20
558,5.27
216,5.24
683,0.00
913,5.42
141,5.43
614,5.39
465,0.00
686,11.01
473,5.37
784,5.49
564,5.58
327,0.00
607,0.00
498,5.49
809,5.57
908,5.66
702,5.62
460,0.00
980,5.58
207,5.68
624,5.69
113,11.21
78,5.49
604,11.33
530,11.25
638,5.65
595,5.65
145,5.70
154,5.71
29,5.68
561,5.62
583,5.73
468,0.00
943,5.71
238,5.81
152,5.69
204,5.70
147,5.68
873,0.00
268,5.60
489,0.00
630,5.64
35,5.68
816,0.00
551,5.70
928,0.00
49,5.75
275,5.77
377,5.72
564,0.00
809,11.39
809,5.72
231,5.79
332,0.00
688,5.76
459,5.90
726,5.84
874,5.89
769,11.64
667,5.83
522,5.93
64,6.00
707,6.02
251,5.95
913,6.05
877,6.15
781,6.18
599,6.13
218,6.25
482,6.17
440,0.00
448,6.39
802,6.31
74,0.00
979,6.40
594,6.42
269,0.00
1,6.54
236,11.70
278,6.46
590,6.49
820,6.63
29,6.43
177,6.36
24,6.35
277,6.46
330,6.22
270,6.35
334,6.30
160,6.30
74,6.24
789,0.00
829,6.21
674,6.19
319,6.09
494,6.12
258,6.27
472,0.00
855,6.20
111,6.26
920,6.21
640,6.23
654,6.18
813,0.00
178,6.37
568,6.38
630,0.00
527,12.03
4,6.43
581,6.57
200,6.55
816,0.00
561,12.44
557,6.72
44,6.49
534,6.66
157,6.60
932,0.00
333,6.60
157,6.67
539,0.00
948,6.63
295,6.74
653,0.00
159,6.68
190,6.68
297,6.69
680,6.66
641,6.59
87,6.73
349,6.69
582,6.56
201,6.67
395,6.59
530,0.00
452,6.61
463,0.00
334,0.00
598,6.83
577,0.00
403,6.89
434,6.93
46,7.03
887,0.00
887,0.00
575,12.80
510,7.05
293,7.07
153,0.00
473,0.00
794,6.93
82,6.89
236,6.88
700,6.85
202,6.77
898,6.66
99,6.68
684,6.58
818,6.72
955,18.44
565,6.85
15,6.64
557,6.73
74,6.62
707,6.70
623,0.00
498,13.06
808,6.66
310,6.68
69,6.57
937,0.00
705,6.59
172,6.74
68,6.69
2,6.69
694,0.00
769,0.00
290,6.76
675,6.77
500,6.86
175,6.76
205,6.62
268,6.58
456,6.57
265,6.65
811,6.57
518,6.59
599,6.57
363,6.59
916,6.36
73,6.49
409,0.00
390,6.45
619,0.00
688,6.31
877,12.81
262,0.00
613,0.00
159,6.19
272,0.00
380,6.08
100,6.11
443,6.11
95,6.11
603,6.12
590,6.15
738,0.00
928,6.14
202,6.26
212,6.35
827,0.00
322,6.23
301,6.27
383,6.13
8,6.17
875,5.92
572,5.80
560,0.00
159,5.84
502,5.75
207,5.85
959,5.63
416,5.82
961,0.00
276,5.55
357,5.71
788,0.00
766,12.50
373,5.66
468,0.00
648,0.00
840,5.76
736,5.79
577,5.90
277,5.80
156,5.79
514,5.72
756,5.75
679,5.80
391,0.00
824,5.86
621,0.00
698,5.77
272,12.43
695,5.86
16,5.88
627,5.67
82,5.68
509,5.56
102,5.63
49,5.61
586,0.00
237,5.56
849,5.53
130,5.67
655,0.00
321,5.56
301,5.63
643,12.13
34,5.67
65,5.63
991,5.39
180,5.51
842,5.38
508,0.00
322,5.32
245,5.37
425,11.64
483,11.67
395,5.40
891,11.43
539,5.42
756,11.45
707,0.00
1000,0.00
896,5.52
108,5.62
497,5.65
634,5.69
286,5.68
900,0.00
382,5.57
800,5.53
695,0.00
3,5.64
869,5.61
381,5.66
999,5.59
163,5.60
576,5.63
256,5.74
936,0.00
708,5.82
227,5.86
917,5.81
246,0.00
911,11.44
738,6.02
741,18.55
678,6.01
384,6.05
193,5.96
118,5.95
449,0.00
491,0.00
492,0.00
616,11.71
539,5.94
347,5.98
328,6.07
397,6.00
766,5.94
602,6.04
756,6.00
926,11.88
670,11.78
374,0.00
3,6.12
906,6.03
15,6.11
77,6.12
989,11.75
211,6.20
814,0.00
579,11.84
985,11.87
33,6.35
732,6.42
254,6.39
649,12.09
703,6.74
814,6.57
668,0.00
693,0.00
893,0.00
883,0.00
818,7.24
804,7.36
745,0.00
11,7.51
766,12.90
822,19.19
911,13.06
702,12.92
396,7.64
523,7.73
169,7.76
510,0.00
553,7.59
795,13.09
49,7.78
796,0.00
969,13.10
103,7.59
144,7.62
819,0.00
930,7.59
163,7.74
682,0.00
938,7.59
758,0.00
477,7.70
133,7.68
584,0.00
102,7.78
363,7.73
916,0.00
507,7.59
995,0.00
178,7.61
401,7.61
79,7.67
224,7.54
923,13.29
614,7.52
910,7.57
616,7.44
462,0.00
408,7.50
216,7.59
419,7.51
225,7.40
493,0.00
789,7.43
186,7.37
276,7.31
986,0.00
171,7.36
139,7.38
529,13.23
591,7.32
880,7.34
777,7.29
462,13.36
614,7.23
373,7.26
177,7.25
140,7.40
652,7.28
650,0.00
800,0.00
863,13.58
739,13.52
459,7.30
804,7.23
233,7.12
670,6.85
537,6.81
654,13.65
408,6.64
2,6.55
314,6.38
419,6.26
832,0.00
316,6.23
883,13.77
39,6.22
239,6.16
476,0.00
998,25.30
551,13.82
379,6.23
698,6.10
345,6.03
127,6.16
492,6.01
887,0.00
787,13.65
189,6.06
133,6.07
426,0.00
187,5.88
560,0.00
797,5.83
62,5.90
824,0.00
518,5.83
266,5.81
787,0.00
683,5.79
941,13.40
558,5.71
977,5.78
19,5.74
676,0.00
367,5.79
777,0.00
843,0.00
626,0.00
594,13.29
574,5.85
944,5.96
249,5.97
628,0.00
409,0.00
541,5.85
343,0.00
436,0.00
905,5.80
267,5.81
484,5.78
948,5.84
547,5.76
873,25.13
967,19.30
768,5.98
451,5.86
234,5.88
344,0.00
956,5.86
968,5.93
530,13.19
690,19.25
5,5.87
166,5.79
408,5.80
105,0.00
370,5.81
597,5.80
654,12.81
890,5.83
105,6.07
664,5.94
771,0.00
661,19.60
775,6.07
87,6.06
279,6.04
633,6.12
746,6.13
387,6.21
788,6.08
186,6.16
286,6.17
636,6.13
860,19.91
437,6.38
419,6.14
499,6.21
402,6.26
586,12.13
411,6.31
11,6.10
137,6.22
839,0.00
280,6.15
878,6.07
185,6.16
83,6.18
720,6.09
487,6.16
724,6.06
337,0.00
673,6.16
977,0.00
974,6.23
240,6.33
770,12.11
586,6.38
221,6.33
105,6.26
81,6.22
554,0.00
155,6.13
790,6.19
200,6.23
604,6.17
241,6.22
180,6.04
392,6.04
76,5.97
404,5.87
596,5.96
155,5.86
937,11.83
813,5.91
465,5.96
940,6.13
753,6.25
450,0.00
91,6.16
776,6.22
901,6.29
440,6.30
997,12.10
273,11.98
459,0.00
764,19.30
39,6.27
916,6.15
944,6.21
889,12.14
773,6.46
836,0.00
925,6.49
237,6.42
306,6.39
103,6.36
693,0.00
464,0.00
647,6.19
950,6.17
715,0.00
280,6.21
504,0.00
918,6.22
135,6.04
995,0.00
165,6.02
780,18.37
461,6.12
47,5.98
715,18.17
956,31.49
873,6.12
369,12.33
171,6.10
83,0.00
476,6.02
271,5.94
885,0.00
128,5.95
148,5.99
621,0.00
1000,6.04
570,6.05
629,0.00
595,6.09
485,6.05
289,0.00
378,0.00
972,6.02
563,6.03
623,12.29
362,12.30
81,6.08
69,5.90
722,5.86
860,5.94
596,6.00
656,0.00
617,5.97
111,5.96
602,0.00
528,6.03
863,6.04
223,6.03
983,6.21
512,6.15
927,0.00
480,5.91
325,5.97
115,5.87
879,0.00
114,5.84
402,5.77
610,5.76
358,5.85
511,0.00
719,5.75
146,5.65
979,31.31
148,5.77
642,11.95
203,5.70
171,5.77
862,11.92
427,5.87
271,5.70
946,11.91
149,5.66
410,0.00
573,11.96
937,5.58
573,0.00
908,5.56
204,5.64
489,5.61
626,0.00
501,5.56
248,5.63
740,0.00
854,5.48
688,5.56
613,0.00
819,5.70
789,0.00
934,5.73
743,5.77
779,5.82
495,5.77
339,5.79
950,11.86
986,5.98
618,6.04
68,5.89
682,0.00
725,5.85
837,5.96
414,11.93
959,6.15
212,6.16
628,6.08
125,6.12
572,6.05
720,0.00
164,6.03
49,6.07
272,5.92
114,0.00
19,5.90
319,5.88
460,0.00
322,0.00
886,5.79
810,5.89
543,5.79
916,5.86
637,5.89
312,5.81
195,0.00
38,5.97
996,0.00
505,5.90
452,0.00
252,6.01
642,0.00
518,5.98
326,5.94
385,5.98
667,5.99
302,5.92
780,12.04
572,11.98
694,5.96
530,0.00
230,5.98
27,5.84
326,5.84
989,0.00
380,5.94
478,5.84
367,5.84
649,0.00
876,5.86
688,0.00
160,5.89
503,5.89
705,0.00
916,5.77
194,5.89
912,5.78
847,5.80
258,5.84
22,5.85
666,0.00
878,11.49
347,5.87
193,5.80
444,5.73
823,0.00
668,5.73
650,0.00
336,5.79
587,5.72
797,5.65
983,0.00
444,11.54
953,5.80
253,5.82
208,5.72
161,5.75
171,5.66
519,0.00
394,11.57
724,11.45
230,5.61
246,0.00
134,0.00
250,5.49
245,11.38
418,5.42
379,0.00
557,0.00
651,5.35
535,5.30
59,5.42
689,0.00
775,0.00
513,5.29
366,5.42
671,5.38
673,0.00
338,5.37
506,5.43
236,5.56
747,0.00
581,0.00
717,5.54
32,5.63
868,5.60
294,5.59
968,5.64
1,5.50
209,0.00
741,11.51
454,5.62
237,5.68
365,0.00
846,0.00
797,5.65
233,5.73
461,5.65
415,5.65
824,11.67
471,5.85
101,5.65
51,5.64
214,5.77
750,0.00
39,5.83
29,5.78
274,5.79
673,0.00
907,5.78
432,0.00
745,23.60
847,11.85
748,11.76
839,6.00
880,0.00
399,5.84
597,0.00
998,5.80
962,11.73
827,5.90
580,0.00
817,5.99
479,6.00
214,5.99
834,6.02
999,6.03
816,0.00
114,6.10
40,6.11
277,6.08
873,5.90
782,0.00
68,5.95
758,5.92
396,5.93
412,0.00
776,5.95
488,5.95
481,6.03
484,0.00
274,5.91
350,5.99
74,5.96
646,0.00
406,5.88
440,5.88
49,5.98
936,0.00
466,5.97
416,5.93
268,5.95
930,0.00
258,6.09
787,0.00
859,5.99
272,6.00
278,6.08
389,0.00
639,5.87
133,5.87
635,5.87
705,5.94
802,0.00
672,5.88
600,5.96
21,6.05
984,0.00
532,5.80
744,5.81
9,5.84
540,5.80
398,0.00
901,11.52
670,0.00
663,0.00
846,5.75
330,5.80
198,5.81
87,5.68
580,0.00
251,5.63
569,0.00
360,5.71
477,0.00
304,5.71
688,11.52
295,5.81
512,0.00
274,11.51
978,11.61
478,5.74
673,5.72
838,11.45
21,5.63
717,0.00
711,5.69
438,0.00
942,5.58
391,11.42
346,5.63
200,5.58
99,5.50
19,5.51
787,0.00
950,5.39
842,5.54
484,5.41
817,0.00
841,5.41
566,0.00
646,5.50
552,5.49
519,5.52
887,5.49
302,5.63
935,5.68
375,5.69
213,5.58
775,0.00
653,17.06
910,5.71
602,5.77
476,5.66
361,5.61
891,0.00
345,5.64
648,0.00
464,0.00
111,5.50
876,0.00
573,5.45
739,0.00
395,5.46
128,5.50
538,0.00
459,5.43
678,0.00
85,5.40
835,0.00
152,5.42
66,5.47
116,5.34
562,0.00
809,5.18
676,5.18
679,0.00
310,5.22
955,0.00
870,11.08
707,5.31
275,5.36
11,0.00
480,5.24
568,0.00
134,5.22
95,5.20
20,5.17
681,5.08
95,5.15
83,5.09
379,5.09
267,5.03
793,0.00
953,5.00
704,16.61
702,4.99
75,0.00
537,10.72
191,4.91
570,4.83
414,4.86
973,0.00
582,10.65
674,4.93
231,4.79
288,4.90
139,4.82
418,4.88
399,4.93
119,4.95
825,0.00
844,4.78
336,4.75
298,4.70
709,4.61
921,0.00
927,4.69
682,4.73
346,4.68
48,4.63
138,4.64
763,4.58
146,4.53
801,16.21
228,4.56
607,10.29
907,4.58
4,4.52
877,10.30
696,4.64
774,10.32
541,0.00
594,4.59
557,4.65
774,0.00
260,4.67
606,0.00
453,4.61
409,4.65
187,4.70
478,4.65
269,0.00
746,4.62
150,4.74
713,0.00
279,4.72
487,4.67
212,4.72
683,4.78
612,4.88
900,4.95
663,4.92
708,4.94
576,4.99
813,4.92
934,10.27
604,5.05
854,0.00
511,0.00
684,10.56
519,10.41
658,5.28
109,5.29
322,0.00
592,5.20
65,5.26
79,5.27
307,5.27
586,0.00
805,5.32
344,0.00
963,10.41
781,5.43
803,0.00
287,0.00
745,16.14
386,5.51
695,5.63
670,5.82
582,5.58
852,0.00
403,0.00
954,0.00
235,5.64
616,5.74
70,5.71
924,0.00
207,5.79
873,0.00
622,0.00
562,5.71
16,5.83
883,0.00
595,0.00
459,5.68
443,0.00
680,0.00
678,5.80
507,0.00
496,0.00
84,5.73
506,0.00
906,16.03
299,5.85
188,5.65
781,10.24
32,5.78
429,5.82
713,0.00
692,5.67
702,0.00
817,5.69
916,0.00
31,5.69
861,5.69
50,5.75
715,0.00
291,5.63
503,0.00
174,5.65
679,0.00
130,5.64
680,0.00
80,5.59
961,0.00
55,5.49
541,0.00
91,5.50
777,5.47
909,5.57
697,0.00
512,5.32
127,5.39
333,5.30
552,0.00
530,10.43
280,5.22
734,0.00
501,5.17
67,5.25
676,5.25
465,5.37
84,5.29
346,0.00
636,0.00
431,5.25
95,5.20
307,5.20
639,0.00
258,5.13
860,0.00
732,15.70
326,4.99
647,0.00
941,10.83
870,10.81
41,5.12
134,4.98
594,0.00
345,5.03
892,15.51
829,5.07
977,5.15
385,5.22
395,5.00
413,5.02
371,5.12
737,0.00
368,5.19
522,5.06
580,0.00
852,0.00
217,5.19
390,5.15
905,0.00
920,11.03
487,5.19
902,11.13
112,5.20
68,5.13
395,5.28
984,5.17
584,5.28
976,5.25
187,10.92
696,5.31
247,5.28
726,10.88
945,5.27
495,0.00
549,5.20
918,5.21
609,0.00
724,5.17
29,5.20
542,0.00
13,5.16
883,0.00
757,5.20
277,5.23
922,0.00
962,5.17
14,5.25
130,5.33
645,5.15
69,5.23
573,5.15
691,0.00
952,10.45
431,5.09
962,15.57
312,5.20
538,5.09
100,5.03
270,4.88
695,0.00
840,5.00
517,5.00
110,0.00
422,0.00
559,5.11
895,15.69
135,5.19
119,5.15
310,5.14
309,5.26
74,5.17
910,0.00
765,5.16
670,5.21
626,0.00
441,10.23
376,5.31
374,5.19
237,5.17
190,5.17
412,0.00
171,5.21
199,5.11
271,5.00
503,10.01
439,5.01
716,5.02
515,4.95
859,0.00
547,4.96
979,0.00
848,10.10
611,5.14
386,5.07
757,5.07
804,0.00
578,5.13
969,0.00
678,5.12
477,5.15
959,5.19
474,5.19
602,5.17
438,0.00
845,20.58
110,5.03
574,4.99
560,5.06
121,4.98
534,5.01
815,0.00
482,5.06
991,5.10
821,5.17
640,5.18
944,5.17
30,5.30
645,0.00
738,0.00
802,5.23
62,5.28
533,0.00
870,10.49
74,5.22
396,5.26
875,5.17
336,5.25
395,0.00
510,5.18
693,5.30
333,5.40
470,0.00
461,5.37
559,5.44
80,5.45
959,15.71
346,5.42
496,10.64
652,5.56
265,5.53
208,0.00
187,5.59
795,5.45
305,0.00
175,5.52
969,0.00
187,5.46
958,5.45
847,0.00
747,5.40
303,5.44
273,5.37
808,5.31
637,5.31
840,0.00
790,5.44
955,5.48
294,5.58
311,5.61
947,0.00
830,5.65
544,5.70
634,5.83
207,0.00
823,5.62
102,5.78
456,0.00
791,5.63
226,5.71
406,0.00
976,5.53
218,5.60
329,5.47
967,15.84
73,5.53
718,10.65
238,5.51
367,5.58
25,5.46
944,0.00
942,10.78
770,5.56
917,15.99
986,26.53
277,5.67
95,5.63
895,10.68
61,5.69
556,5.59
5,5.62
11,5.66
547,0.00
926,0.00
332,5.58
126,5.61
785,5.54
684,5.56
18,5.49
658,5.46
144,5.54
918,5.41
685,0.00
89,5.52
528,0.00
735,0.00
279,5.50
691,0.00
849,10.75
806,5.53
730,5.45
413,5.52
483,0.00
42,5.39
238,5.42
305,5.40
864,10.84
434,5.40
204,5.29
156,5.33
918,0.00
913,10.84
387,5.30
943,0.00
641,5.40
416,5.49
485,5.40
840,10.82
65,5.49
894,0.00
544,5.57
222,5.46
944,10.70
737,5.36
712,5.47
822,10.95
60,5.64
206,5.53
338,5.52
78,5.45
7,5.35
412,5.29
486,0.00
98,5.38
257,5.29
46,5.22
795,0.00
982,10.95
416,5.14
631,0.00
507,5.15
109,5.23
554,0.00
360,5.08
304,5.13
697,0.00
728,5.11
286,5.02
737,5.00
339,0.00
873,10.58
474,5.12
193,5.13
709,0.00
554,4.99
225,10.66
510,0.00
977,0.00
736,5.09
678,0.00
398,0.00
328,5.05
963,0.00
411,5.16
537,0.00
406,10.52
479,5.15
770,5.15
221,5.17
826,5.17
698,0.00
588,5.14
538,5.18
54,5.22
442,5.16
474,0.00
681,5.17
153,0.00
131,5.07
706,4.99
844,0.00
639,0.00
521,0.00
541,5.26
781,10.61
593,5.33
589,0.00
248,5.10
228,5.14
967,0.00
717,0.00
6,5.02
159,5.02
463,0.00
567,15.73
85,5.02
502,0.00
794,10.36
163,4.84
917,10.35
160,4.89
562,4.81
260,4.70
113,4.83
330,4.82
548,4.82
432,0.00
808,0.00
336,4.87
124,4.87
288,4.98
433,4.93
379,4.89
852,0.00
841,4.86
133,4.93
157,4.94
921,4.88
62,4.97
699,4.97
841,5.01
726,15.58
269,4.88
674,4.86
339,0.00
754,4.87
366,4.88
281,4.81
664,0.00
123,4.69
336,4.64
937,9.66
812,4.52
727,4.56
240,4.62
585,0.00
407,4.57
840,0.00
824,4.60
80,4.60
603,4.60
89,4.73
903,0.00
724,4.61
371,4.67
371,4.63
412,0.00
868,4.81
197,4.81
601,4.70
418,0.00
207,4.80
58,4.91
179,4.84
472,0.00
697,4.71
253,4.72
197,4.57
463,4.65
582,0.00
895,10.07
185,10.11
802,9.93
291,9.97
695,4.80
221,4.85
669,4.87
198,4.83
696,4.74
898,4.88
513,4.84
914,4.93
884,5.03
75,4.97
86,5.01
381,5.01
978,5.01
863,5.02
201,5.03
201,5.02
723,5.03
743,0.00
767,5.21
218,5.08
126,5.17
827,5.10
156,5.19
967,0.00
166,5.16
898,10.03
605,5.17
263,5.14
557,5.11
952,0.00
162,5.14
904,0.00
168,5.18
815,10.24
979,10.28
53,5.33
470,0.00
276,5.25
499,0.00
963,26.02
236,5.37
173,5.24
862,10.40
714,10.40
242,5.68
912,15.46
939,5.70
671,5.69
282,5.80
589,0.00
556,0.00
838,5.75
464,0.00
499,5.83
977,0.00
965,0.00
590,0.00
718,5.84
527,0.00
209,5.90
574,5.78
359,5.85
680,5.88
133,5.77
924,5.75
371,5.75
356,0.00
122,5.87
52,5.82
982,0.00
696,5.83
324,5.93
109,5.85
946,0.00
328,5.77
443,0.00
211,5.72
938,10.67
42,5.84
250,5.80
841,0.00
881,5.77
170,5.84
451,0.00
473,5.95
179,5.86
724,5.88
34,5.89
831,5.80
662,5.82
434,0.00
369,5.65
531,5.74
402,5.82
52,5.69
487,0.00
747,5.60
414,0.00
967,0.00
337,5.52
621,0.00
350,5.52
299,10.73
11,5.52
55,0.00
842,5.43
36,5.53
36,5.42
11,0.00
147,5.37
894,0.00
409,5.37
925,5.33
937,10.65
62,5.47
268,5.33
241,0.00
260,5.33
664,10.69
992,0.00
986,10.78
498,0.00
741,5.49
113,5.32
882,5.27
549,5.33
727,0.00
455,0.00
268,11.05
621,15.61
299,5.33
47,5.33
151,5.26
870,0.00
945,10.90
280,5.16
57,5.12
376,5.17
20,5.21
492,5.06
972,0.00
9,5.05
817,0.00
293,5.06
300,5.00
493,0.00
810,4.97
392,0.00
781,4.92
577,0.00
582,4.88
524,0.00
49,4.88
277,4.88
618,10.82
52,4.96
774,0.00
535,0.00
625,0.00
160,4.82
143,4.91
478,0.00
370,4.82
364,4.72
929,10.77
158,4.84
584,0.00
905,4.87
219,4.89
215,4.86
660,10.68
880,4.78
284,4.86
666,4.76
364,4.74
135,4.79
497,0.00
932,4.83
87,4.84
752,0.00
662,4.78
912,4.82
559,4.90
407,0.00
155,5.01
543,4.91
402,0.00
879,4.95
870,0.00
306,5.04
527,0.00
633,5.01
673,5.01
785,5.10
819,5.20
52,5.20
555,5.20
590,5.02
156,5.10
943,0.00
641,5.16
386,0.00
761,0.00
609,5.02
15,5.07
54,4.99
477,0.00
946,0.00
157,4.96
273,5.01
402,0.00
930,0.00
44,4.92
430,0.00
838,4.86
118,4.84
668,4.85
432,0.00
381,4.78
665,4.83
830,4.86
966,4.95
304,4.87
694,4.91
130,4.88
511,0.00
256,4.90
270,4.85
441,0.00
644,4.76
314,4.90
613,4.93
751,0.00
619,9.95
537,4.97
481,0.00
309,4.93
892,0.00
443,4.90
830,5.00
736,5.01
106,5.03
242,4.96
188,5.04
267,4.94
476,0.00
862,0.00
193,4.90
114,4.91
835,4.89
803,9.67
133,9.72
597,5.04
251,4.91
276,4.99
895,4.93
388,4.99
403,4.82
274,4.96
941,0.00
269,4.89
304,4.93
385,0.00
834,9.79
157,4.95
191,4.86
182,4.75
817,0.00
146,4.78
20,4.80
680,0.00
388,4.68
660,15.13
928,9.84
31,4.81
195,4.78
189,4.74
108,4.66
833,0.00
938,36.23
258,4.69
261,4.72
28,4.69
267,4.73
295,4.70
517,0.00
520,4.72
724,0.00
523,0.00
649,4.66
731,4.64
784,4.69
301,4.72
206,4.81
922,4.81
91,4.78
760,0.00
50,4.77
705,0.00
996,4.69
809,4.87
744,4.95
110,4.96
156,4.85
640,0.00
995,5.04
324,4.95
993,4.95
679,0.00
221,4.88
562,0.00
788,9.98
185,4.93
903,4.97
56,5.03
321,5.00
276,5.00
798,0.00
717,5.01
347,4.88
506,0.00
242,4.91
302,4.99
745,0.00
475,0.00
974,14.83
582,14.85
927,10.06
367,0.00
560,5.12
676,0.00
229,5.14
417,0.00
143,5.16
529,5.01
867,0.00
322,5.14
697,9.98
823,5.24
508,0.00
457,5.20
926,5.23
675,5.29
110,5.32
926,0.00
159,5.28
69,5.33
915,0.00
373,0.00
75,5.33
454,0.00
810,9.97
426,5.33
319,0.00
21,5.30
253,5.24
219,5.24
839,0.00
24,5.30
825,0.00
218,5.34
377,5.28
314,5.35
708,10.00
613,5.36
451,5.34
764,9.98
477,5.37
832,5.36
88,5.40
62,5.37
581,5.27
575,0.00
885,10.21
628,5.35
649,5.33
583,5.30
124,5.44
290,5.44
141,5.17
447,0.00
536,5.16
534,0.00
586,5.23
796,5.16
883,10.19
678,5.27
26,5.29
546,5.21
180,5.25
972,20.13
78,5.17
232,5.20
921,0.00
594,10.09
407,5.21
705,0.00
489,5.25
639,0.00
882,5.23
678,10.16
841,5.36
445,5.32
706,0.00
931,5.26
881,0.00
989,10.54
866,5.41
339,5.42
592,5.54
844,10.59
672,5.56
100,5.57
204,5.53
984,5.48
465,5.57
35,5.55
171,5.58
652,0.00
871,5.50
121,5.50
755,0.00
240,5.48
665,0.00
71,5.42
51,5.41
800,5.33
157,5.42
294,5.33
122,5.27
181,5.31
968,5.26
235,5.29
274,5.32
976,5.30
60,5.38
490,0.00
595,5.29
938,5.34
467,5.39
662,5.27
371,5.28
109,0.00
392,0.00
300,5.23
214,5.16
257,0.00
71,5.14
846,5.16
938,5.23
16,5.09
616,5.14
234,5.12
981,0.00
400,5.04
76,5.07
471,0.00
627,5.02
314,0.00
944,5.06
360,5.10
996,5.16
611,0.00
445,5.13
317,5.13
628,0.00
988,5.12
850,5.15
309,5.16
975,5.25
357,5.25
769,0.00
48,5.30
556,0.00
260,5.26
493,0.00
64,5.05
164,5.08
670,5.01
150,5.06
748,4.94
819,4.95
48,4.79
998,4.90
249,4.91
392,0.00
446,10.17
354,4.76
765,15.31
447,4.81
317,4.73
908,4.71
284,4.82
194,4.72
154,4.79
534,0.00
834,10.25
525,4.60
544,4.61
22,4.56
274,4.62
77,4.55
999,0.00
887,4.59
68,4.60
819,0.00
888,0.00
855,4.69
801,4.78
767,4.81
581,0.00
595,0.00
408,4.76
678,0.00
698,4.82
751,4.82
845,10.05
994,4.89
588,4.87
416,4.87
719,4.90
482,4.96
881,10.19
682,5.13
357,10.29
32,5.15
992,10.08
544,5.13
290,5.03
568,5.02
585,5.16
411,5.19
883,0.00
69,5.12
135,5.23
137,5.15
597,0.00
413,0.00
531,5.05
412,5.04
815,0.00
433,4.95
40,5.01
1,5.00
800,5.00
443,5.04
429,4.88
905,4.89
45,4.82
495,4.76
748,4.75
158,4.90
797,0.00
460,0.00
931,0.00
18,4.98
384,4.98
877,0.00
465,10.04
569,5.13
544,5.17
111,4.98
580,5.03
29,5.10
409,5.10
186,9.74
180,9.70
672,5.01
585,0.00
137,4.82
507,4.86
670,0.00
511,4.91
211,4.93
932,5.00
218,5.07
383,0.00
467,0.00
882,4.96
685,5.02
503,0.00
180,5.07
65,4.78
269,4.71
31,4.64
780,0.00
436,4.64
895,0.00
896,4.67
64,4.71
989,0.00
868,4.88
179,4.81
991,9.77
142,4.68
409,4.73
846,0.00
36,4.59
430,4.65
959,4.65
96,4.62
854,4.61
316,4.65
615,4.69
1000,9.65
404,4.78
18,4.76
658,0.00
622,4.65
517,0.00
1,4.71
158,4.59
747,4.61
913,4.64
105,4.69
307,4.66
504,4.67
388,4.72
906,9.66
381,4.71
930,0.00
333,4.69
189,4.69
901,0.00
474,0.00
438,4.76
795,9.71
636,4.83
813,0.00
628,4.78
275,4.84
704,4.74
119,4.83
28,4.76
582,0.00
365,4.70
278,4.67
461,0.00
605,4.71
600,0.00
757,4.68
721,9.80
672,4.78
840,9.85
61,4.78
827,4.80
915,4.91
196,4.61
841,4.65
520,4.80
819,4.65
965,9.73
966,0.00
355,4.88
50,4.93
173,4.94
531,0.00
896,4.94
266,5.03
584,0.00
669,4.92
523,0.00
496,4.85
558,4.95
705,0.00
447,4.87
788,9.73
698,5.05
350,5.06
462,5.09
608,5.10
381,0.00
733,0.00
829,5.08
823,5.15
383,5.15
838,0.00
626,5.05
255,0.00
909,5.06
194,5.11
396,0.00
270,5.06
669,0.00
783,5.06
301,5.11
487,5.06
641,0.00
584,5.05
852,0.00
680,0.00
600,5.06
718,5.09
380,5.20
327,5.15
38,5.12
736,0.00
981,5.15
665,9.83
216,9.89
626,0.00
806,5.09
181,5.17
111,5.08
693,5.10
808,0.00
266,5.21
822,5.19
426,0.00
532,5.27
608,0.00
24,5.21
661,0.00
830,5.15
617,9.90
974,9.92
479,5.23
415,5.23
566,10.15
253,5.21
44,0.00
740,10.04
553,5.32
627,5.36
326,10.13
745,5.51
59,5.58
82,0.00
510,5.41
1000,5.54
522,5.68
594,0.00
605,5.62
566,5.57
970,0.00
826,5.51
643,0.00
253,5.56
92,5.59
536,5.54
788,10.50
763,5.67
636,0.00
444,5.52
977,0.00
315,5.58
267,5.47
664,0.00
941,5.40
114,5.48
829,0.00
745,5.24
994,5.29
704,5.35
103,5.20
622,0.00
988,5.25
285,5.46
374,5.37
780,0.00
470,5.40
157,5.40
707,0.00
429,5.40
371,5.47
954,5.56
247,5.58
801,10.56
135,5.63
565,0.00
758,10.60
718,5.56
9,0.00
78,5.57
999,0.00
990,5.61
483,10.86
494,5.66
606,0.00
513,5.70
275,5.67
179,5.63
564,5.55
5,5.60
5,5.61
441,0.00
593,5.46
465,0.00
454,5.52
776,5.44
264,0.00
639,5.48
623,0.00
76,5.67
541,10.70
472,5.64
13,5.64
304,5.54
613,0.00
416,5.44
245,0.00
282,5.35
324,5.29
411,0.00
574,5.22
728,5.30
57,5.30
325,0.00
515,5.29
392,0.00
454,5.21
306,0.00
932,15.53
521,5.28
745,15.59
990,5.37
312,5.34
896,5.23
976,0.00
351,5.33
878,5.29
541,0.00
783,5.33
766,0.00
610,5.32
383,0.00
997,5.34
242,5.35
618,5.30
882,10.52
670,10.65
891,5.27
355,5.33
487,5.35
664,5.35
120,5.34
607,0.00
288,5.21
560,5.21
268,5.34
342,5.26
302,5.24
113,5.25
173,5.23
920,0.00
997,5.17
863,0.00
130,5.24
966,5.24
56,5.44
588,5.25
552,5.32
206,5.35
289,5.25
263,5.26
596,5.16
811,5.13
564,5.33
700,0.00
864,0.00
434,0.00
929,5.17
154,5.23
897,5.32
902,0.00
710,5.47
740,5.48
28,5.36
700,0.00
290,5.28
382,5.27
352,5.33
837,0.00
99,5.24
85,5.33
584,0.00
954,5.34
515,5.49
855,0.00
243,0.00
560,5.44
523,5.48
578,5.58
701,5.43
238,5.53
89,5.44
445,0.00
451,5.33
429,0.00
268,5.31
966,10.55
552,5.33
487,5.34
56,5.26
24,5.27
947,5.13
759,5.08
421,5.06
431,0.00
43,5.05
330,5.12
977,0.00
267,10.29
914,5.12
764,15.85
871,15.94
923,5.38
881,10.71
391,10.77
550,5.46
706,10.69
683,5.38
586,0.00
894,5.44
316,5.30
247,5.50
32,5.35
279,5.36
624,0.00
706,5.28
716,5.30
959,5.36
754,0.00
102,5.45
798,0.00
945,5.43
553,0.00
226,5.48
113,5.29
133,5.29
224,5.25
96,5.23
794,5.15
715,0.00
719,0.00
118,5.32
350,5.22
239,0.00
21,10.44
615,5.34
904,16.16
372,5.30
464,0.00
330,5.29
568,10.37
897,5.24
143,5.32
624,5.21
917,10.49
771,5.25
165,5.36
498,0.00
905,0.00
502,5.23
472,5.16
746,5.28
139,5.29
483,0.00
893,5.13
118,5.06
323,5.14
714,0.00
229,0.00
418,0.00
643,5.01
712,5.02
651,0.00
786,5.14
742,5.18
133,5.18
331,5.11
300,5.12
619,0.00
380,5.16
945,5.13
318,5.20
351,5.16
791,0.00
411,5.15
960,0.00
902,0.00
711,0.00
501,5.04
962,5.08
934,15.75
983,5.12
859,5.16
49,5.13
54,5.07
828,5.05
489,0.00
356,4.96
943,0.00
724,5.09
394,5.16
823,0.00
734,5.05
198,5.18
111,5.11
126,5.00
612,0.00
42,4.96
444,4.97
71,4.82
87,4.82
761,0.00
682,4.90
676,4.99
34,4.95
252,4.95
843,4.81
100,4.85
30,4.80
731,10.17
957,4.84
352,4.83
143,4.80
22,4.80
715,0.00
68,4.77
889,4.78
414,4.86
40,4.74
384,4.64
803,0.00
988,9.89
65,4.76
318,4.67
547,4.71
979,4.71
702,9.85
79,4.69
928,0.00
886,4.69
732,4.78
306,4.80
105,4.76
344,4.69
320,4.76
811,0.00
718,9.73
964,4.63
75,4.68
996,0.00
334,4.75
592,4.80
541,0.00
830,4.77
674,4.83
643,0.00
885,4.88
562,4.84
243,4.79
960,4.84
263,4.87
472,0.00
673,4.85
381,0.00
653,4.85
731,4.82
714,4.94
169,4.82
556,9.92
116,4.68
179,4.70
950,9.79
342,4.75
545,4.83
987,4.68
723,4.63
2,4.69
313,4.55
944,0.00
109,4.68
179,4.63
426,0.00
683,0.00
459,0.00
148,4.65
988,0.00
734,0.00
438,4.64
421,0.00
70,4.75
693,0.00
649,4.80
757,4.68
611,0.00
318,4.85
111,9.70
911,9.61
106,4.94
431,4.85
8,4.91
382,0.00
550,0.00
413,0.00
877,4.73
880,4.78
42,4.82
740,0.00
499,4.74
455,0.00
352,4.76
620,0.00
815,9.43
49,4.75
542,4.69
455,9.41
223,4.85
234,9.50
460,4.85
27,4.86
203,0.00
733,0.00
204,4.71
445,0.00
761,4.73
314,0.00
166,4.75
114,4.64
70,4.59
270,4.54
999,4.47
265,0.00
162,4.52
244,4.48
228,4.51
536,9.28
658,9.24
122,4.45
229,4.30
763,4.56
684,4.44
946,4.50
82,4.51
549,0.00
483,4.53
262,4.44
424,0.00
121,4.41
193,4.36
705,4.26
867,9.13
544,0.00
900,9.15
272,9.05
590,9.07
24,4.46
969,4.35
89,4.44
876,0.00
718,4.44
172,4.41
963,0.00
317,4.40
16,4.44
441,0.00
399,4.44
186,4.49
772,4.49
27,4.66
515,0.00
720,4.43
61,4.45
161,4.41
577,0.00
711,4.45
709,0.00
249,4.37
707,0.00
934,4.39
787,4.44
352,4.34
92,4.50
434,0.00
983,4.39
487,4.44
831,4.34
41,4.37
256,4.40
337,4.46
977,4.43
213,4.45
700,4.50
752,14.05
549,0.00
301,4.48
749,4.44
729,4.55
125,4.53
42,4.50
357,4.50
611,4.60
925,9.36
889,9.39
478,4.66
125,4.80
594,4.83
760,0.00
696,4.98
681,0.00
127,4.91
50,4.88
633,0.00
267,0.00
294,4.99
54,5.00
928,0.00
150,0.00
679,5.02
797,0.00
828,5.05
187,0.00
792,4.96
490,0.00
978,5.06
300,5.06
559,0.00
910,5.14
763,5.13
274,5.29
320,0.00
28,5.15
182,5.12
257,9.39
594,9.41
467,5.18
415,0.00
741,5.06
585,0.00
158,5.08
930,14.06
573,5.01
569,0.00
94,4.98
983,0.00
628,4.98
87,5.04
772,0.00
443,5.01
355,5.01
534,0.00
644,5.00
252,5.07
227,5.06
487,0.00
435,5.07
469,0.00
947,14.21
641,5.13
459,5.14
741,9.51
16,5.19
118,5.03
582,5.08
968,5.16
28,5.20
872,0.00
732,0.00
543,5.20
616,5.22
581,0.00
894,9.81
646,5.22
21,5.28
717,5.18
100,5.08
227,5.08
421,0.00
679,0.00
403,5.14
377,0.00
421,9.71
83,5.11
916,0.00
374,5.09
44,5.08
77,5.04
324,4.98
201,4.94
308,4.87
895,4.82
371,4.93
452,0.00
228,4.85
753,4.85
34,4.91
470,0.00
611,4.88
645,0.00
504,4.88
29,4.84
993,4.83
91,5.00
208,4.93
844,0.00
96,4.93
418,0.00
433,10.00
435,9.99
836,4.92
431,4.75
11,4.78
422,4.80
305,4.89
835,0.00
500,0.00
645,4.97
357,0.00
438,5.06
492,0.00
781,4.93
974,4.99
732,0.00
299,10.16
720,5.08
672,5.01
977,5.06
120,5.13
581,5.07
706,0.00
500,5.12
938,5.20
625,0.00
874,5.18
787,5.19
397,0.00
418,5.25
413,0.00
213,5.24
152,5.15
113,5.21
859,0.00
187,5.12
703,5.11
934,5.21
659,0.00
65,5.12
584,5.15
726,5.19
265,5.26
46,0.00
158,5.20
725,10.39
279,5.17
450,5.14
602,10.36
243,10.37
510,5.20
457,0.00
766,10.32
536,10.37
185,5.26
894,5.18
191,5.26
216,5.09
302,0.00
94,5.16
396,5.10
675,5.19
528,0.00
110,5.11
557,5.18
414,0.00
1,5.27
513,5.27
354,5.19
66,5.22
280,5.14
625,5.10
213,5.17
651,4.97
98,4.96
614,5.01
321,5.11
140,5.05
328,4.87
980,4.89
470,0.00
114,4.94
347,4.94
480,0.00
739,4.96
988,4.97
861,5.09
127,4.99
23,4.99
726,4.88
640,0.00
394,5.04
836,5.10
24,4.92
181,0.00
109,0.00
621,4.85
836,4.79
112,4.76
778,4.76
627,0.00
901,10.05
908,4.94
657,4.85
300,4.88
231,4.89
743,0.00
842,4.79
694,4.79
484,0.00
278,4.85
503,4.77
957,0.00
999,4.88
244,5.07
554,0.00
641,5.06
59,5.00
807,0.00
166,5.06
590,5.06
436,5.06
245,5.06
240,5.05
562,4.95
927,0.00
813,5.02
915,10.16
821,5.00
228,4.95
127,4.99
512,4.93
902,0.00
818,10.09
400,5.04
138,4.99
690,4.88
539,0.00
925,0.00
382,5.00
636,5.02
381,0.00
183,4.99
46,4.99
617,4.93
834,0.00
643,4.99
370,5.07
419,0.00
618,5.12
190,0.00
967,5.19
173,5.31
676,0.00
6,5.18
794,5.17
221,5.17
417,0.00
218,5.10
586,0.00
605,5.10
924,5.10
450,5.16
747,5.13
373,5.10
444,5.10
916,0.00
761,5.12
452,5.12
967,10.07
221,5.26
431,5.35
732,5.36
792,5.27
53,5.33
79,5.37
248,5.27
605,0.00
417,5.04
969,0.00
233,5.20
432,5.14
535,9.95
500,5.15
755,5.22
267,5.09
58,5.05
578,0.00
149,4.98
300,4.81
525,0.00
739,4.76
178,4.83
816,0.00
611,4.69
334,4.73
507,0.00
864,4.86
533,4.94
341,4.98
227,5.06
735,0.00
984,9.99
512,4.95
152,5.06
977,0.00
594,10.04
758,5.13
762,5.11
952,0.00
365,10.07
538,10.09
859,15.30
623,10.01
928,5.14
572,5.16
74,5.06
297,0.00
615,5.01
60,5.06
730,0.00
263,4.98
95,4.98
421,0.00
604,0.00
387,5.01
236,4.99
331,4.99
899,4.97
113,5.13
457,4.96
199,4.90
801,0.00
459,4.91
984,0.00
557,5.00
49,5.13
831,5.12
482,5.12
300,5.12
559,0.00
119,5.20
760,5.21
540,5.21
332,15.37
248,5.32
858,10.22
404,5.21
767,5.29
899,5.10
746,5.23
320,5.13
552,5.03
221,5.14
887,0.00
36,5.13
313,5.09
258,5.13
358,5.13
50,5.15
282,4.98
973,4.91
42,4.96
732,0.00
309,0.00
891,5.06
610,5.11
789,5.08
920,0.00
408,5.20
31,5.16
150,5.18
237,5.17
349,5.13
698,0.00
415,4.95
124,4.97
724,0.00
156,4.89
92,4.87
950,0.00
542,4.88
204,4.79
158,4.85
687,0.00
941,9.71
943,4.86
167,4.79
573,0.00
397,4.84
182,4.76
633,0.00
268,4.66
475,0.00
979,9.94
643,4.76
240,4.78
949,0.00
152,4.83
678,4.71
106,0.00
822,4.79
704,0.00
640,4.85
410,0.00
241,4.76
603,4.85
155,4.93
216,4.79
523,0.00
851,4.75
265,4.86
249,4.87
140,4.89
555,0.00
528,0.00
200,4.87
788,4.85
410,4.87
133,4.79
48,4.83
438,0.00
572,4.85
414,0.00
255,4.78
677,10.02
508,4.77
607,4.69
233,4.72
998,9.88
50,4.69
49,4.52
701,0.00
903,9.94
693,4.70
212,4.64
473,0.00
573,4.75
323,4.81
886,0.00
403,4.85
857,4.89
75,4.98
751,4.91
75,5.00
137,4.97
423,0.00
883,9.82
971,4.91
113,4.92
10,4.88
175,4.82
346,0.00
860,0.00
722,10.02
993,4.94
276,4.86
529,4.87
330,4.93
867,4.90
750,0.00
742,4.96
732,0.00
435,0.00
437,5.14
826,5.09
195,5.16
700,0.00
524,9.99
261,0.00
951,5.11
158,5.02
309,5.13
761,5.21
450,5.16
185,5.13
924,0.00
754,10.02
6,5.18
943,9.95
595,5.15
344,0.00
199,5.12
496,0.00
637,5.12
170,5.19
717,0.00
317,5.04
650,5.04
967,0.00
654,0.00
380,0.00
547,5.02
133,5.04
413,4.94
531,0.00
259,4.99
838,9.80
486,5.03
192,5.10
519,4.88
249,0.00
176,5.01
140,4.99
873,0.00
57,5.02
588,4.98
570,5.06
635,5.06
958,9.91
130,5.05
427,5.05
335,5.09
41,5.06
485,0.00
218,5.03
538,4.97
142,5.02
151,4.93
481,0.00
87,4.84
396,4.77
825,0.00
879,0.00
940,4.83
515,0.00
966,0.00
280,4.93
621,4.92
526,0.00
169,4.86
165,4.84
186,4.84
776,0.00
119,4.77
872,9.75
248,4.81
588,9.70
799,4.92
734,4.93
974,0.00
732,5.01
162,5.03
319,4.99
813,9.93
269,4.98
623,0.00
102,4.77
606,0.00
925,4.80
120,4.92
835,9.97
276,5.01
610,0.00
731,4.88
874,4.86
562,4.92
819,4.93
96,0.00
303,4.84
881,10.05
963,4.96
424,4.97
230,0.00
326,4.96
777,0.00
541,5.00
915,5.07
753,0.00
597,4.92
339,0.00
976,0.00
933,5.08
87,5.21
237,5.20
204,5.20
899,0.00
144,5.25
420,5.16
544,0.00
457,5.14
361,0.00
6,5.20
892,5.13
155,0.00
140,5.09
100,5.13
531,0.00
611,5.03
430,0.00
845,5.07
942,5.04
898,25.07
444,10.22
937,5.13
15,5.12
774,5.07
834,5.13
850,0.00
235,5.21
210,5.28
214,5.29
512,0.00
780,0.00
628,5.14
253,5.16
207,5.21
164,5.05
681,5.04
679,0.00
453,5.20
844,0.00
734,5.28
726,5.35
27,5.22
70,0.00
37,5.22
257,5.36
324,5.28
288,5.20
54,5.24
315,5.19
731,5.15
165,5.21
848,0.00
961,5.02
306,5.06
81,4.97
343,0.00
313,5.01
419,0.00
395,9.92
741,0.00
978,5.04
135,4.98
595,4.95
7,5.01
876,0.00
773,9.83
841,9.86
894,4.93
554,5.02
199,4.99
86,4.95
632,4.85
941,4.98
551,4.77
31,4.80
868,4.77
599,4.74
913,9.70
137,4.80
516,0.00
82,4.64
185,4.58
897,4.55
470,0.00
577,4.61
117,4.71
30,4.65
639,0.00
941,4.58
79,4.69
4,4.69
758,0.00
177,4.75
869,4.71
239,4.83
11,4.85
617,0.00
508,4.79
713,4.80
300,4.80
466,4.81
893,9.80
688,4.94
330,4.82
291,4.76
543,4.92
567,0.00
131,4.83
273,4.76
99,0.00
358,4.94
889,0.00
837,4.78
183,4.90
766,0.00
169,4.94
59,4.91
169,4.92
942,4.92
170,0.00
225,4.88
258,4.94
659,0.00
580,4.87
678,0.00
680,4.95
86,4.85
11,4.93
764,0.00
490,4.91
467,0.00
464,4.88
981,0.00
49,4.98
144,4.96
200,4.87
8,4.85
390,0.00
675,0.00
981,10.00
373,4.99
199,4.87
204,5.06
319,4.95
913,0.00
711,5.05
712,5.02
500,0.00
469,5.19
834,5.20
662,5.17
596,14.96
76,5.19
772,0.00
874,5.17
753,5.28
268,5.32
418,0.00
724,5.31
210,5.37
651,0.00
709,10.19
152,5.34
533,5.28
423,5.26
9,5.37
179,5.43
697,0.00
347,5.40
30,5.42
268,5.32
350,5.32
749,5.37
314,0.00
975,5.31
234,5.34
418,0.00
6,5.29
18,5.25
4,5.26
198,5.23
15,5.21
933,5.22
326,5.32
96,5.27
430,0.00
932,10.19
288,5.15
924,9.99
184,5.25
938,0.00
853,5.16
495,0.00
888,0.00
483,5.23
191,5.16
165,5.13
820,5.10
343,5.19
71,5.19
59,5.23
966,5.11
209,5.13
413,5.08
980,0.00
765,5.06
475,5.08
649,0.00
374,5.16
580,5.15
785,10.10
850,5.34
468,5.38
265,0.00
217,5.28
303,5.28
740,5.28
374,5.28
19,5.23
15,5.21
834,5.11
43,5.18
818,0.00
512,5.14
934,5.15
240,5.22
228,5.18
295,5.00
758,0.00
397,10.26
986,5.08
484,5.09
919,5.01
2,5.16
21,10.23
829,10.23
431,4.93
232,5.07
733,0.00
302,4.91
377,10.22
987,4.96
247,4.98
254,5.00
682,0.00
986,4.99
221,5.17
919,5.07
828,5.17
650,5.23
145,5.32
754,0.00
876,5.26
146,5.32
795,5.35
415,5.40
367,5.22
124,5.36
977,5.29
689,5.38
20,5.46
60,5.45
991,5.46
507,0.00
116,5.52
865,0.00
983,10.76
619,5.65
432,10.74
193,5.75
590,10.78
925,5.77
48,5.61
610,0.00
707,5.69
484,5.66
724,0.00
196,5.52
125,5.52
899,5.42
20,5.56
242,5.54
288,5.56
581,0.00
953,5.57
948,5.61
313,5.63
699,5.60
136,5.71
3,5.59
391,5.68
733,0.00
792,5.51
938,10.92
755,5.55
644,5.62
387,5.70
645,5.80
603,5.81
63,5.82
975,0.00
378,5.80
436,5.87
478,5.79
687,10.88
182,5.83
507,5.74
62,5.79
603,5.78
710,5.77
124,5.82
900,0.00
754,5.91
662,5.90
810,5.99
402,0.00
97,5.86
623,5.92
674,5.91
870,10.89
851,6.03
57,6.08
631,5.93
353,6.08
821,6.10
380,0.00
28,5.75
500,0.00
839,0.00
609,5.57
999,0.00
175,5.69
30,5.66
324,0.00
16,5.63
922,0.00
393,5.64
778,5.56
162,0.00
528,5.67
637,5.75
558,0.00
323,11.25
437,5.81
249,5.71
490,5.76
654,5.76
144,5.65
669,0.00
716,11.45
389,5.50
628,5.68
3,5.62
815,0.00
498,5.60
542,5.59
207,5.69
257,5.55
959,0.00
158,5.64
232,5.64
941,0.00
944,5.63
299,5.66
979,0.00
617,11.24
603,5.77
614,0.00
293,5.63
580,0.00
249,5.76
80,5.82
750,0.00
851,0.00
872,5.45
944,11.36
748,5.54
249,0.00
602,11.44
857,5.49
925,5.56
370,5.74
289,5.71
864,0.00
137,5.78
691,5.68
663,5.74
417,0.00
11,5.73
369,5.73
620,0.00
444,5.52
334,5.58
890,0.00
758,5.59
823,16.64
186,5.67
790,0.00
327,5.62
978,5.63
357,0.00
307,5.58
602,0.00
716,11.56
717,5.67
968,5.66
511,5.76
609,0.00
761,5.70
850,5.73
858,11.37
769,5.70
412,0.00
953,5.82
57,5.76
659,5.73
769,0.00
83,5.73
305,5.73
131,5.70
520,11.35
629,5.67
820,5.72
30,5.63
698,0.00
293,5.65
27,5.78
611,5.65
361,5.72
420,5.69
526,11.37
795,11.47
811,5.71
365,5.79
430,0.00
927,5.71
539,5.76
633,5.86
745,0.00
215,5.89
215,5.83
324,5.83
160,5.73
637,5.79
809,5.86
175,5.79
1,5.69
959,5.72
615,0.00
815,11.40
342,5.79
640,0.00
185,5.79
473,5.74
908,0.00
935,5.78
784,5.82
112,5.94
250,5.86
258,5.86
473,0.00
997,11.33
252,5.88
797,5.81
736,5.92
232,5.71
433,5.71
435,0.00
321,5.79
669,0.00
145,5.71
420,0.00
776,11.49
315,5.61
183,5.73
713,0.00
227,5.77
720,5.70
10,5.80
622,0.00
898,11.32
234,5.71
740,5.54
609,0.00
553,5.56
899,11.33
385,5.68
890,11.30
662,5.71
141,5.61
344,5.52
749,0.00
334,5.51
155,5.47
979,5.40
84,5.39
408,0.00
503,5.34
248,5.33
144,5.30
532,0.00
813,5.22
661,0.00
174,5.29
311,5.17
692,0.00
725,10.86
576,0.00
843,5.15
889,5.25
632,5.26
382,5.26
219,5.29
859,5.21
853,10.91
373,5.30
778,5.27
141,5.39
33,5.25
212,5.25
514,5.12
363,0.00
585,5.12
877,5.23
504,0.00
113,5.36
338,0.00
617,5.31
665,5.27
107,5.41
757,0.00
337,0.00
704,5.17
760,0.00
495,5.18
909,5.19
454,0.00
588,5.14
495,5.19
133,5.20
352,5.23
254,5.07
1,5.04
924,5.06
273,5.19
802,5.03
512,5.03
562,5.08
2,5.06
219,0.00
193,5.12
313,0.00
97,5.11
639,4.99
308,0.00
184,0.00
791,10.72
745,5.02
282,4.93
412,5.01
173,5.03
529,5.06
247,5.07
785,0.00
679,5.08
97,10.65
720,10.55
873,5.00
68,5.01
181,4.92
121,4.95
496,0.00
687,4.87
209,4.88
364,0.00
701,4.86
349,4.91
836,4.85
461,5.01
162,5.03
645,5.04
341,0.00
994,5.10
716,5.16
945,5.24
260,5.45
835,0.00
504,5.39
373,5.49
997,0.00
497,5.67
311,5.68
273,5.71
499,0.00
476,5.75
722,0.00
836,5.77
648,5.83
697,0.00
152,5.84
117,5.78
741,5.71
289,5.74
531,5.63
697,5.70
411,0.00
210,5.74
216,5.73
260,5.73
529,5.66
545,5.68
559,0.00
779,0.00
641,16.95
259,5.80
82,5.87
850,0.00
978,11.08
285,5.84
912,5.91
314,0.00
625,5.88
624,5.94
363,0.00
295,5.74
349,5.69
514,0.00
205,5.85
109,5.83
432,0.00
84,5.91
624,0.00
909,5.82
321,5.91
656,0.00
248,5.96
540,5.80
590,0.00
317,5.81
508,5.79
805,0.00
781,5.92
897,0.00
803,5.98
940,0.00
630,5.99
888,6.08
798,0.00
562,0.00
912,16.61
220,6.11
299,6.19
98,6.10
811,0.00
454,6.17
564,0.00
438,6.03
320,0.00
188,5.92
89,5.94
785,5.83
253,5.85
706,0.00
503,5.69
774,5.51
342,0.00
174,5.50
131,5.49
485,0.00
842,0.00
481,5.32
174,5.34
936,5.29
240,5.29
482,5.21
889,5.22
378,5.14
970,5.32
270,5.19
42,5.12
428,0.00
851,0.00
79,5.27
761,0.00
839,5.30
608,0.00
977,10.94
703,0.00
28,5.32
34,5.25
711,0.00
942,5.15
481,5.08
181,5.17
452,5.07
601,0.00
760,5.13
74,5.21
807,0.00
202,5.18
517,0.00
745,5.27
815,0.00
889,5.22
355,5.30
456,5.21
428,5.24
215,5.16
386,5.20
425,5.06
785,5.10
300,5.17
877,10.98
781,5.25
629,5.26
690,5.19
651,5.16
891,11.00
943,0.00
900,11.05
12,5.01
617,0.00
997,21.68
334,4.93
616,11.05
671,5.00
997,21.44
915,5.10
332,5.07
112,5.10
582,0.00
953,0.00
495,5.21
963,5.24
429,0.00
969,5.31
55,5.32
860,0.00
282,5.36
683,5.28
402,5.28
860,0.00
505,5.55
756,0.00
735,5.50
828,0.00
309,5.60
945,10.84
825,10.78
120,5.66
534,0.00
920,0.00
992,5.61
215,5.62
376,5.60
582,0.00
790,5.65
6,5.75
952,0.00
586,5.61
221,5.63
116,5.63
741,0.00
934,5.67
444,5.71
866,5.74
222,5.72
420,5.70
688,0.00
935,5.60
607,0.00
479,5.62
618,5.64
273,5.62
456,0.00
883,5.56
427,5.48
871,0.00
664,5.68
405,5.72
288,5.73
698,10.95
586,5.91
550,5.92
484,5.91
750,0.00
950,5.87
654,5.97
67,6.08
860,5.97
269,6.02
29,5.93
705,11.15
992,5.95
974,11.00
943,11.09
310,10.89
7,6.08
494,0.00
876,5.99
308,6.00
406,6.03
620,6.04
722,11.09
685,11.02
131,6.11
69,5.98
800,0.00
673,6.00
30,6.04
111,6.01
579,5.92
708,0.00
264,5.97
583,0.00
635,5.89
904,5.88
909,6.02
10,6.02
575,0.00
166,5.93
244,0.00
138,6.04
244,5.96
699,5.77
592,5.73
6,5.79
907,0.00
983,0.00
902,5.92
129,5.97
631,5.95
146,6.05
32,5.87
710,5.87
215,0.00
653,0.00
946,5.85
221,5.93
359,5.80
340,0.00
89,0.00
285,5.81
160,5.72
502,0.00
529,0.00
632,5.67
826,5.70
501,5.76
769,0.00
846,0.00
945,11.54
233,5.80
409,0.00
784,5.78
189,5.89
111,5.80
435,0.00
726,5.80
397,5.87
592,0.00
772,5.75
336,5.67
998,0.00
256,5.86
647,5.86
724,0.00
303,5.84
405,0.00
50,5.64
504,5.67
889,11.70
56,5.62
271,5.79
671,0.00
869,0.00
761,5.48
820,0.00
244,5.70
763,5.71
899,11.76
471,5.91
918,11.75
257,5.82
189,5.85
79,5.79
181,5.81
924,0.00
810,16.67
24,5.82
642,5.78
745,5.83
781,11.89
767,11.85
286,5.69
29,5.87
458,0.00
470,0.00
840,5.67
786,5.68
556,0.00
603,0.00
515,0.00
995,0.00
459,5.55
821,5.74
31,5.71
122,5.67
561,5.70
483,5.71
626,0.00
226,5.61
49,5.72
228,5.57
883,0.00
123,5.44
775,5.35
766,5.41
747,5.53
96,5.42
644,5.38
435,5.38
174,5.55
250,5.47
279,5.47
302,5.47
635,0.00
474,0.00
175,5.42
409,0.00
793,5.32
808,0.00
688,5.35
901,0.00
848,5.47
365,11.23
215,5.56
104,5.35
275,5.35
708,0.00
328,5.42
384,0.00
368,5.46
836,11.22
473,5.41
759,5.30
645,0.00
71,5.24
769,0.00
287,5.33
729,0.00
188,5.30
812,11.15
826,5.34
680,0.00
758,5.38
347,5.39
761,0.00
10,5.30
918,0.00
987,5.22
72,5.16
34,5.19
663,0.00
624,5.15
119,5.13
79,5.06
35,5.07
31,5.01
907,0.00
587,10.88
688,5.07
593,5.11
796,5.14
888,5.14
11,5.14
14,4.96
572,5.02
331,5.13
924,5.15
54,5.27
151,5.13
787,0.00
444,5.03
667,5.08
20,5.11
989,0.00
880,0.00
650,4.92
810,5.05
843,5.07
258,5.14
245,5.19
149,5.15
236,5.04
77,5.04
480,5.01
220,5.12
237,4.95
715,0.00
637,5.02
781,5.09
627,0.00
693,5.07
292,5.12
321,0.00
948,0.00
615,5.01
764,5.13
624,5.18
198,5.16
532,5.16
147,5.17
388,5.06
745,0.00
66,5.08
218,5.00
880,0.00
815,4.92
460,4.93
405,4.86
112,5.00
248,5.00
115,5.00
995,5.05
967,5.08
19,5.26
591,5.04
1000,10.42
280,5.20
445,5.09
883,0.00
412,5.11
372,0.00
881,5.12
585,10.43
698,5.26
63,5.29
607,5.11
859,0.00
384,5.14
519,5.13
228,5.18
659,0.00
668,0.00
971,10.42
853,5.21
772,0.00
104,5.21
461,5.27
119,5.38
657,0.00
457,5.35
862,10.46
72,5.31
779,5.23
205,5.27
521,5.27
842,5.39
922,0.00
377,5.14
331,0.00
719,0.00
159,5.18
580,5.18
443,0.00
747,0.00
662,5.14
871,0.00
593,0.00
22,5.23
261,5.21
228,5.21
821,0.00
90,5.32
298,5.25
854,5.25
366,5.27
650,5.21
78,5.29
579,5.14
569,5.18
821,5.27
640,0.00
427,5.20
77,5.24
769,5.11
490,5.19
348,0.00
254,4.97
907,0.00
692,5.05
545,5.14
516,0.00
76,5.20
378,5.19
884,0.00
736,10.23
613,10.25
364,5.17
71,5.32
320,0.00
247,5.17
177,5.23
240,5.19
10,5.16
733,0.00
701,5.09
732,4.97
97,4.98
289,5.05
250,4.91
295,4.98
245,9.97
850,4.86
113,4.71
483,4.67
106,4.72
641,4.70
248,4.74
987,0.00
520,4.58
132,4.69
306,4.57
536,0.00
820,4.62
848,4.60
815,4.69
980,4.70
647,10.00
767,4.73
428,4.75
716,4.68
987,10.13
52,4.83
370,0.00
982,4.93
405,4.88
556,5.01
890,4.97
811,4.98
127,4.93
191,4.91
83,0.00
938,4.97
840,0.00
717,4.97
6,5.03
175,5.05
909,0.00
140,5.08
884,0.00
748,5.07
176,5.08
497,4.92
784,10.28
47,5.07
371,5.02
156,5.11
902,5.17
593,5.24
540,0.00
434,0.00
872,0.00
938,5.22
549,0.00
974,10.53
327,5.25
256,5.19
59,5.15
994,0.00
7,5.25
274,5.33
400,0.00
881,10.42
998,5.38
700,0.00
93,5.41
372,0.00
665,5.26
770,5.31
649,0.00
457,5.39
80,5.34
272,5.34
160,5.40
39,5.25
956,0.00
83,5.35
173,5.29
423,5.28
609,5.27
883,0.00
672,5.31
850,0.00
110,5.42
47,5.45
907,0.00
434,5.48
720,0.00
159,5.61
161,5.65
479,0.00
973,10.42
835,10.53
465,0.00
246,5.67
749,5.63
138,5.69
874,10.26
64,5.64
313,5.57
511,5.45
893,5.55
667,0.00
801,0.00
563,5.49
572,0.00
641,5.59
628,5.51
366,0.00
533,5.54
702,5.55
271,5.56
47,5.52
486,0.00
484,10.45
301,5.38
296,5.45
590,0.00
851,5.28
392,0.00
909,0.00
684,5.23
302,5.38
210,5.30
909,0.00
149,5.34
174,5.33
809,10.25
313,0.00
950,0.00
330,5.31
138,5.32
90,5.30
638,0.00
35,5.23
892,5.23
181,5.35
119,5.20
502,5.14
986,0.00
895,5.12
74,5.12
394,5.11
143,4.99
407,4.99
297,5.07
285,5.04
788,4.97
47,5.02
644,4.89
114,4.97
533,4.93
614,0.00
194,4.90
53,4.90
978,0.00
392,0.00
166,4.95
495,0.00
674,4.97
986,4.99
544,5.10
972,5.19
617,5.20
666,5.25
447,5.25
223,5.12
895,5.10
235,5.06
7,5.05
400,0.00
956,5.01
177,5.07
240,4.97
746,0.00
893,10.81
647,0.00
8,4.97
171,4.98
996,5.01
227,5.03
337,0.00
378,4.94
795,10.53
312,4.88
234,4.77
311,4.91
39,4.85
212,4.78
490,0.00
860,0.00
403,4.83
609,0.00
780,4.78
359,0.00
800,10.17
756,4.91
872,4.85
196,4.95
241,0.00
81,4.87
546,0.00
122,4.80
837,0.00
147,4.76
873,4.74
715,10.14
44,4.79
809,0.00
118,4.79
63,4.79
305,4.71
927,0.00
405,0.00
322,4.79
1000,4.75
926,9.89
227,4.77
311,4.84
619,4.85
698,4.91
92,4.88
449,0.00
231,4.93
623,0.00
386,4.93
539,4.97
655,4.87
131,4.91
105,4.87
16,4.93
323,4.96
1,4.81
479,4.81
500,0.00
18,4.78
627,0.00
915,4.83
8,4.79
671,0.00
299,4.64
971,4.58
547,4.69
543,4.70
93,4.69
706,4.71
435,4.80
197,4.74
218,4.68
593,0.00
658,4.68
122,4.80
31,4.64
375,4.64
550,0.00
798,15.30
869,9.79
398,4.74
112,4.76
87,4.81
176,4.80
767,0.00
360,4.85
593,0.00
928,4.91
451,0.00
661,9.96
9,4.98
71,5.07
792,0.00
190,4.89
752,4.88
258,5.09
1000,5.00
950,5.18
150,5.05
586,0.00
846,10.00
286,9.96
987,5.22
838,5.22
358,5.15
897,5.23
728,0.00
354,5.23
980,0.00
468,0.00
179,5.22
27,5.30
510,0.00
712,5.24
830,9.97
119,5.33
221,5.25
96,5.21
700,5.22
937,5.33
793,5.25
840,10.28
521,0.00
688,5.48
201,5.39
330,5.37
458,5.30
712,0.00
630,0.00
437,0.00
320,5.38
828,5.28
279,5.33
761,5.33
614,5.44
604,5.45
151,5.52
640,5.45
536,5.50
569,5.40
44,5.44
548,0.00
877,10.13
350,5.32
448,5.27
387,5.41
676,5.34
840,0.00
25,5.45
441,0.00
597,5.40
352,5.47
693,5.47
626,0.00
742,5.59
608,5.50
419,0.00
831,0.00
665,0.00
49,5.53
808,5.44
909,10.41
913,5.48
167,5.58
632,5.48
905,0.00
323,5.52
363,10.45
55,5.34
850,5.43
445,15.16
254,5.34
790,5.46
462,0.00
979,0.00
577,10.70
284,5.39
20,5.28
489,0.00
938,10.48
511,5.23
926,5.28
436,5.33
459,5.36
703,5.42
467,5.47
211,5.26
427,0.00
687,0.00
98,5.36
738,5.28
981,0.00
205,5.36
15,5.34
82,5.23
604,0.00
910,10.60
238,5.19
394,5.24
933,10.61
938,10.66
709,5.41
62,5.44
45,5.24
962,5.32
240,5.28
420,0.00
981,5.34
813,0.00
233,5.37
563,0.00
889,5.36
673,5.37
352,5.38
54,5.39
78,5.35
227,0.00
978,5.36
764,5.43
537,5.40
29,5.51
412,10.81
596,5.46
694,5.59
356,5.53
341,5.61
238,5.43
235,5.49
134,5.43
996,5.46
526,5.51
58,5.45
530,0.00
718,5.36
926,5.27
162,5.35
203,5.43
314,5.36
854,0.00
512,10.79
271,5.27
576,5.37
515,10.72
381,5.38
898,15.75
663,5.43
432,5.19
969,5.24
171,5.22
65,5.18
798,15.58
988,10.71
615,5.17
816,5.10
297,5.10
783,10.42
849,10.36
134,5.14
28,5.05
412,0.00
1,5.12
785,0.00
344,5.00
591,0.00
158,5.02
709,4.96
603,4.92
977,10.30
437,4.93
29,5.09
745,4.95
27,5.04
899,0.00
325,5.01
394,0.00
403,0.00
573,0.00
105,5.10
431,5.00
770,0.00
269,4.86
781,4.88
839,5.04
301,4.93
919,0.00
152,4.98
357,5.00
425,4.90
146,5.02
346,4.91
87,0.00
705,0.00
581,4.87
347,4.85
452,0.00
223,4.86
920,0.00
743,0.00
971,4.89
271,4.92
216,4.98
132,4.84
380,0.00
277,4.84
491,4.79
255,4.85
146,4.85
257,4.78
741,0.00
781,4.90
789,10.33
90,4.97
431,0.00
720,5.07
522,0.00
663,4.95
715,5.01
186,5.08
435,0.00
642,5.05
947,5.14
307,5.17
465,0.00
176,5.20
11,5.16
940,0.00
439,10.44
642,10.42
948,10.48
605,5.36
317,5.29
936,5.36
411,5.37
533,5.39
956,5.45
450,0.00
627,10.71
720,5.57
983,5.65
334,5.61
9,5.56
183,5.49
610,5.49
109,5.49
41,5.52
555,5.39
29,5.47
465,5.48
796,0.00
921,5.40
868,10.51
577,5.60
202,5.60
816,0.00
259,5.62
522,0.00
137,5.53
250,5.47
538,5.47
997,10.43
29,5.43
892,0.00
669,5.53
561,0.00
952,10.44
299,5.63
996,5.55
95,5.60
472,10.50
536,0.00
342,5.50
813,5.41
634,5.41
739,5.47
238,5.53
90,5.53
529,0.00
534,5.62
274,5.63
130,5.62
86,5.41
890,0.00
805,5.39
836,5.39
769,5.50
50,5.51
418,0.00
582,5.52
87,5.45
130,5.45
373,0.00
595,0.00
709,5.48
28,5.44
170,5.40
158,5.44
268,5.30
874,0.00
706,5.26
106,5.30
632,0.00
899,5.13
150,0.00
753,5.03
32,5.19
278,5.10
264,5.05
633,0.00
671,0.00
711,0.00
636,5.01
488,0.00
193,4.87
233,4.79
484,15.39
209,4.81
561,10.43
980,4.79
411,4.84
69,4.63
296,4.74
701,10.17
966,4.74
423,4.84
783,4.82
590,0.00
791,10.36
946,4.88
922,4.91
105,4.92
398,4.79
397,0.00
436,4.82
936,4.83
97,4.80
296,10.34
567,4.90
857,4.91
620,4.85
43,4.84
651,0.00
984,4.89
98,4.83
511,4.81
927,0.00
902,4.84
754,0.00
146,4.89
277,4.95
454,4.76
874,4.69
684,4.77
205,4.76
295,4.82
369,0.00
162,4.77
10,4.85
650,4.75
591,4.82
507,0.00
743,4.68
442,4.81
76,4.86
141,4.74
626,0.00
721,4.73
843,0.00
720,4.77
16,4.78
815,4.77
7,4.89
215,4.87
215,4.88
241,4.80
10,4.78
617,0.00
996,4.81
613,4.84
576,4.87
813,0.00
483,4.72
251,0.00
813,4.73
664,4.79
657,0.00
965,9.74
860,4.92
39,4.91
515,0.00
321,4.93
893,20.50
493,4.94
380,0.00
464,5.02
657,4.95
571,4.86
29,4.91
323,4.96
961,0.00
765,4.88
461,0.00
673,0.00
36,4.93
70,4.93
845,0.00
455,4.92
404,5.10
556,0.00
782,4.99
847,9.81
574,5.07
402,5.00
214,5.10
674,0.00
599,0.00
436,4.98
43,5.06
704,0.00
902,4.97
436,5.09
527,0.00
154,5.07
630,0.00
872,20.41
785,10.06
387,5.15
566,5.16
357,5.13
148,5.12
525,0.00
632,0.00
712,0.00
521,5.12
324,5.25
19,5.26
53,5.26
713,0.00
32,5.24
199,5.27
264,5.21
770,0.00
840,0.00
431,5.22
902,0.00
107,5.31
441,0.00
874,5.40
906,10.22
439,5.50
655,0.00
852,5.38
336,5.43
259,5.42
818,5.37
53,5.46
630,0.00
410,5.41
660,5.43
968,5.41
234,5.42
575,5.40
631,5.39
565,5.42
40,5.24
707,0.00
824,10.25
724,10.13
262,5.27
449,5.19
133,5.28
826,5.28
291,5.36
381,10.34
478,5.39
197,5.40
855,15.05
839,5.45
235,5.45
878,5.38
667,5.44
189,5.53
376,5.46
897,5.37
311,5.40
143,5.36
498,0.00
460,0.00
131,5.35
363,5.39
55,5.21
719,5.21
808,5.22
356,5.17
542,0.00
921,5.32
569,0.00
572,0.00
481,5.31
359,5.41
603,0.00
64,5.43
685,0.00
604,5.33
42,5.35
662,10.49
661,5.24
507,0.00
207,5.20
306,5.20
172,5.15
545,5.15
1,5.27
654,0.00
46,5.21
519,0.00
681,5.01
608,5.11
434,0.00
655,5.15
552,5.21
72,5.26
43,5.28
530,0.00
960,5.11
515,0.00
120,5.04
51,5.06
701,0.00
825,4.96
781,5.10
765,10.43
513,5.14
377,10.38
937,5.12
500,0.00
33,5.00
383,0.00
911,5.03
485,5.09
908,5.05
153,5.15
992,5.12
637,5.20
834,15.42
836,5.30
986,5.30
666,5.40
422,5.41
929,0.00
437,10.69
125,5.36
646,5.32
618,5.32
716,5.36
535,5.38
792,0.00
787,0.00
11,5.40
324,5.45
675,0.00
372,5.36
824,0.00
392,10.86
333,5.37
241,5.32
248,5.24
122,5.27
573,5.18
531,5.18
439,0.00
914,0.00
921,5.25
144,5.30
774,5.34
21,5.29
119,5.25
25,5.17
285,0.00
180,5.17
308,0.00
531,4.95
928,0.00
748,4.92
766,5.02
194,5.11
972,0.00
745,5.06
704,5.08
854,10.30
317,5.24
813,0.00
849,0.00
47,5.22
206,5.33
190,5.19
258,5.20
877,0.00
120,5.19
920,0.00
216,5.28
742,0.00
258,5.23
576,5.21
440,0.00
406,5.26
625,0.00
694,5.34
332,5.37
839,0.00
912,5.41
100,5.48
797,0.00
165,5.32
51,5.31
587,10.43
772,5.30
775,5.26
448,0.00
892,5.20
404,5.25
845,5.29
352,5.37
410,5.31
326,5.25
587,5.29
896,5.29
246,5.06
617,5.10
167,5.02
708,0.00
114,5.01
473,5.11
750,5.22
91,5.14
60,5.09
599,0.00
633,4.96
195,5.03
970,0.00
360,5.04
706,5.05
823,0.00
689,0.00
966,5.12
330,5.12
964,0.00
259,5.19
249,5.29
578,5.29
491,0.00
402,5.33
59,5.29
789,10.46
88,5.25
749,10.58
431,5.24
347,5.22
809,5.28
507,5.28
16,5.36
851,5.34
568,5.43
885,0.00
414,5.49
179,5.44
314,5.36
59,5.36
959,0.00
659,20.80
172,5.38
251,0.00
68,5.22
659,5.32
415,5.19
393,5.26
134,5.15
439,5.15
225,5.22
528,0.00
40,5.23
577,0.00
965,5.07
579,5.15
224,5.15
558,5.21
502,5.17
507,5.18
762,5.11
565,5.18
829,5.11
614,0.00
674,5.06
509,0.00
239,5.11
225,5.11
110,5.16
907,10.39
358,10.40
577,5.20
801,5.27
578,5.15
937,0.00
953,5.18
521,5.17
652,0.00
521,5.20
825,5.20
384,5.26
795,10.40
467,5.38
98,5.23
153,5.26
671,0.00
329,5.19
352,5.19
96,0.00
194,5.27
83,5.20
449,0.00
996,5.16
553,5.17
136,5.08
983,5.12
537,0.00
522,0.00
829,5.20
233,5.22
504,0.00
469,5.11
561,5.18
996,15.69
351,5.25
493,5.20
723,10.46
394,5.23
961,0.00
537,5.33
485,0.00
247,5.19
85,5.20
302,5.31
962,0.00
37,5.32
942,0.00
972,5.24
673,5.37
601,5.39
579,5.47
178,5.51
374,5.49
897,0.00
485,15.85
62,5.61
988,10.70
564,5.59
909,5.74
237,5.57
77,5.62
90,5.56
722,5.54
654,0.00
201,5.58
195,5.58
483,0.00
955,5.60
246,5.66
756,0.00
143,5.51
682,5.63
144,5.53
971,0.00
376,5.43
429,0.00
857,5.60
350,5.60
381,0.00
263,5.61
903,5.64
536,5.71
926,5.54
735,0.00
755,5.68
741,5.55
630,0.00
707,0.00
883,10.87
523,5.66
171,5.66
360,5.66
507,5.65
864,5.72
557,5.71
11,5.61
589,5.63
273,0.00
752,5.66
715,5.66
704,5.70
252,5.71
626,5.76
790,5.85
415,5.81
373,5.65
660,0.00
310,5.61
132,5.61
145,5.52
467,0.00
985,0.00
988,5.51
434,5.55
294,5.58
320,5.55
739,0.00
811,5.61
387,5.54
180,5.58
950,10.80
29,5.69
596,0.00
352,5.50
327,5.48
756,0.00
237,5.34
486,0.00
905,5.25
60,5.26
904,5.20
529,5.22
847,5.23
657,5.20
325,10.90
387,5.16
869,5.25
518,10.75
286,5.27
804,5.13
939,0.00
372,5.17
181,5.23
716,5.17
230,5.24
514,10.72
858,5.24
586,5.22
466,5.10
111,5.20
832,0.00
364,0.00
334,5.16
42,5.09
660,0.00
849,10.82
911,5.19
575,5.24
409,5.16
750,0.00
757,5.08
627,5.13
913,5.14
852,0.00
444,0.00
309,5.12
613,0.00
559,5.05
837,10.83
503,5.12
257,5.12
585,10.68
291,5.22
286,5.04
678,5.19
223,5.22
662,0.00
862,0.00
700,10.84
745,5.29
748,0.00
590,0.00
39,5.13
481,0.00
255,5.26
244,5.34
479,0.00
101,5.26
64,5.27
236,5.09
998,0.00
467,0.00
742,5.14
232,5.15
202,0.00
535,5.15
268,5.23
586,5.18
937,0.00
738,5.16
265,5.10
298,5.21
141,5.22
372,0.00
793,5.19
56,5.20
500,0.00
709,5.19
984,5.30
885,5.38
873,5.36
915,0.00
820,5.38
470,0.00
412,10.65
995,5.40
597,16.22
423,5.41
821,5.33
41,5.34
790,5.36
571,0.00
258,5.37
566,15.90
234,5.38
28,5.28
254,0.00
597,5.29
579,5.46
288,5.29
17,5.35
573,0.00
283,5.17
11,5.18
250,0.00
250,5.27
702,0.00
431,10.40
388,5.21
482,5.29
416,5.15
877,0.00
776,5.13
54,5.16
926,5.15
826,5.20
437,5.17
348,5.31
659,5.25
918,5.30
100,5.26
186,5.29
539,10.25
802,5.25
791,5.32
799,5.25
383,5.10
569,0.00
5,5.01
418,5.01
850,10.15
471,4.99
353,5.00
832,0.00
654,4.98
141,4.99
523,4.99
210,5.07
565,10.21
275,5.16
431,4.97
783,0.00
434,4.95
327,4.99
299,4.84
445,0.00
823,15.64
464,4.88
101,4.99
609,0.00
376,4.87
543,4.87
775,0.00
872,4.95
533,0.00
505,0.00
679,0.00
746,4.96
188,5.06
642,0.00
431,4.95
547,0.00
532,4.91
311,4.78
686,10.32
869,4.87
731,15.52
308,4.99
864,0.00
855,4.95
320,5.11
376,0.00
907,5.03
924,0.00
858,5.09
432,0.00
929,0.00
823,5.14
58,5.10
698,5.17
762,5.17
966,0.00
544,10.51
271,5.30
274,0.00
313,0.00
195,5.26
813,0.00
493,5.37
109,5.26
597,0.00
283,5.23
939,5.21
205,5.22
306,0.00
342,5.23
242,5.09
862,5.12
878,5.24
453,0.00
19,5.15
814,5.24
8,5.25
358,5.21
505,5.14
416,5.21
906,5.27
55,5.19
459,5.19
40,5.23
602,0.00
480,0.00
863,5.05
886,0.00
872,0.00
37,5.20
992,0.00
671,5.19
444,0.00
581,5.34
200,5.26
189,5.23
169,5.23
675,0.00
735,0.00
993,15.48
674,5.34
669,5.37
482,5.36
197,5.48
165,5.43
368,5.35
166,5.38
274,5.29
138,5.20
547,0.00
989,5.14
29,5.09
629,0.00
381,5.07
901,0.00
267,5.07
56,5.05
56,5.02
838,0.00
13,5.10
423,4.91
237,4.93
781,9.91
566,4.95
215,5.03
961,0.00
326,4.86
628,4.98
267,4.93
837,0.00
595,10.04
60,4.97
808,0.00
475,0.00
810,4.93
765,0.00
823,4.99
955,4.99
906,10.48
459,0.00
830,5.02
469,0.00
613,5.09
531,0.00
609,5.03
549,0.00
834,5.01
823,5.09
251,5.05
114,5.02
694,0.00
470,10.30
454,10.23
870,15.41
359,5.23
90,5.07
961,0.00
341,0.00
481,5.14
215,5.17
760,0.00
783,10.40
660,10.30
120,5.22
151,5.14
72,5.02
592,5.01
984,10.23
978,0.00
279,4.94
839,5.06
455,5.19
171,5.12
157,5.13
824,0.00
874,4.97
629,0.00
51,4.90
13,4.86
327,4.93
199,4.92
228,4.91
286,4.96
610,0.00
981,10.08
977,10.18
784,15.08
487,5.16
207,0.00
199,5.02
493,0.00
456,5.03
861,5.15
248,5.06
483,5.06
608,0.00
279,5.07
226,5.12
226,5.05
646,0.00
40,5.11
511,0.00
899,0.00
50,5.05
343,5.01
464,5.01
845,0.00
889,10.07
66,5.08
660,0.00
385,4.95
421,4.96
837,4.96
136,0.00
77,4.77
713,9.91
97,4.98
791,9.94
9,4.93
63,0.00
765,0.00
669,4.95
596,0.00
535,5.03
465,0.00
136,5.02
592,0.00
729,10.07
611,4.97
999,4.97
231,5.04
70,5.05
944,10.14
827,5.04
29,5.17
274,5.00
906,0.00
593,5.09
577,5.14
183,4.97
65,5.01
342,5.01
693,10.24
677,10.17
546,4.93
371,4.97
49,4.96
622,0.00
695,4.98
439,5.05
276,4.99
243,5.00
434,0.00
918,0.00
479,0.00
778,4.88
342,4.98
389,4.92
721,0.00
569,4.96
303,4.91
524,0.00
889,0.00
825,0.00
567,5.01
556,0.00
842,10.11
318,5.12
722,10.16
665,5.01
225,10.08
488,5.09
629,5.02
335,5.12
755,5.11
879,5.16
563,0.00
473,5.09
915,0.00
61,5.15
920,0.00
612,5.10
128,5.22
667,5.11
263,5.17
89,5.04
810,5.04
902,5.18
976,10.26
175,5.05
355,0.00
599,5.12
605,5.17
860,0.00
249,5.28
919,0.00
147,5.27
535,5.17
459,5.17
836,5.05
95,5.10
153,5.14
220,5.08
513,5.00
825,9.91
309,4.96
608,9.93
344,10.00
254,5.04
324,5.00
519,0.00
212,4.95
437,4.87
414,4.93
775,9.85
148,5.01
49,4.88
354,4.84
917,4.84
901,0.00
291,4.87
318,4.89
68,4.89
92,4.76
567,4.76
527,0.00
940,4.72
80,4.77
459,0.00
670,4.77
156,4.83
278,4.85
245,4.84
599,0.00
54,4.83
385,0.00
515,4.67
62,4.75
709,4.68
828,4.72
790,4.75
312,4.81
98,4.72
24,4.71
505,0.00
644,9.57
79,4.51
522,4.50
743,0.00
958,4.53
358,9.62
595,4.64
591,4.65
660,0.00
522,4.53
909,9.62
867,4.54
310,4.60
622,0.00
931,14.68
933,0.00
634,4.53
584,0.00
37,4.67
899,9.65
69,4.60
175,4.49
31,4.62
420,0.00
251,4.46
412,0.00
786,4.45
56,4.49
870,4.35
35,4.43
737,4.44
208,4.50
818,4.39
566,4.44
306,4.34
747,0.00
518,4.47
290,4.50
248,4.55
329,4.64
931,0.00
957,9.65
937,4.62
852,4.69
770,4.79
978,0.00
552,4.72
690,0.00
211,4.86
158,4.81
630,9.72
665,4.88
867,4.74
8,4.80
409,0.00
433,4.95
712,0.00
516,4.92
335,5.05
159,5.05
33,5.01
370,4.95
202,4.95
99,4.95
991,0.00
583,4.98
351,4.96
319,0.00
628,0.00
786,0.00
858,9.73
315,5.10
36,0.00
44,5.01
979,5.01
701,9.70
984,5.15
887,5.22
477,5.23
273,5.15
384,5.17
139,5.20
665,0.00
740,5.03
807,5.14
793,5.11
125,5.12
740,5.13
677,5.18
725,5.20
620,0.00
834,5.20
84,5.14
675,0.00
725,5.27
980,9.89
363,5.32
511,5.27
151,5.37
665,5.20
364,5.24
491,0.00
955,14.98
559,5.33
787,5.31
581,0.00
958,0.00
306,5.37
902,0.00
679,5.42
97,5.49
909,0.00
658,5.50
692,5.42
180,5.48
18,5.45
713,0.00
551,0.00
346,5.41
876,0.00
98,5.57
107,5.49
247,5.44
269,9.99
985,5.42
465,5.42
61,5.33
832,10.15
74,5.36
246,5.32
926,10.12
165,5.35
997,0.00
786,15.13
349,0.00
348,5.48
105,5.39
131,5.34
911,0.00
248,5.34
125,5.43
443,0.00
64,5.37
609,5.37
815,0.00
79,5.44
409,0.00
944,5.37
174,5.44
113,5.44
740,0.00
984,5.48
268,5.57
692,0.00
265,5.47
74,5.48
471,5.39
957,0.00
652,0.00
842,0.00
335,5.43
795,5.45
798,10.60
855,5.50
179,5.61
455,5.63
708,0.00
13,5.67
989,10.74
273,5.61
100,5.51
927,0.00
946,10.66
714,5.31
834,5.48
928,0.00
425,5.42
786,5.42
89,5.43
281,5.34
387,5.29
18,5.38
241,5.30
917,10.51
608,5.38
122,5.39
707,5.23
535,5.27
823,0.00
685,5.31
679,0.00
874,5.25
543,0.00
348,5.34
502,0.00
663,5.27
171,5.31
378,5.25
2,5.20
462,0.00
909,5.01
1,5.09
153,5.03
606,5.04
756,0.00
168,4.96
661,0.00
244,4.89
751,10.33
681,5.01
119,4.91
298,4.93
772,0.00
890,10.46
938,4.92
2,5.02
230,5.05
273,4.91
505,0.00
821,4.93
445,4.98
202,5.05
960,0.00
555,4.95
67,5.07
44,5.03
762,4.93
297,4.98
663,0.00
498,4.91
723,0.00
829,4.93
65,5.03
388,5.17
210,5.22
123,5.18
229,5.08
325,5.05
744,0.00
430,0.00
446,10.53
431,5.03
332,5.09
765,0.00
54,4.94
561,0.00
950,0.00
159,5.04
471,5.04
276,5.05
492,0.00
774,5.03
996,10.46
940,5.11
692,5.19
626,5.08
70,4.97
786,5.03
956,20.45
804,10.43
879,5.10
244,0.00
294,5.22
45,5.14
137,5.18
343,5.16
109,5.16
362,5.16
721,5.17
188,5.10
570,0.00
893,5.02
671,10.36
945,5.20
206,5.17
634,5.08
381,0.00
720,5.14
291,5.14
951,5.16
293,5.19
781,5.23
89,5.27
708,0.00
478,5.18
434,0.00
369,5.33
767,5.33
557,0.00
788,5.43
566,5.36
844,0.00
966,10.58
41,5.49
923,5.53
910,5.61
554,0.00
961,16.01
440,5.55
610,5.51
32,5.57
171,5.62
932,0.00
312,5.58
466,5.55
360,5.48
976,0.00
464,5.57
514,5.56
720,5.65
302,5.63
54,5.65
161,5.57
786,0.00
696,0.00
633,5.26
679,5.32
105,5.34
784,5.40
555,5.47
437,0.00
151,5.45
618,5.29
484,0.00
112,5.27
600,0.00
507,5.24
637,0.00
755,5.34
158,5.40
82,5.47
666,0.00
971,0.00
482,10.45
573,10.46
107,5.47
606,0.00
787,10.42
634,5.43
157,5.44
421,0.00
259,5.33
574,0.00
557,10.46
321,5.27
59,5.27
391,0.00
70,5.26
452,0.00
797,5.21
232,5.26
66,5.35
467,0.00
917,5.30
398,0.00
560,5.30
594,5.45
169,5.38
223,5.33
500,0.00
974,5.23
123,5.18
134,5.38
3,5.25
82,5.19
281,5.09
420,0.00
337,0.00
374,5.11
392,5.11
224,5.11
274,5.07
193,5.09
184,5.06
907,0.00
422,5.09
272,5.16
205,5.02
830,0.00
637,4.87
962,10.52
755,10.40
602,4.97
243,4.91
551,4.98
600,4.80
546,0.00
938,4.87
884,4.97
785,15.47
28,5.09
334,4.98
401,0.00
558,4.93
952,0.00
904,4.98
696,0.00
631,5.07
593,5.02
71,5.22
982,0.00
756,0.00
207,5.16
975,0.00
86,5.22
731,5.13
193,5.15
92,5.04
630,0.00
464,4.93
756,4.97
24,5.03
13,5.00
144,4.88
2,4.81
961,4.76
167,4.84
128,4.81
529,4.74
357,4.74
884,4.78
233,4.81
803,0.00
712,4.71
110,4.72
291,4.72
299,4.77
636,0.00
932,4.75
545,4.75
35,4.85
186,4.81
516,0.00
137,4.87
833,0.00
524,0.00
65,4.71
336,4.71
590,0.00
500,4.82
966,0.00
499,0.00
597,4.81
814,4.81
485,0.00
907,0.00
541,0.00
471,4.89
447,4.96
250,0.00
444,4.87
859,0.00
913,4.93
464,0.00
790,4.95
86,4.97
889,0.00
253,9.99
101,4.95
781,0.00
818,9.89
465,4.94
987,4.96
215,5.07
336,0.00
378,0.00
145,4.89
655,0.00
883,4.83
498,4.82
165,4.74
591,4.84
245,4.69
651,4.77
916,4.85
738,4.77
385,4.87
252,4.67
197,4.81
974,0.00
401,4.85
892,4.76
914,0.00
355,4.91
454,5.01
775,10.09
372,0.00
710,4.99
982,0.00
822,5.20
372,5.22
511,0.00
29,5.19
185,5.21
673,0.00
568,5.28
20,5.24
402,0.00
775,5.18
389,0.00
511,10.04
287,5.28
943,10.04
199,5.22
125,0.00
555,5.23
191,5.23
25,5.26
327,5.19
870,5.18
157,5.19
358,0.00
239,5.06
21,5.06
839,5.05
62,5.11
930,0.00
701,5.04
211,5.15
143,5.10
555,9.73
839,5.10
877,5.09
939,5.13
25,5.13
392,0.00
315,5.13
365,0.00
318,5.02
45,4.94
710,4.94
144,0.00
871,5.04
619,0.00
985,5.14
106,5.13
577,0.00
989,5.16
224,5.16
368,5.15
620,0.00
747,5.18
471,0.00
887,5.36
690,10.30
683,5.36
725,10.35
459,5.42
162,5.29
217,5.32
282,5.36
797,0.00
186,5.47
470,5.48
783,5.49
795,5.50
145,5.63
136,5.48
887,0.00
292,5.51
580,10.29
484,5.56
957,0.00
704,5.62
3,5.58
411,0.00
771,5.47
642,0.00
834,15.52
449,5.38
4,5.46
758,10.46
147,5.47
96,5.33
952,10.64
154,5.47
881,0.00
575,5.42
481,5.44
759,0.00
52,5.40
382,5.38
105,5.39
8,5.34
223,5.34
341,5.43
132,5.36
542,0.00
686,10.50
666,5.41
448,5.42
373,0.00
744,10.77
52,5.42
884,0.00
748,5.44
596,5.49
591,5.54
383,5.69
202,5.53
414,5.53
150,5.50
525,0.00
428,5.46
525,5.44
415,0.00
911,5.56
158,5.70
382,5.51
168,5.48
900,5.47
26,0.00
611,10.59
412,5.63
240,5.46
138,5.55
82,5.46
675,5.46
480,5.51
403,10.59
236,5.55
466,0.00
533,5.34
636,5.40
76,5.27
712,0.00
368,5.30
27,5.46
841,5.31
35,5.38
756,5.21
278,5.29
42,5.17
960,0.00
768,5.11
103,5.26
362,0.00
763,10.61
832,5.19
138,5.34
228,5.19
679,0.00
809,5.23
62,5.13
418,5.14
856,5.21
960,5.17
156,5.23
551,0.00
901,10.55
652,5.20
662,5.08
174,5.20
383,5.29
612,0.00
751,5.17
218,5.28
287,5.09
86,5.19
542,0.00
893,5.24
611,5.20
499,0.00
862,5.16
326,5.25
389,5.23
489,0.00
828,0.00
470,5.23
207,5.29
149,5.22
728,5.20
403,5.29
92,5.34
457,0.00
730,10.58
269,5.29
918,5.39
69,5.37
835,0.00
985,5.23
121,5.30
577,10.79
434,5.35
269,5.30
630,5.19
396,0.00
445,0.00
975,5.22
170,5.26
1,5.21
101,5.19
697,0.00
646,5.07
710,5.07
935,0.00
736,5.21
268,5.13
161,0.00
44,5.23
66,5.23
117,5.08
400,5.08
852,0.00
11,5.17
792,5.12
103,5.12
859,0.00
16,4.97
211,5.02
945,4.95
184,5.05
579,4.96
793,0.00
768,5.00
693,5.01
174,4.86
250,4.79
128,4.86
640,4.82
755,4.89
773,4.97
758,4.99
903,0.00
419,0.00
800,4.91
638,0.00
869,0.00
730,4.86
806,0.00
392,4.77
260,4.90
520,0.00
749,4.82
392,4.83
824,4.78
993,0.00
604,4.92
878,4.91
101,4.94
120,4.85
516,0.00
609,0.00
894,4.94
170,4.96
699,0.00
902,10.18
179,4.99
377,0.00
960,5.01
449,0.00
272,5.23
683,0.00
313,5.17
1,5.18
204,5.16
695,0.00
260,5.13
555,0.00
974,10.38
437,5.25
263,5.13
566,0.00
924,10.42
538,5.13
599,5.09
729,5.15
156,5.27
126,5.18
725,5.25
531,5.30
992,5.18
370,5.33
883,5.37
534,0.00
550,5.39
793,5.45
461,5.32
512,5.28
889,0.00
402,5.32
413,5.37
6,5.37
7,5.45
742,5.36
703,10.58
679,10.46
546,5.46
69,5.45
69,5.39
150,5.41
792,0.00
599,5.31
521,5.34
935,5.49
251,5.33
585,5.47
701,0.00
80,5.43
531,0.00
593,5.33
30,5.31
864,5.30
977,5.26
107,5.29
195,10.22
800,5.32
937,15.39
327,0.00
681,5.28
128,5.35
997,5.23
489,0.00
186,5.42
333,5.26
312,5.30
850,0.00
410,0.00
245,5.13
887,5.21
858,5.29
888,5.15
222,5.24
397,0.00
167,5.10
186,5.11
219,5.03
388,5.06
682,0.00
44,4.98
374,4.93
343,4.78
951,0.00
113,4.87
142,4.87
994,4.86
446,4.78
8,4.87
505,4.79
130,4.84
732,0.00
746,4.82
869,4.83
232,4.82
587,0.00
272,4.80
301,4.68
920,4.71
432,4.66
417,0.00
976,4.61
33,4.57
941,0.00
421,4.74
427,0.00
502,4.76
522,4.57
48,4.65
95,4.57
401,0.00
503,4.58
542,0.00
248,4.68
825,4.69
406,0.00
489,10.09
629,4.68
444,4.74
481,4.78
868,0.00
438,4.79
651,0.00
270,10.20
961,10.20
619,4.83
464,4.87
359,4.77
507,4.81
116,4.84
50,4.84
297,4.84
96,10.17
594,4.84
690,4.81
388,4.90
202,4.77
731,0.00
776,4.75
923,10.27
224,4.81
130,4.75
199,4.76
46,4.81
339,4.72
737,0.00
718,4.63
368,0.00
665,4.70
915,9.99
501,0.00
17,4.70
303,4.62
164,4.57
939,4.48
571,4.49
8,4.56
942,0.00
733,4.70
964,0.00
912,4.80
410,0.00
635,4.73
103,4.82
516,4.85
917,4.89
578,4.98
625,5.03
699,4.95
76,4.90
155,5.08
749,0.00
813,9.91
211,0.00
509,4.98
784,0.00
790,0.00
868,5.17
944,5.18
330,5.15
338,5.34
545,0.00
998,5.30
891,9.96
267,5.36
144,5.23
230,9.85
734,5.31
976,5.25
779,5.25
812,5.38
112,5.44
559,0.00
246,5.41
413,5.41
373,5.42
370,0.00
146,5.43
308,5.37
864,0.00
411,5.31
145,0.00
824,5.40
875,5.32
49,5.37
353,5.38
822,0.00
13,5.35
751,0.00
698,5.23
377,5.29
520,0.00
88,5.33
800,0.00
314,5.32
676,5.29
374,0.00
949,5.28
791,5.26
548,0.00
871,5.38
59,5.38
580,0.00
632,10.06
899,0.00
904,5.51
283,5.44
474,0.00
213,5.45
843,5.44
107,5.44
321,5.37
574,0.00
423,5.33
406,0.00
986,5.31
768,5.31
172,5.39
933,0.00
338,5.37
999,5.30
304,5.31
221,5.37
590,0.00
396,0.00
731,5.32
185,5.21
789,5.18
270,5.15
790,0.00
766,10.27
79,5.12
965,10.15
124,5.29
275,5.10
225,5.10
326,4.92
61,4.98
558,0.00
502,0.00
746,4.92
774,0.00
491,10.23
44,4.96
256,10.14
708,0.00
368,4.82
242,4.68
468,4.66
218,4.72
323,4.72
324,0.00
117,4.80
525,0.00
987,4.62
925,4.79
198,4.59
673,0.00
631,4.65
221,4.76
578,0.00
534,4.70
857,4.65
207,0.00
378,4.74
810,4.75
427,4.80
41,4.84
978,0.00
878,4.81
674,4.89
787,4.90
917,10.21
125,4.95
706,4.79
620,4.90
447,4.93
692,4.88
781,0.00
218,4.94
462,0.00
211,4.86
339,4.84
417,0.00
619,4.83
934,4.87
184,4.95
625,4.98
908,10.50
335,0.00
139,5.03
590,0.00
886,4.95
178,4.93
951,0.00
348,4.92
207,4.90
888,0.00
278,4.94
65,4.97
473,0.00
686,4.86
656,10.27
560,4.95
947,0.00
459,4.99
692,5.00
358,0.00
679,15.27
82,5.09
545,0.00
678,5.06
186,4.91
639,5.09
887,0.00
436,4.96
276,5.13
652,5.08
510,5.02
61,0.00
67,5.10
549,5.05
868,0.00
925,10.02
956,9.89
803,5.17
591,5.23
84,5.28
594,5.20
490,9.83
857,5.30
40,5.31
325,5.17
225,5.31
71,5.12
953,9.78
162,5.21
84,5.13
525,5.09
710,0.00
397,0.00
653,5.05
108,5.06
595,0.00
706,4.98
464,5.02
155,5.06
185,4.99
262,4.91
421,0.00
792,9.82
406,4.88
879,4.93
945,4.82
695,4.89
346,4.98
198,4.83
215,0.00
193,4.92
708,4.80
771,0.00
96,4.86
65,4.85
680,4.76
491,0.00
349,4.71
906,9.84
917,4.73
323,0.00
794,0.00
684,4.87
669,4.86
923,4.87
837,0.00
222,4.90
78,4.88
383,0.00
46,4.95
957,4.86
952,9.90
754,4.95
282,4.95
236,4.87
394,0.00
255,4.85
966,25.02
824,15.00
662,4.90
236,5.00
540,4.81
133,0.00
440,4.96
3,5.06
714,0.00
876,4.93
407,0.00
656,4.86
228,4.92
961,14.87
140,4.93
141,4.95
309,9.91
186,4.85
783,9.97
843,4.71
281,0.00
255,4.80
932,4.81
272,4.87
719,0.00
400,4.82
335,4.88
538,10.10
40,4.95
992,0.00
281,4.82
652,0.00
131,4.90
800,0.00
185,5.01
758,4.90
982,0.00
247,5.01
233,4.99
337,4.99
266,4.98
263,4.98
958,5.09
908,5.12
880,5.15
493,4.91
770,4.96
459,0.00
918,9.82
91,4.96
792,4.91
548,4.95
614,5.05
408,5.05
981,14.79
60,5.05
119,4.96
828,9.73
286,5.06
354,0.00
60,5.07
177,4.93
370,0.00
662,4.92
357,4.91
789,9.85
298,4.97
661,4.91
545,0.00
522,0.00
401,4.93
423,0.00
908,4.91
302,4.95
115,4.76
22,4.76
541,4.80
759,4.85
523,0.00
936,9.74
356,5.00
28,4.95
762,9.76
369,4.83
750,4.72
390,4.81
892,9.79
942,4.94
779,0.00
441,4.91
236,4.97
748,0.00
654,4.97
95,5.07
73,5.10
857,0.00
675,10.03
939,5.20
236,5.20
551,5.15
659,5.15
960,0.00
981,0.00
7,5.20
183,5.23
826,10.06
697,5.14
268,5.21
661,10.12
629,5.01
350,5.04
313,5.01
518,4.97
181,5.02
886,5.02
223,5.03
94,5.04
708,10.02
248,5.02
556,0.00
576,10.17
688,5.22
443,15.06
837,5.16
721,10.32
717,5.28
127,5.23
455,0.00
447,10.24
731,10.29
827,5.45
521,0.00
125,5.29
798,5.29
167,5.33
117,5.42
853,0.00
714,5.42
265,5.36
669,5.37
140,5.30
414,5.29
685,0.00
682,0.00
118,5.39
918,0.00
849,5.33
630,5.40
309,5.43
9,5.37
418,0.00
105,5.39
922,5.43
773,5.46
167,5.44
681,0.00
129,5.36
977,5.37
927,10.18
448,5.44
298,5.43
132,5.40
506,5.42
709,5.42
24,0.00
869,0.00
603,10.33
849,5.39
844,0.00
18,5.39
558,0.00
875,10.38
167,5.20
365,0.00
239,0.00
613,0.00
474,5.01
359,5.03
645,5.16
759,5.17
702,5.09
280,5.18
173,0.00
215,5.10
311,5.11
306,5.10
341,0.00
445,5.23
110,10.28
527,5.27
890,5.37
91,5.19
637,5.23
317,5.20
697,5.14
87,5.17
899,0.00
808,5.11
17,5.21
632,5.27
686,0.00
231,5.18
853,5.09
365,5.07
418,10.40
695,5.12
131,5.04
107,5.06
863,0.00
913,5.00
737,5.11
705,5.09
743,5.18
580,0.00
183,5.08
260,4.99
937,0.00
28,5.11
708,0.00
956,5.10
684,5.21
284,5.12
60,5.24
538,0.00
522,5.18
255,5.13
496,0.00
314,5.20
445,0.00
737,10.59
878,5.17
582,0.00
720,5.17
983,0.00
231,5.28
284,0.00
611,10.79
982,10.71
109,5.36
368,5.41
434,0.00
889,0.00
277,5.47
631,10.72
179,5.46
673,5.44
774,5.51
584,5.52
101,5.36
844,5.39
282,5.40
243,5.27
430,0.00
725,5.32
539,10.58
789,5.43
631,5.28
359,0.00
897,0.00
681,5.38
693,5.25
406,0.00
844,5.26
323,5.34
354,5.30
100,5.25
840,5.27
795,10.47
982,5.32
925,5.44
171,5.31
773,5.36
674,5.47
173,5.56
162,5.57
311,5.58
742,0.00
622,5.50
659,0.00
578,5.42
395,5.51
81,5.54
548,0.00
155,5.44
318,0.00
750,5.52
247,5.64
846,5.48
90,5.57
891,5.48
910,5.49
713,5.50
42,5.48
175,5.48
364,0.00
543,5.36
763,0.00
912,0.00
565,5.37
737,5.44
895,0.00
326,5.42
408,0.00
375,5.42
252,5.43
409,0.00
192,5.43
44,5.33
499,0.00
733,5.38
182,5.39
299,5.34
315,5.23
84,0.00
587,0.00
321,5.34
338,10.68
221,5.24
195,5.24
48,5.19
349,5.12
478,0.00
877,5.08
352,5.09
320,5.23
34,5.05
702,0.00
862,5.06
313,5.09
70,5.05
652,5.12
178,5.13
998,5.10
516,0.00
479,5.09
312,5.12
677,10.59
283,5.19
323,5.20
464,10.43
782,4.99
857,5.07
834,5.07
504,5.12
776,5.20
480,0.00
912,10.40
279,5.21
5,5.05
592,5.06
981,10.43
134,5.09
79,5.07
948,5.05
241,5.12
585,0.00
425,5.00
584,4.89
438,4.97
461,4.89
8,4.97
444,4.88
131,0.00
191,0.00
377,4.81
856,0.00
397,4.85
296,4.82
930,4.82
136,0.00
370,4.95
422,4.84
639,4.89
667,4.91
186,4.85
608,0.00
836,4.88
757,4.82
30,4.84
33,4.91
16,4.92
51,4.87
30,4.87
392,4.70
653,0.00
944,15.23
467,4.75
141,4.76
409,4.66
18,4.74
714,4.62
189,4.63
789,4.64
677,0.00
822,4.78
571,4.77
276,4.69
901,0.00
80,4.65
83,4.67
712,0.00
289,4.66
327,4.65
459,0.00
667,15.08
489,0.00
800,0.00
691,9.75
347,4.56
451,0.00
784,0.00
631,4.71
547,0.00
830,4.68
224,4.71
332,4.69
589,0.00
526,4.80
421,4.76
588,0.00
910,4.94
318,0.00
530,0.00
299,4.88
423,0.00
937,0.00
284,4.79
287,4.81
951,4.88
824,4.87
564,4.90
199,4.81
392,4.95
927,4.89
498,4.86
33,4.95
44,4.88
303,0.00
629,4.83
66,4.83
415,0.00
802,4.83
54,4.93
448,0.00
636,4.87
310,4.87
340,4.97
574,4.75
250,4.83
568,0.00
445,4.87
153,4.85
741,0.00
278,9.64
401,4.81
298,4.74
50,4.68
32,0.00
743,4.67
356,4.76
509,4.82
7,4.82
345,4.88
489,14.78
197,4.80
294,4.79
651,4.83
713,4.87
709,0.00
737,0.00
178,4.77
87,4.81
687,0.00
915,4.73
430,0.00
811,4.72
130,4.79
621,4.66
958,0.00
616,4.74
506,4.79
141,4.89
254,4.83
921,9.40
148,4.94
271,4.77
526,0.00
972,14.70
454,4.82
693,4.91
134,4.79
545,0.00
999,4.78
330,4.78
160,4.70
4,4.77
555,0.00
912,4.57
280,4.63
695,0.00
663,4.57
143,4.62
810,0.00
832,14.71
525,4.68
394,9.46
529,0.00
939,9.62
13,4.73
697,0.00
223,4.65
337,4.68
149,4.74
462,0.00
20,4.61
462,4.58
212,4.59
397,4.56
367,4.56
409,4.66
826,0.00
956,4.69
76,4.72
380,0.00
226,4.63
86,4.69
808,9.39
213,4.62
922,0.00
250,4.65
692,4.55
537,4.70
13,4.71
597,0.00
616,4.67
654,0.00
731,0.00
540,4.77
111,4.80
604,4.82
426,0.00
703,4.78
102,0.00
730,9.48
977,4.71
664,0.00
263,4.88
971,4.84
634,9.57
763,14.29
151,4.98
284,0.00
712,9.70
122,5.07
259,0.00
692,0.00
846,5.02
66,4.96
400,4.98
659,4.87
261,4.96
881,9.81
480,4.88
442,4.93
892,5.09
844,9.83
794,4.98
289,4.99
945,4.94
519,0.00
731,4.96
723,5.09
346,4.95
696,5.00
750,5.07
13,5.13
855,0.00
582,5.04
897,0.00
512,5.12
892,5.15
639,9.90
927,5.22
110,5.17
564,5.12
650,5.12
418,0.00
606,5.07
33,5.09
164,5.01
579,5.02
395,5.11
98,5.17
125,5.17
251,5.06
713,9.61
319,5.15
66,5.01
251,5.02
419,0.00
922,4.93
234,5.11
236,5.06
45,5.09
754,0.00
564,9.70
917,5.09
597,5.13
574,5.22
279,5.02
38,4.96
973,5.04
188,0.00
439,0.00
670,4.90
660,4.95
125,5.07
589,0.00
680,5.07
352,5.08
230,5.17
813,0.00
833,5.14
192,5.17
466,0.00
958,5.11
183,5.22
987,0.00
451,0.00
196,5.06
789,14.80
77,5.02
383,0.00
757,5.00
750,0.00
778,0.00
893,5.02
569,5.05
30,5.16
915,0.00
210,5.13
599,0.00
204,10.18
247,5.13
690,0.00
399,5.13
330,10.05
945,5.14
197,5.07
342,5.08
577,0.00
481,5.04
978,5.04
799,4.95
73,4.97
759,4.91
524,4.99
391,5.02
837,0.00
385,4.91
958,0.00
809,5.00
651,4.94
58,4.80
762,4.88
292,4.99
819,0.00
480,5.03
713,5.04
108,5.12
856,0.00
454,0.00
412,0.00
872,0.00
771,5.21
12,5.24
709,5.17
992,0.00
17,5.32
626,0.00
37,5.23
53,5.23
900,5.18
605,0.00
75,5.23
227,5.21
851,0.00
410,5.09
271,10.16
856,10.18
474,5.15
74,5.19
427,0.00
730,5.19
251,5.28
282,5.21
17,5.17
806,0.00
113,5.18
396,0.00
699,5.04
823,0.00
29,5.11
653,5.00
525,5.08
858,0.00
603,10.24
574,10.20
778,10.18
428,5.24
195,5.16
137,5.29
708,5.14
387,5.19
378,0.00
725,0.00
244,5.16
72,5.09
331,5.06
611,5.01
485,0.00
662,5.01
211,5.10
493,10.15
638,19.83
808,15.08
54,5.22
212,0.00
611,10.29
993,19.82
68,5.07
272,0.00
991,10.29
942,5.24
142,5.06
694,5.14
936,5.23
642,0.00
638,0.00
817,5.15
229,5.04
159,5.06
804,10.08
18,5.13
331,0.00
24,5.16
58,5.06
267,5.08
840,0.00
679,0.00
106,5.00
718,0.00
941,4.95
44,4.97
653,0.00
287,0.00
446,4.94
188,4.91
897,0.00
539,4.81
33,4.95
234,4.84
721,4.89
148,4.95
501,4.91
135,4.83
827,4.82
394,0.00
913,4.88
481,4.89
553,4.96
162,4.98
578,4.98
315,4.91
964,0.00
306,0.00
766,4.83
210,4.88
311,4.80
888,4.81
96,4.87
919,0.00
35,4.83
292,4.86
283,4.78
796,0.00
697,4.67
413,0.00
151,4.64
78,4.64
693,0.00
770,15.05
511,4.68
206,4.64
230,4.66
42,4.61
163,4.58
512,0.00
213,4.57
289,0.00
659,4.67
504,0.00
159,4.69
232,4.70
1000,0.00
940,0.00
401,0.00
782,9.83
592,4.75
583,9.74
501,4.83
841,14.96
208,4.70
872,4.77
470,0.00
582,4.70
567,9.92
751,4.87
77,4.81
904,4.72
879,4.82
439,4.79
588,4.71
501,0.00
347,4.72
507,4.81
310,4.92
551,0.00
789,9.78
135,4.90
781,0.00
255,4.98
700,4.94
208,5.02
440,0.00
46,4.95
792,4.95
541,0.00
937,15.12
534,0.00
425,4.91
362,4.85
276,4.97
897,4.98
943,5.07
219,5.08
159,5.08
185,5.14
731,10.02
712,5.13
418,4.94
174,5.08
732,4.93
643,5.01
630,5.06
620,0.00
351,5.05
791,5.15
172,5.08
767,5.03
252,5.01
255,5.01
274,0.00
309,5.00
91,5.04
997,5.04
848,0.00
733,9.74
481,0.00
700,9.91
832,0.00
299,5.13
470,5.17
485,5.22
308,0.00
985,5.21
442,0.00
584,5.18
455,0.00
55,5.22
182,5.29
594,0.00
977,9.95
86,5.28
953,0.00
477,0.00
513,0.00
559,5.27
177,5.23
882,15.20
167,5.26
295,10.00
310,5.29
133,5.24
346,5.29
469,0.00
52,5.12
573,0.00
556,5.07
558,5.10
374,0.00
74,5.01
505,4.81
327,4.87
772,4.74
577,0.00
380,0.00
563,4.78
53,4.70
34,4.75
880,4.72
773,4.72
103,4.79
148,4.77
564,4.73
61,4.83
794,4.74
692,0.00
46,4.79
863,0.00
5,4.72
130,4.74
102,4.64
980,0.00
695,0.00
325,0.00
591,0.00
627,14.59
870,9.74
59,4.78
241,4.80
934,4.77
118,4.64
537,0.00
742,4.65
705,4.65
908,0.00
665,4.78
538,4.82
769,4.95
871,9.97
461,0.00
902,4.91
35,5.03
61,5.06
818,0.00
455,5.14
562,5.03
658,4.93
963,14.76
349,4.89
448,0.00
271,4.94
41,4.89
317,4.96
243,4.90
164,4.81
6,4.74
158,4.75
113,4.66
891,0.00
494,4.72
166,4.69
636,0.00
333,4.65
25,4.70
684,0.00
573,0.00
118,4.51
803,9.73
956,4.60
628,4.56
970,4.63
65,4.67
845,0.00
78,4.68
624,9.78
989,9.88
590,4.86
792,4.83
778,4.94
275,4.98
79,4.83
316,5.01
320,4.87
864,0.00
691,0.00
862,4.85
180,4.90
596,0.00
354,4.87
407,4.87
173,0.00
746,9.72
377,4.82
640,0.00
706,4.84
504,4.90
975,9.58
262,5.01
239,5.07
430,5.07
217,0.00
823,0.00
942,0.00
366,0.00
977,9.80
473,5.08
582,0.00
629,5.04
206,4.99
818,0.00
275,4.91
397,0.00
686,4.86
892,9.91
308,4.90
659,0.00
135,4.87
655,4.84
20,4.92
228,4.75
693,4.78
788,4.76
22,4.77
264,4.82
933,0.00
672,4.78
317,4.78
684,0.00
537,4.89
419,0.00
862,4.83
348,0.00
809,4.99
180,5.05
277,5.16
514,5.07
630,0.00
910,24.87
786,19.96
499,5.27
132,5.28
391,5.36
684,5.35
437,5.36
518,5.46
327,5.28
947,9.83
243,5.31
155,5.35
586,0.00
849,5.29
240,5.26
20,5.17
888,0.00
318,10.05
806,5.21
133,5.17
856,5.25
994,5.32
992,5.20
359,0.00
815,5.14
323,5.17
704,0.00
523,5.22
503,5.27
707,0.00
291,5.39
981,0.00
466,5.25
239,5.32
949,0.00
945,5.29
141,5.22
146,5.14
480,0.00
362,0.00
607,5.18
858,0.00
837,5.29
477,5.30
67,5.32
809,5.25
52,5.33
877,10.23
456,5.19
490,5.14
275,5.17
343,5.18
298,5.11
90,5.05
49,5.09
808,0.00
306,5.11
322,5.04
402,0.00
124,5.04
595,5.06
406,5.10
914,0.00
809,9.96
657,5.26
116,5.17
443,5.11
938,9.94
795,5.15
663,5.20
304,5.21
432,5.19
28,0.00
744,5.19
310,5.21
308,5.12
220,4.96
912,0.00
168,4.96
690,0.00
278,10.20
537,4.94
174,4.83
395,4.91
196,4.93
717,0.00
661,10.37
481,0.00
507,10.34
130,5.00
907,0.00
649,10.48
556,5.14
433,5.20
722,5.03
798,0.00
995,10.60
527,0.00
436,5.34
398,0.00
580,5.33
429,5.35
684,0.00
93,5.30
823,5.23
963,5.23
122,10.45
605,5.32
382,0.00
414,5.23
676,0.00
240,5.21
709,5.15
43,5.18
701,5.15
719,10.38
103,5.23
273,0.00
360,5.23
752,5.12
445,0.00
760,5.12
4,5.21
458,5.15
446,5.15
351,5.20
862,0.00
433,0.00
795,5.12
514,0.00
703,5.12
96,5.17
525,0.00
548,0.00
341,5.28
321,5.28
536,5.33
950,10.49
702,5.20
517,5.35
421,5.39
579,5.35
157,5.44
898,5.30
839,5.39
57,5.40
430,0.00
492,5.32
956,5.43
69,5.58
31,5.47
440,0.00
974,0.00
279,5.44
998,0.00
465,5.49
798,5.58
256,5.54
82,5.52
42,5.47
217,5.47
578,0.00
957,5.51
253,5.57
207,5.46
225,0.00
337,0.00
455,5.58
925,0.00
181,5.51
419,5.39
870,0.00
169,5.40
612,0.00
705,5.45
30,5.45
929,0.00
263,5.43
326,5.35
886,5.29
91,5.10
680,10.37
125,5.15
126,5.08
747,0.00
233,5.10
656,5.08
493,0.00
323,5.09
125,5.13
700,0.00
115,5.00
540,4.99
543,10.40
697,15.53
870,10.31
373,0.00
246,5.08
503,0.00
988,10.24
472,5.23
891,5.13
795,5.16
618,5.24
407,0.00
385,5.15
406,5.17
16,5.02
193,5.06
69,4.98
884,0.00
158,4.95
291,4.92
658,0.00
124,4.82
774,0.00
314,4.88
524,4.82
475,0.00
478,4.71
53,4.77
736,0.00
74,4.86
80,4.77
621,0.00
926,4.81
166,4.70
251,4.62
386,4.60
18,4.60
980,4.66
958,4.75
81,4.60
364,4.67
764,0.00
578,0.00
135,4.56
725,4.56
625,0.00
191,4.69
894,0.00
724,4.61
681,4.62
163,4.63
559,0.00
588,10.21
810,4.81
314,4.68
627,10.15
515,4.80
881,0.00
35,4.61
534,0.00
925,4.66
703,10.06
686,10.12
531,4.78
578,4.78
412,0.00
74,4.65
495,4.60
723,4.60
955,4.70
548,4.77
455,9.73
653,9.70
696,4.71
288,4.64
794,0.00
901,4.63
885,4.63
333,4.75
804,4.68
216,4.69
882,4.68
340,4.75
740,4.61
280,4.79
241,4.77
431,0.00
754,10.03
848,4.83
977,4.92
30,4.94
948,0.00
562,5.03
48,5.05
534,0.00
814,5.07
867,0.00
700,5.12
727,0.00
952,15.50
148,5.20
707,0.00
819,5.11
701,5.24
534,5.31
647,0.00
158,5.21
614,0.00
98,5.19
546,0.00
375,5.16
126,5.17
717,5.02
564,4.97
958,9.64
32,5.09
156,4.96
541,9.64
549,5.07
985,15.17
52,5.12
612,5.04
916,0.00
732,9.63
86,5.09
442,0.00
895,9.70
384,5.11
241,5.12
30,0.00
596,5.09
897,5.14
541,0.00
669,5.05
214,5.07
422,0.00
943,5.05
452,5.14
408,9.78
401,5.09
586,5.13
156,5.19
96,5.08
207,5.08
401,0.00
660,9.85
303,5.15
689,5.21
692,5.22
299,5.12
248,5.21
237,5.08
699,5.08
910,9.79
120,5.16
920,0.00
154,5.19
943,0.00
342,0.00
185,5.17
321,5.10
354,5.24
18,5.07
758,5.07
202,0.00
286,5.11
192,5.10
82,4.93
498,0.00
891,0.00
894,4.81
27,4.78
269,4.94
513,4.85
672,0.00
208,4.85
412,4.85
35,4.87
793,0.00
927,10.07
778,4.83
111,4.76
315,4.85
704,0.00
971,10.09
737,4.92
61,4.92
832,0.00
247,4.94
875,0.00
584,4.97
796,0.00
662,5.08
96,5.12
491,0.00
774,5.18
865,5.15
384,0.00
451,5.28
691,5.29
429,0.00
285,0.00
461,5.21
607,5.22
479,5.20
718,0.00
626,10.19
527,5.27
195,5.13
344,5.13
47,5.15
586,5.09
562,5.13
295,5.08
744,5.07
629,0.00
663,5.12
384,5.09
701,0.00
775,5.17
11,5.20
674,10.28
917,14.88
48,5.23
384,5.17
489,0.00
795,5.15
299,5.33
697,0.00
707,5.21
330,5.23
829,10.40
217,10.28
369,10.36
242,5.28
345,5.17
704,0.00
701,5.18
55,5.19
811,5.09
254,5.16
272,5.25
290,5.14
90,5.16
512,5.02
204,0.00
697,5.02
639,5.17
198,5.12
191,5.11
388,5.18
137,5.24
145,5.17
993,5.00
105,5.09
867,0.00
951,0.00
356,5.04
761,4.99
245,5.04
797,5.01
567,5.02
913,0.00
403,5.04
449,0.00
847,5.01
287,5.05
999,4.98
146,5.08
14,5.05
153,4.94
22,4.85
433,0.00
971,4.79
139,4.84
873,0.00
496,4.77
584,4.82
867,10.15
147,4.86
409,0.00
547,4.83
533,4.90
844,4.98
65,4.98
985,10.24
66,5.09
366,4.97
432,0.00
497,4.96
353,5.02
77,4.92
103,0.00
800,4.96
719,5.08
527,0.00
904,10.14
784,5.08
55,4.94
969,4.98
516,5.00
575,0.00
370,0.00
251,5.01
970,5.04
482,5.05
698,5.09
343,4.98
264,4.92
785,0.00
657,10.15
979,4.96
621,0.00
674,10.24
599,10.32
616,5.19
510,10.45
174,5.14
387,0.00
820,0.00
733,5.18
493,0.00
43,5.11
598,5.14
845,5.18
568,5.28
784,5.29
213,5.16
984,10.33
213,5.23
600,5.24
487,0.00
264,5.21
984,0.00
86,5.25
786,5.28
656,5.31
410,5.24
63,5.31
148,5.23
578,0.00
360,5.14
700,0.00
419,0.00
721,4.99
257,5.05
855,5.10
335,5.17
234,5.13
333,5.19
815,5.15
808,5.25
77,5.16
585,0.00
510,5.20
638,5.13
744,5.16
127,5.12
56,5.07
295,4.98
330,0.00
941,9.94
57,5.00
207,4.91
83,4.97
521,0.00
211,5.04
708,4.98
56,5.04
749,0.00
828,4.98
836,4.98
249,5.15
120,5.00
288,10.07
782,4.98
577,0.00
7,4.99
739,4.98
521,4.86
22,4.88
788,4.92
863,4.88
474,4.92
477,4.78
780,4.89
971,5.00
327,0.00
472,4.95
326,4.92
690,0.00
611,0.00
709,4.93
908,4.84
697,4.99
822,0.00
511,4.87
161,4.91
178,4.95
809,0.00
98,4.95
231,4.85
411,4.89
666,4.91
960,10.04
91,4.89
339,10.12
481,4.94
521,4.86
525,0.00
162,4.87
976,0.00
747,10.13
710,0.00
985,0.00
848,10.30
427,5.09
472,5.10
417,0.00
929,5.05
192,5.10
687,0.00
982,5.14
899,0.00
139,5.19
994,0.00
105,5.26
354,0.00
581,5.16
60,0.00
532,0.00
866,5.18
725,0.00
498,6.08
838,6.40
214,6.41
284,6.74
898,7.09
679,7.74
139,8.13
269,10.82
352,10.77
924,0.00
868,11.02
81,11.15
816,0.00
422,11.16
267,11.22
477,11.22
472,16.31
776,11.24
575,16.40
501,11.52
657,11.53
937,11.72
342,11.86
862,0.00
601,16.82
938,11.90
394,0.00
651,11.88
388,11.99
718,17.05
613,12.10
783,12.14
116,12.30
743,17.03
821,12.35
315,12.37
151,12.40
159,12.55
646,12.43
629,0.00
184,12.59
585,12.67
476,12.68
173,12.69
764,12.67
816,12.78
861,17.73
98,13.02
279,12.96
811,13.10
449,0.00
807,13.42
12,13.54
266,0.00
973,13.49
487,18.57
305,13.72
838,13.78
619,13.70
44,14.04
598,13.96
524,14.25
497,14.24
383,14.28
792,14.31
364,14.45
82,14.38
643,14.42
162,14.44
92,14.60
